epoch time fwd_time bwd_time loss acc val_loss val_acc
0 7.3244 3.7813 3.1634 0.572232 0.708386 0.554432 0.823299
1 7.3713 3.8092 3.1890 0.514131 0.824122 0.475843 0.823299
2 7.3422 3.8005 3.1713 0.513325 0.824122 0.467494 0.823299
3 7.2842 3.7555 3.1579 0.514623 0.824122 0.466882 0.823299
4 7.2885 3.7471 3.1655 0.514692 0.824122 0.466668 0.823299
5 7.4144 3.8434 3.1881 0.514262 0.824122 0.466366 0.823299
6 7.2979 3.7766 3.1540 0.513458 0.824122 0.465875 0.823299
7 7.3102 3.7903 3.1508 0.512296 0.824122 0.465146 0.823299
8 7.2858 3.7871 3.1309 0.510548 0.824122 0.464020 0.823299
9 7.2988 3.7915 3.1371 0.508098 0.824122 0.462235 0.823299
10 7.3719 3.8113 3.1948 0.502712 0.824122 0.457403 0.823299
11 7.3304 3.8012 3.1610 0.414796 0.824122 0.389288 0.823299
12 7.3448 3.7901 3.1452 0.381585 0.824531 0.362051 0.827302
13 7.2144 3.7064 3.1393 0.347385 0.840845 0.327799 0.855164
14 7.3584 3.8016 3.1982 0.327866 0.871294 0.307505 0.879584
15 7.3097 3.7662 3.1655 0.319761 0.886363 0.290738 0.883427
16 7.2498 3.6962 3.1279 0.307701 0.889351 0.280849 0.884307
17 7.2810 3.7685 3.1484 0.296867 0.890615 0.273813 0.885749
18 7.3004 3.7554 3.1760 0.288703 0.891042 0.268604 0.886869
19 7.3690 3.8276 3.1655 0.282732 0.891638 0.264602 0.887990
20 7.3611 3.8426 3.1489 0.278160 0.892002 0.261398 0.887270
21 7.3234 3.8035 3.1523 0.274490 0.892741 0.258684 0.887350
22 7.3028 3.7779 3.1576 0.271402 0.893052 0.256278 0.887750
23 7.2977 3.7818 3.1470 0.268710 0.893541 0.254100 0.887830
24 7.3740 3.8423 3.1608 0.266307 0.894093 0.252099 0.888471
25 7.2970 3.7596 3.1557 0.264127 0.894742 0.250239 0.889191
26 7.3015 3.7847 3.1506 0.262127 0.895258 0.248495 0.889512
27 7.2731 3.7572 3.1484 0.260278 0.895756 0.246848 0.890552
28 7.3743 3.8178 3.1856 0.258559 0.896459 0.245284 0.891513
29 7.2935 3.7588 3.1600 0.256947 0.896957 0.243787 0.891833
30 7.3173 3.7691 3.1680 0.255425 0.897571 0.242347 0.892554
31 7.3538 3.7928 3.1818 0.253975 0.898238 0.240955 0.892954
32 7.3694 3.8392 3.1543 0.252584 0.898780 0.239602 0.893915
33 7.2789 3.7500 3.1619 0.251242 0.899403 0.238285 0.894476
34 7.3433 3.7982 3.1657 0.249939 0.900115 0.236997 0.895116
35 7.3717 3.8281 3.1669 0.248667 0.900746 0.235735 0.895356
36 7.4222 3.8309 3.2106 0.247422 0.901236 0.234497 0.896077
37 7.2522 3.7334 3.1477 0.246197 0.901867 0.233280 0.896237
38 7.1922 3.6932 3.1331 0.244988 0.902401 0.232081 0.896637
39 7.2130 3.6881 3.1499 0.243792 0.902908 0.230899 0.897358
40 7.3320 3.8043 3.1559 0.242607 0.903273 0.229730 0.898399
41 7.3260 3.7764 3.1302 0.241429 0.903824 0.228574 0.898799
42 7.3023 3.7814 3.1471 0.240257 0.904198 0.227429 0.899600
43 7.2827 3.7579 3.1581 0.239089 0.904776 0.226292 0.900641
44 7.3272 3.8065 3.1441 0.237922 0.905372 0.225163 0.901361
45 7.3520 3.8316 3.1500 0.236756 0.905852 0.224041 0.901681
46 7.3589 3.7841 3.2042 0.235588 0.906306 0.222923 0.902162
47 7.3047 3.7874 3.1410 0.234418 0.906804 0.221809 0.902722
48 7.2690 3.7435 3.1613 0.233245 0.907213 0.220698 0.903523
49 7.4242 3.8370 3.2092 0.232066 0.907827 0.219589 0.904243
