epoch time fwd_time bwd_time loss acc val_loss val_acc
0 7.3760 3.7844 3.2224 0.587988 0.757247 0.570237 0.823299
1 7.4371 3.8908 3.1699 0.529731 0.824122 0.501160 0.823299
2 7.3144 3.7874 3.1572 0.513029 0.824122 0.474933 0.823299
3 7.3586 3.8182 3.1750 0.511835 0.824122 0.468332 0.823299
4 7.2987 3.7732 3.1594 0.513134 0.824122 0.467013 0.823299
5 7.2917 3.7748 3.1460 0.513988 0.824122 0.466778 0.823299
6 7.3273 3.8190 3.1352 0.514298 0.824122 0.466711 0.823299
7 7.4023 3.8573 3.1702 0.514334 0.824122 0.466655 0.823299
8 7.2135 3.7400 3.1084 0.514251 0.824122 0.466582 0.823299
9 7.3949 3.8381 3.1789 0.514067 0.824122 0.466465 0.823299
10 7.2515 3.7438 3.1484 0.513665 0.824122 0.466236 0.823299
11 7.3422 3.7974 3.1740 0.512935 0.824122 0.465840 0.823299
12 7.2635 3.7308 3.1510 0.512412 0.824122 0.465473 0.823299
13 7.3792 3.8268 3.1799 0.512124 0.824122 0.465172 0.823299
14 7.3558 3.8148 3.1634 0.511807 0.824122 0.464859 0.823299
15 7.3817 3.8306 3.1734 0.511407 0.824122 0.464496 0.823299
16 7.3125 3.7941 3.1460 0.510912 0.824122 0.464062 0.823299
17 7.3299 3.7947 3.1681 0.510306 0.824122 0.463536 0.823299
18 7.1802 3.6650 3.1483 0.509567 0.824122 0.462890 0.823299
19 7.4311 3.8737 3.1772 0.508666 0.824122 0.462095 0.823299
20 7.3069 3.7619 3.1449 0.507582 0.824122 0.461116 0.823299
21 7.3089 3.7638 3.1671 0.506265 0.824122 0.459895 0.823299
22 7.2911 3.7936 3.1305 0.504557 0.824122 0.458296 0.823299
23 7.2970 3.7536 3.1663 0.501781 0.824122 0.455741 0.823299
24 7.3657 3.7993 3.1479 0.368216 0.833542 0.337560 0.888631
25 7.3337 3.7995 3.1663 0.301898 0.896601 0.282074 0.894235
26 7.3713 3.8211 3.1764 0.283546 0.900684 0.266119 0.895677
27 7.3320 3.7720 3.1846 0.271230 0.901645 0.255232 0.897518
28 7.3696 3.8234 3.1793 0.262240 0.902748 0.248032 0.898959
29 7.2229 3.6991 3.1566 0.255305 0.903299 0.242813 0.900320
30 7.3340 3.7808 3.1735 0.249938 0.903860 0.238877 0.900881
31 7.3647 3.8098 3.1739 0.245772 0.904287 0.235806 0.900961
32 7.3859 3.8382 3.1675 0.242463 0.904580 0.233324 0.901441
33 7.2418 3.7266 3.1477 0.239702 0.904989 0.231235 0.901281
34 7.3239 3.7861 3.1660 0.237299 0.905434 0.229390 0.901761
35 7.3520 3.8080 3.1774 0.235152 0.905683 0.227694 0.901922
36 7.3455 3.8036 3.1736 0.233190 0.906235 0.226092 0.902322
37 7.3384 3.7723 3.1907 0.231351 0.906742 0.224549 0.903843
38 7.3474 3.8007 3.1740 0.229582 0.907249 0.223043 0.904404
39 7.3667 3.8089 3.1722 0.227836 0.907782 0.221550 0.904964
40 7.2915 3.7780 3.1414 0.226071 0.908387 0.220050 0.905124
41 7.3315 3.7713 3.1882 0.224245 0.908752 0.218517 0.905284
42 7.3490 3.8033 3.1653 0.222325 0.909464 0.216915 0.905524
43 7.2955 3.7768 3.1396 0.220287 0.910229 0.215196 0.906005
44 7.3761 3.8400 3.1681 0.218153 0.910789 0.213296 0.907206
45 7.2279 3.7200 3.1434 0.216053 0.911714 0.211157 0.908967
46 7.2797 3.7490 3.1593 0.214201 0.912782 0.208825 0.910328
47 7.3515 3.7928 3.1873 0.212584 0.913858 0.206526 0.911849
48 7.3660 3.7954 3.1947 0.210988 0.915023 0.204447 0.912970
49 7.3423 3.7905 3.1383 0.209345 0.916144 0.202578 0.914171
