epoch time fwd_time bwd_time loss acc val_loss val_acc
0 7.3365 3.7846 3.1458 0.717854 0.185387 0.710744 0.176701
1 7.2781 3.7588 3.1484 0.561284 0.773072 0.540929 0.823299
2 7.3484 3.8053 3.1752 0.521858 0.824122 0.490219 0.823299
3 7.4013 3.8168 3.2186 0.512588 0.824122 0.474019 0.823299
4 7.2810 3.7939 3.1216 0.511671 0.824122 0.468881 0.823299
5 7.3323 3.7858 3.1789 0.512608 0.824122 0.467365 0.823299
6 7.3245 3.7985 3.1613 0.513537 0.824122 0.466960 0.823299
7 7.2325 3.7075 3.1592 0.514105 0.824122 0.466860 0.823299
8 7.3367 3.8090 3.1611 0.514378 0.824122 0.466831 0.823299
9 7.3167 3.7903 3.1661 0.514479 0.824122 0.466815 0.823299
10 7.3384 3.8010 3.1728 0.514495 0.824122 0.466800 0.823299
11 7.3397 3.8135 3.1608 0.514476 0.824122 0.466785 0.823299
12 7.3881 3.8644 3.1633 0.514442 0.824122 0.466769 0.823299
13 7.2543 3.7478 3.1455 0.514401 0.824122 0.466751 0.823299
14 7.3875 3.8667 3.1493 0.514356 0.824122 0.466732 0.823299
15 7.3141 3.7867 3.1651 0.514306 0.824122 0.466709 0.823299
16 7.3008 3.7629 3.1682 0.514246 0.824122 0.466681 0.823299
17 7.2409 3.7449 3.1332 0.514170 0.824122 0.466642 0.823299
18 7.3159 3.7967 3.1599 0.514057 0.824122 0.466582 0.823299
19 7.2755 3.7418 3.1607 0.513840 0.824122 0.466464 0.823299
20 7.3294 3.7869 3.1838 0.513124 0.824122 0.466082 0.823299
21 7.1591 3.6542 3.1444 0.500697 0.824122 0.460238 0.823299
22 7.3431 3.8043 3.1756 0.434977 0.824122 0.401929 0.823299
23 7.2363 3.7270 3.1457 0.418587 0.823864 0.386876 0.822258
24 7.2481 3.7188 3.1644 0.410664 0.823162 0.381181 0.822338
25 7.3567 3.8073 3.1503 0.403789 0.822841 0.376520 0.822258
26 7.3841 3.8395 3.1754 0.400107 0.822930 0.372304 0.821537
27 7.3146 3.7913 3.1568 0.396871 0.823206 0.369084 0.821457
28 7.2896 3.7486 3.1742 0.393390 0.823420 0.366564 0.821938
29 7.3482 3.8060 3.1756 0.384751 0.824469 0.356413 0.825861
30 7.3075 3.7785 3.1647 0.329469 0.846227 0.307575 0.857406
31 7.3306 3.7967 3.1714 0.326211 0.870591 0.289439 0.866453
32 7.2410 3.7125 3.1666 0.309436 0.880643 0.280597 0.870937
33 7.3980 3.8586 3.1758 0.296180 0.885429 0.270224 0.879824
34 7.3242 3.7994 3.1601 0.288330 0.889076 0.263400 0.885028
35 7.3874 3.8169 3.2055 0.283378 0.891904 0.259141 0.887750
36 7.4234 3.8530 3.1942 0.278873 0.894128 0.255192 0.890312
37 7.3809 3.8570 3.1673 0.274688 0.895747 0.251516 0.891433
38 7.2790 3.7724 3.1512 0.270882 0.897366 0.248249 0.893515
39 7.3829 3.8284 3.1816 0.267432 0.898140 0.245400 0.894876
40 7.3361 3.8005 3.1642 0.264264 0.898709 0.242849 0.894796
41 7.3720 3.8331 3.1799 0.261355 0.899323 0.240526 0.895997
42 7.3263 3.7550 3.2013 0.258710 0.900026 0.238407 0.896717
43 7.3311 3.7698 3.1910 0.256329 0.900675 0.236474 0.896557
44 7.3388 3.8188 3.1619 0.254187 0.901396 0.234706 0.897038
45 7.3523 3.8235 3.1537 0.252247 0.901929 0.233091 0.897998
46 7.3021 3.7703 3.1539 0.250436 0.902712 0.231612 0.898639
47 7.3113 3.7875 3.1556 0.248701 0.902997 0.230245 0.898959
48 7.3661 3.8224 3.1744 0.247065 0.903619 0.228966 0.900000
49 7.3949 3.8420 3.1827 0.245540 0.903922 0.227753 0.900641
