epoch time fwd_time bwd_time loss acc val_loss val_acc
0 7.3639 3.7738 3.1892 0.515788 0.824122 0.466700 0.823299
1 7.3527 3.7516 3.1959 0.513123 0.824122 0.465483 0.823299
2 7.3716 3.8182 3.1616 0.508627 0.824122 0.460907 0.823299
3 7.3585 3.8046 3.1610 0.392735 0.824078 0.365348 0.823299
4 7.3282 3.7793 3.1542 0.325958 0.828837 0.309617 0.858607
5 7.2519 3.7055 3.1495 0.268369 0.877263 0.246248 0.890793
6 7.2977 3.7531 3.1411 0.257343 0.896325 0.237745 0.897758
7 7.3196 3.7669 3.1579 0.249425 0.900960 0.232226 0.902162
8 7.3757 3.7922 3.1901 0.244239 0.903691 0.226861 0.903122
9 7.3526 3.7923 3.1605 0.240046 0.905247 0.223153 0.904323
10 7.3360 3.7768 3.1673 0.236347 0.906644 0.220001 0.905284
11 7.4055 3.8095 3.1693 0.232976 0.907774 0.217108 0.906405
12 7.2962 3.7683 3.1388 0.229802 0.908743 0.214292 0.907686
13 7.3059 3.7593 3.1584 0.226603 0.910264 0.211325 0.909207
14 7.2473 3.7128 3.1423 0.223053 0.911679 0.207782 0.910168
15 7.3544 3.7878 3.1288 0.219060 0.913262 0.203142 0.912570
16 7.2966 3.7419 3.1621 0.214995 0.915139 0.197792 0.914492
17 7.3289 3.7917 3.1464 0.210800 0.917069 0.192403 0.915612
18 7.3316 3.7803 3.1640 0.206010 0.919186 0.187353 0.917854
19 7.3160 3.7823 3.1450 0.200330 0.921312 0.182058 0.920977
20 7.3317 3.7940 3.1431 0.193802 0.923669 0.176360 0.923299
21 7.3616 3.7969 3.1699 0.186840 0.925822 0.171068 0.925300
22 7.2874 3.7381 3.1580 0.180654 0.928259 0.166613 0.927062
23 7.4035 3.8384 3.1638 0.174488 0.930145 0.162241 0.929464
24 7.2989 3.7595 3.1402 0.168688 0.931818 0.158735 0.931305
25 7.4179 3.8315 3.1910 0.163753 0.933392 0.155538 0.933307
26 7.3412 3.7620 3.1657 0.159442 0.934913 0.152762 0.934988
27 7.4083 3.8168 3.1985 0.155771 0.936274 0.150687 0.936589
28 7.3465 3.7913 3.1664 0.152319 0.937181 0.149072 0.937870
29 7.3154 3.7819 3.1369 0.148877 0.938178 0.147685 0.938511
30 7.3700 3.8099 3.1684 0.145625 0.939103 0.146466 0.938511
31 7.3016 3.7567 3.1534 0.142702 0.939886 0.145250 0.938511
32 7.3184 3.7678 3.1587 0.140065 0.940571 0.143885 0.938991
33 7.3727 3.8079 3.1717 0.137625 0.941424 0.142364 0.939311
34 7.3651 3.7914 3.1718 0.135322 0.942198 0.140731 0.939952
35 7.3934 3.8098 3.1894 0.133109 0.942848 0.139010 0.941073
36 7.3204 3.7481 3.1819 0.130955 0.943373 0.137202 0.942274
37 7.3460 3.7899 3.1638 0.128844 0.943986 0.135304 0.942754
38 7.3897 3.8185 3.1747 0.126777 0.944529 0.133320 0.943395
39 7.2736 3.7123 3.1621 0.124763 0.945098 0.131266 0.944195
40 7.3329 3.7635 3.1311 0.122808 0.945623 0.129163 0.945316
41 7.3871 3.7989 3.1889 0.120923 0.946424 0.127032 0.946517
42 7.3673 3.7993 3.1631 0.119137 0.947295 0.124901 0.947478
43 7.4632 3.8374 3.2316 0.117469 0.948114 0.122811 0.948839
44 7.3508 3.8113 3.1355 0.115887 0.948816 0.120786 0.949880
45 7.3420 3.7696 3.1762 0.114376 0.949501 0.118806 0.950600
46 7.3598 3.8118 3.1539 0.112998 0.950418 0.116837 0.951561
47 7.3492 3.7760 3.1714 0.111877 0.951236 0.114859 0.953002
48 7.3519 3.8228 3.1414 0.111003 0.952010 0.112868 0.954604
49 7.3478 3.7855 3.1546 0.109890 0.953015 0.110894 0.955404
