epoch time fwd_time bwd_time loss acc val_loss val_acc
0 7.3713 3.8076 3.1593 0.515758 0.824122 0.466474 0.823299
1 7.3408 3.7932 3.1510 0.515329 0.824122 0.447244 0.823299
2 7.3808 3.7928 3.1577 0.288801 0.852534 0.274006 0.882946
3 7.3373 3.7797 3.1638 0.274831 0.889485 0.262495 0.887910
4 7.4041 3.8293 3.1763 0.269725 0.894288 0.253453 0.892074
5 7.3702 3.8123 3.1669 0.260556 0.896975 0.249357 0.893034
6 7.3152 3.7698 3.1464 0.252385 0.899803 0.240301 0.897598
7 7.3764 3.8175 3.1544 0.246375 0.901529 0.235036 0.898559
8 7.3390 3.7581 3.1801 0.241331 0.902810 0.230345 0.899760
9 7.3152 3.7757 3.1460 0.241768 0.904313 0.225310 0.900801
10 7.4196 3.8808 3.1389 0.235589 0.905665 0.220948 0.902242
11 7.3422 3.7854 3.1572 0.230675 0.906902 0.217000 0.903603
12 7.3289 3.7633 3.1659 0.227776 0.908405 0.213316 0.905604
13 7.3416 3.7994 3.1401 0.243169 0.908752 0.215885 0.905204
14 7.3557 3.7817 3.1808 0.214877 0.912319 0.205186 0.909688
15 7.3664 3.7750 3.1934 0.209549 0.911154 0.204753 0.910488
16 7.4072 3.8116 3.1934 0.208143 0.914854 0.200460 0.912410
17 7.3355 3.7641 3.1704 0.213020 0.915415 0.196078 0.915212
18 7.3828 3.8241 3.1665 0.205928 0.916313 0.199386 0.914251
19 7.2558 3.7110 3.1465 0.198440 0.919017 0.194795 0.915933
20 7.3700 3.8099 3.1622 0.208647 0.919062 0.192501 0.917934
21 7.3268 3.7749 3.1555 0.202594 0.920547 0.186354 0.920416
22 7.3121 3.7793 3.1382 0.205546 0.920779 0.183135 0.921377
23 7.3188 3.7749 3.1491 0.198998 0.922193 0.181740 0.921537
24 7.9652 4.1300 3.4275 0.197215 0.923029 0.180112 0.922658
25 8.5927 4.6198 3.5580 0.194856 0.924088 0.178222 0.923539
26 7.3287 3.7717 3.1649 0.194033 0.924675 0.174764 0.924820
27 7.3461 3.7665 3.1460 0.194138 0.925724 0.172390 0.925380
28 7.3396 3.7788 3.1667 0.176086 0.926632 0.171240 0.927142
29 7.3767 3.8132 3.1663 0.175049 0.927663 0.169202 0.927302
30 7.3493 3.7934 3.1605 0.168945 0.928615 0.164779 0.928823
31 7.4483 3.8457 3.1687 0.168904 0.929638 0.162637 0.930825
32 7.3728 3.8064 3.1704 0.169229 0.931213 0.163614 0.929303
33 7.3522 3.7912 3.1656 0.171483 0.932298 0.163253 0.929704
34 7.3672 3.7979 3.1737 0.171084 0.933597 0.164007 0.929624
35 7.4467 3.8366 3.2129 0.161029 0.934860 0.156936 0.932666
36 7.3105 3.7748 3.1503 0.156555 0.936007 0.153781 0.934508
37 7.4000 3.8182 3.1913 0.153720 0.936941 0.150402 0.936990
38 7.4259 3.8402 3.1896 0.151298 0.938222 0.147338 0.940192
39 7.3478 3.7938 3.1623 0.149008 0.939548 0.144603 0.941793
40 7.3067 3.7671 3.1421 0.146204 0.940482 0.141733 0.943074
41 7.4220 3.8449 3.1810 0.144730 0.941424 0.139485 0.942754
42 7.4069 3.8187 3.1860 0.156215 0.942065 0.136769 0.944836
43 7.4454 3.8374 3.2126 0.147338 0.944440 0.136438 0.944596
44 7.3027 3.7447 3.1627 0.145140 0.944840 0.135235 0.944436
45 7.3904 3.8055 3.1762 0.140417 0.946139 0.132011 0.946357
46 7.3458 3.7695 3.1720 0.138889 0.946966 0.131424 0.946918
47 7.3950 3.8245 3.1664 0.134977 0.948238 0.127416 0.948599
48 7.3160 3.7724 3.1472 0.134303 0.948674 0.127223 0.948279
49 7.3466 3.7901 3.1642 0.130594 0.949733 0.122977 0.950200
