epoch time fwd_time bwd_time loss acc val_loss val_acc
0 7.4509 3.8229 3.1944 0.525031 0.696039 0.465016 0.823299
1 7.3569 3.7711 3.1552 0.464427 0.824122 0.422507 0.823299
2 7.4620 3.8216 3.2144 0.366483 0.824122 0.332317 0.823299
3 7.3968 3.8126 3.1580 0.338559 0.831283 0.286284 0.847958
4 7.4044 3.8392 3.1472 0.266884 0.891068 0.252420 0.895356
5 7.3344 3.7718 3.1420 0.259259 0.898167 0.240203 0.901121
6 7.4536 3.8377 3.1847 0.247960 0.902321 0.235070 0.898559
7 7.3820 3.7573 3.1947 0.240702 0.905745 0.226616 0.904003
8 7.4277 3.7981 3.1961 0.232985 0.907551 0.221335 0.905685
9 7.4253 3.8127 3.1616 0.225022 0.909731 0.214420 0.909608
10 7.4320 3.8481 3.1441 0.218696 0.911510 0.207492 0.912730
11 7.2817 3.7095 3.1372 0.212556 0.913431 0.206563 0.914091
12 7.3866 3.8002 3.1571 0.212595 0.914988 0.200659 0.916653
13 7.4284 3.8462 3.1535 0.210491 0.916624 0.197456 0.917614
14 7.4455 3.8602 3.1526 0.207537 0.918341 0.196014 0.917694
15 7.3516 3.7688 3.1542 0.201244 0.919168 0.196205 0.916253
16 7.3721 3.7789 3.1688 0.197541 0.920298 0.193444 0.917054
17 7.3894 3.8123 3.1451 0.197927 0.921401 0.189472 0.919295
18 7.3664 3.7630 3.1729 0.198013 0.922291 0.186257 0.921938
19 7.4057 3.8180 3.1665 0.199123 0.923358 0.181966 0.924820
20 7.3938 3.8332 3.1335 0.196230 0.924257 0.179781 0.924980
21 7.4191 3.7997 3.1879 0.195554 0.925271 0.176558 0.926661
22 7.3394 3.7674 3.1462 0.179831 0.927503 0.166862 0.930745
23 7.4317 3.8390 3.1700 0.173960 0.928624 0.164227 0.931785
24 7.3681 3.7632 3.1704 0.170139 0.929914 0.162155 0.933147
25 7.4386 3.8498 3.1597 0.178128 0.930083 0.157288 0.934508
26 7.3442 3.7718 3.1381 0.166620 0.930866 0.155173 0.934748
27 7.2758 3.6984 3.1489 0.193818 0.930715 0.161364 0.933147
28 7.2596 3.6875 3.1497 0.164687 0.934282 0.150600 0.935949
29 7.3840 3.7797 3.1803 0.192087 0.932885 0.149752 0.935949
30 7.2557 3.6918 3.1347 0.183339 0.933543 0.148598 0.937630
31 7.4246 3.8103 3.1798 0.158402 0.936114 0.146221 0.936029
32 7.3324 3.7230 3.1742 0.155260 0.936808 0.144234 0.936589
33 7.4201 3.8143 3.1769 0.173581 0.936390 0.143370 0.940352
34 7.3904 3.7874 3.1790 0.149885 0.939014 0.142466 0.937950
35 7.3814 3.7919 3.1630 0.164259 0.939032 0.139350 0.939632
36 7.4086 3.8085 3.1685 0.149925 0.940864 0.138649 0.941954
37 7.3447 3.7559 3.1501 0.145781 0.941362 0.135887 0.943795
38 7.4451 3.8111 3.1664 0.141036 0.939806 0.136077 0.943715
39 7.3433 3.7343 3.1733 0.147201 0.943550 0.143061 0.939472
40 7.4068 3.8109 3.1633 0.143323 0.943275 0.133619 0.944195
41 7.2958 3.7185 3.1575 0.137625 0.943284 0.133824 0.943875
42 7.4675 3.8610 3.1776 0.136742 0.944360 0.135408 0.943795
43 7.3341 3.7703 3.1341 0.132298 0.944360 0.126101 0.948038
44 7.4365 3.8336 3.1629 0.131496 0.945312 0.129537 0.945236
45 7.3734 3.7998 3.1507 0.140974 0.945632 0.130662 0.946277
46 7.3660 3.7663 3.1276 0.133609 0.948318 0.118229 0.950520
47 7.3319 3.7747 3.1302 0.144029 0.946539 0.128307 0.946597
48 7.3314 3.7696 3.1455 0.151013 0.945676 0.127463 0.947478
49 7.3665 3.7728 3.1608 0.137063 0.946317 0.120192 0.950040
