epoch time fwd_time bwd_time loss acc val_loss val_acc
0 7.4265 3.8151 3.1856 0.529229 0.779005 0.466039 0.823299
1 7.3045 3.7440 3.1287 0.459988 0.824122 0.419103 0.823299
2 7.4006 3.7777 3.1751 0.365688 0.824122 0.345052 0.823299
3 7.3883 3.7995 3.1501 0.349472 0.824825 0.318731 0.826661
4 7.4126 3.8005 3.1729 0.300069 0.848326 0.296824 0.883587
5 7.3449 3.7563 3.1466 0.275070 0.885695 0.279200 0.883827
6 7.3976 3.8057 3.1646 0.261835 0.894075 0.244003 0.898639
7 7.3483 3.7505 3.1615 0.251747 0.897242 0.238874 0.896237
8 7.4286 3.8423 3.1613 0.270298 0.898113 0.236840 0.900881
9 7.3806 3.7857 3.1659 0.253754 0.901574 0.233545 0.898879
10 7.3841 3.8059 3.1568 0.234903 0.902347 0.227989 0.900801
11 7.3910 3.7941 3.1680 0.235484 0.903219 0.230370 0.899359
12 7.4514 3.8377 3.1763 0.232356 0.905488 0.217083 0.905524
13 7.2683 3.7170 3.1185 0.225689 0.907320 0.214198 0.906805
14 7.4145 3.7969 3.1777 0.226023 0.908877 0.213519 0.907606
15 7.3187 3.7182 3.1695 0.237007 0.910638 0.207720 0.910568
16 7.4791 3.8607 3.1870 0.215362 0.911616 0.204874 0.911930
17 7.3694 3.8034 3.1341 0.233889 0.913538 0.204532 0.910088
18 7.3558 3.7773 3.1438 0.224318 0.914676 0.198631 0.913691
19 7.4101 3.8018 3.1627 0.209262 0.916962 0.193784 0.916493
20 7.4755 3.8735 3.1613 0.198044 0.919044 0.187948 0.920737
21 7.3944 3.7736 3.1469 0.196639 0.917443 0.188121 0.920496
22 7.3915 3.7800 3.1754 0.189144 0.919533 0.184837 0.920817
23 7.4215 3.7937 3.1944 0.186928 0.922220 0.180156 0.923299
24 7.4239 3.8170 3.1736 0.180538 0.923456 0.176759 0.925701
25 7.4474 3.8504 3.1677 0.176767 0.924337 0.172859 0.927302
26 7.3906 3.7924 3.1672 0.174498 0.925698 0.170067 0.929143
27 7.4022 3.7919 3.1783 0.173222 0.927441 0.166350 0.930905
28 7.3715 3.7879 3.1442 0.168983 0.928909 0.162314 0.931785
29 7.4488 3.7795 3.2083 0.162934 0.930830 0.159718 0.930825
30 7.3266 3.7781 3.1180 0.159623 0.932769 0.158374 0.929143
31 7.3962 3.7836 3.1768 0.161913 0.934406 0.154045 0.933947
32 7.3297 3.7312 3.1697 0.170200 0.934913 0.148951 0.936910
33 7.4666 3.8569 3.1805 0.161917 0.937297 0.144673 0.938831
34 7.2963 3.7033 3.1530 0.160527 0.938658 0.141828 0.940833
35 7.2875 3.7193 3.1357 0.158602 0.939637 0.139669 0.941873
36 7.4201 3.8147 3.1728 0.156648 0.940490 0.138107 0.943235
37 7.3936 3.8038 3.1505 0.153252 0.941691 0.135998 0.943715
38 7.3593 3.7773 3.1435 0.152167 0.941949 0.135653 0.942994
39 7.3922 3.7951 3.1598 0.151836 0.942189 0.139735 0.939632
40 7.4369 3.8013 3.2029 0.148331 0.943221 0.133245 0.943875
41 7.4854 3.8905 3.1519 0.147647 0.944298 0.137745 0.940352
42 7.3694 3.7970 3.1401 0.144376 0.944538 0.130748 0.944516
43 7.4066 3.8120 3.1636 0.140809 0.945748 0.129736 0.945076
44 7.4211 3.8228 3.1612 0.139224 0.945668 0.128768 0.945156
45 7.2929 3.7121 3.1416 0.137294 0.946397 0.126199 0.946677
46 7.3299 3.7612 3.1360 0.136086 0.947180 0.123727 0.947798
47 7.4170 3.8017 3.1743 0.133961 0.947651 0.123586 0.947318
48 7.4106 3.8196 3.1500 0.132084 0.948212 0.121524 0.948759
49 7.4371 3.8165 3.1878 0.129886 0.948790 0.122309 0.948519
