epoch time fwd_time bwd_time loss acc val_loss val_acc
0 7.3527 3.7806 3.1354 0.508817 0.824122 0.464896 0.823299
1 7.3947 3.8131 3.1506 0.392003 0.824122 0.354191 0.823299
2 7.3924 3.8030 3.1632 0.366513 0.826560 0.341634 0.823379
3 7.3674 3.7657 3.1616 0.330858 0.832875 0.301686 0.850761
4 7.4047 3.8053 3.1776 0.283052 0.876569 0.275605 0.876861
5 7.3004 3.7507 3.1207 0.262330 0.890366 0.245402 0.895196
6 7.3730 3.7849 3.1587 0.251502 0.896646 0.240214 0.896397
7 7.2415 3.6578 3.1551 0.247078 0.898709 0.233491 0.899039
8 7.3575 3.7757 3.1587 0.242176 0.900773 0.230183 0.899359
9 7.3749 3.7930 3.1600 0.238525 0.902516 0.226552 0.901121
10 7.4484 3.8265 3.1828 0.234655 0.903682 0.223286 0.901601
11 7.3019 3.7127 3.1499 0.231019 0.904625 0.219354 0.904404
12 7.4244 3.8501 3.1346 0.228803 0.905772 0.216167 0.905524
13 7.3201 3.7473 3.1482 0.226839 0.907089 0.213327 0.906005
14 7.3820 3.7952 3.1566 0.225126 0.908183 0.210580 0.907606
15 7.4353 3.8417 3.1598 0.224251 0.909375 0.207824 0.909688
16 7.3962 3.8142 3.1534 0.226280 0.910745 0.204555 0.911209
17 7.4053 3.8070 3.1687 0.211949 0.911874 0.201232 0.911769
18 7.4947 3.8906 3.1694 0.243352 0.913022 0.198065 0.915372
19 7.4470 3.8211 3.1918 0.212936 0.913805 0.195144 0.916733
20 7.3975 3.8126 3.1592 0.203409 0.913591 0.199507 0.911369
21 7.3839 3.7786 3.1448 0.192339 0.917523 0.185096 0.922498
22 7.3309 3.7698 3.1359 0.190903 0.917976 0.188167 0.918495
23 7.3501 3.7822 3.1398 0.205454 0.921161 0.176673 0.925620
24 7.3554 3.7669 3.1615 0.177915 0.924283 0.169140 0.927462
25 7.4165 3.8209 3.1668 0.190143 0.926925 0.166879 0.928663
26 7.2602 3.6749 3.1507 0.188392 0.928651 0.157842 0.931385
27 7.4245 3.8437 3.1535 0.174177 0.929167 0.154735 0.933147
28 7.3609 3.7908 3.1412 0.177159 0.930795 0.152234 0.934347
29 7.4099 3.8005 3.1713 0.159829 0.929932 0.151641 0.934508
30 7.3317 3.7516 3.1504 0.167299 0.933250 0.148606 0.936669
31 7.3829 3.7792 3.1715 0.174283 0.934015 0.145864 0.937390
32 7.3780 3.8047 3.1440 0.162201 0.935171 0.145401 0.938511
33 7.4387 3.8512 3.1570 0.161590 0.936105 0.141123 0.940032
34 7.3662 3.7803 3.1534 0.147890 0.935118 0.141151 0.940833
35 7.2092 3.6655 3.1102 0.167703 0.938178 0.148910 0.938671
36 7.4102 3.8161 3.1622 0.168003 0.938818 0.144468 0.941313
37 7.3225 3.7508 3.1364 0.165609 0.939637 0.142119 0.942114
38 7.3755 3.7841 3.1626 0.160091 0.940019 0.142830 0.942274
39 7.4137 3.7988 3.1805 0.146863 0.940357 0.148590 0.939632
40 7.4704 3.8819 3.1601 0.140087 0.940829 0.148760 0.939231
41 7.5010 3.8630 3.2002 0.138047 0.940998 0.148982 0.938591
42 7.3839 3.7668 3.1497 0.142602 0.940339 0.135354 0.943795
43 7.4402 3.8188 3.1891 0.135413 0.940926 0.147028 0.940833
44 7.4484 3.8359 3.1822 0.138361 0.941398 0.139733 0.942834
45 7.4229 3.8039 3.1822 0.135267 0.940722 0.142752 0.942034
46 7.4108 3.7920 3.1398 0.134523 0.941255 0.139503 0.943155
47 7.3717 3.8031 3.1373 0.134063 0.941478 0.135831 0.944916
48 7.3943 3.7905 3.1581 0.132242 0.941869 0.135163 0.944596
49 7.3401 3.7712 3.1388 0.130518 0.942181 0.135908 0.944035
