epoch time fwd_time bwd_time loss acc val_loss val_acc
0 7.3199 3.7328 3.1430 0.514806 0.824122 0.464246 0.823299
1 7.4921 3.8591 3.1789 0.394465 0.824122 0.359513 0.823299
2 7.2791 3.6940 3.1397 0.314284 0.833160 0.297157 0.858847
3 7.4527 3.8395 3.1657 0.245264 0.887412 0.239822 0.899359
4 7.3831 3.7943 3.1451 0.241731 0.899083 0.230452 0.900961
5 7.4119 3.8112 3.1559 0.227597 0.898265 0.220133 0.904564
6 7.4237 3.8441 3.1339 0.227023 0.906021 0.211862 0.908167
7 7.4117 3.8087 3.1611 0.218174 0.907578 0.205906 0.909207
8 7.3564 3.7846 3.1238 0.225334 0.908129 0.201879 0.911930
9 7.4640 3.8487 3.1736 0.217974 0.911403 0.197800 0.913691
10 7.4110 3.8178 3.1382 0.213761 0.912106 0.193713 0.915292
11 7.4610 3.8570 3.1618 0.214094 0.914739 0.189377 0.918094
12 7.4231 3.7950 3.1498 0.206182 0.916171 0.187944 0.916974
13 7.2945 3.6926 3.1591 0.199369 0.917105 0.185964 0.918735
14 7.4117 3.8153 3.1603 0.198453 0.920903 0.177871 0.923459
15 7.3322 3.7406 3.1468 0.196131 0.921988 0.174415 0.923459
16 7.4211 3.8295 3.1601 0.186308 0.922655 0.170304 0.925861
17 7.3782 3.7995 3.1367 0.201383 0.924319 0.198229 0.911049
18 7.4352 3.8480 3.1513 0.209238 0.924879 0.172298 0.925140
19 7.4013 3.8104 3.1498 0.186152 0.922931 0.170058 0.925941
20 7.3483 3.7830 3.1280 0.155629 0.928046 0.159255 0.929223
21 7.4111 3.8097 3.1542 0.167004 0.929665 0.159840 0.930024
22 7.4075 3.7926 3.1809 0.140828 0.936932 0.144352 0.934748
23 7.4480 3.8258 3.1827 0.174258 0.939307 0.136872 0.937630
24 7.4556 3.8501 3.1640 0.184481 0.943328 0.141383 0.941073
25 7.3963 3.7961 3.1528 0.121941 0.943284 0.126928 0.943955
26 7.2984 3.7043 3.1568 0.133858 0.946495 0.121811 0.946197
27 7.4203 3.8135 3.1704 0.123791 0.947669 0.114387 0.950841
28 7.4309 3.8247 3.1584 0.125292 0.949822 0.111890 0.951241
29 7.3853 3.7671 3.1787 0.141003 0.950871 0.107926 0.953243
30 7.4013 3.8127 3.1485 0.119345 0.951289 0.105864 0.953883
31 7.4091 3.8099 3.1611 0.125684 0.952464 0.104059 0.955564
32 7.3428 3.7454 3.1490 0.095775 0.952019 0.112987 0.951081
33 7.4571 3.8327 3.1446 0.098118 0.951396 0.102131 0.957246
34 7.3135 3.7489 3.1189 0.109331 0.955301 0.101936 0.956605
35 7.3079 3.7047 3.1646 0.106861 0.956724 0.096325 0.959648
36 7.3942 3.7918 3.1652 0.085612 0.956493 0.095247 0.961249
37 7.3926 3.7839 3.1260 0.122854 0.955942 0.104016 0.954764
38 7.3871 3.7973 3.1615 0.113218 0.958503 0.093259 0.961329
39 7.3517 3.7677 3.1522 0.124883 0.957756 0.093945 0.960929
40 7.4066 3.7896 3.1697 0.112382 0.955203 0.093013 0.961970
41 7.4303 3.8268 3.1595 0.117620 0.958939 0.090176 0.961970
42 7.3499 3.7752 3.1334 0.085550 0.957685 0.090791 0.961809
43 7.4155 3.8039 3.1723 0.085402 0.957214 0.104508 0.955164
44 7.4372 3.7983 3.2037 0.090751 0.958406 0.090676 0.961169
45 7.4596 3.8522 3.1755 0.081764 0.958584 0.087689 0.962770
46 7.3680 3.7695 3.1599 0.081887 0.959215 0.087664 0.962290
47 7.2519 3.6621 3.1486 0.113117 0.959455 0.087162 0.963171
48 7.4227 3.8365 3.1493 0.078140 0.959731 0.086877 0.963891
49 7.3531 3.7826 3.1378 0.074532 0.959918 0.086196 0.963251
