epoch time fwd_time bwd_time loss acc val_loss val_acc
0 7.4697 3.9004 3.1719 0.477967 0.682892 0.463291 0.826581
1 7.6704 3.9777 3.2831 0.476768 0.823758 0.460754 0.826581
2 7.4342 3.8621 3.1255 0.475238 0.823758 0.459177 0.826581
3 7.4927 3.9285 3.1642 0.470613 0.823758 0.455112 0.826581
4 7.5077 3.9446 3.1698 0.452834 0.823758 0.439701 0.826581
5 7.5082 3.9370 3.1695 0.397792 0.823758 0.391024 0.826581
6 7.5571 3.9744 3.1831 0.363728 0.823758 0.357830 0.826581
7 7.3076 3.7788 3.1223 0.356005 0.823758 0.350389 0.826581
8 7.4759 3.9138 3.1625 0.352424 0.823758 0.346648 0.826581
9 7.5301 3.9502 3.1717 0.350603 0.823758 0.344204 0.826581
10 7.5177 3.9455 3.1703 0.347500 0.823758 0.341691 0.826581
11 7.4253 3.8990 3.1305 0.345229 0.823758 0.339295 0.826581
12 7.5204 3.9553 3.1633 0.342582 0.823758 0.336746 0.826581
13 7.4470 3.8794 3.1667 0.339616 0.823758 0.334036 0.826581
14 7.5300 3.9399 3.1797 0.336328 0.823758 0.331108 0.826581
15 7.4425 3.9024 3.1440 0.332726 0.823740 0.327883 0.826821
16 7.5316 3.9797 3.1463 0.324804 0.824167 0.320380 0.826741
17 7.5060 3.9544 3.1502 0.311536 0.824007 0.304988 0.830504
18 7.4038 3.8555 3.1403 0.279197 0.832030 0.279092 0.847638
19 7.5163 3.9482 3.1243 0.268233 0.878677 0.269073 0.884227
20 7.4938 3.9489 3.1474 0.259152 0.907880 0.222093 0.912970
21 7.4965 3.9445 3.1529 0.244843 0.909446 0.213705 0.912730
22 7.5624 3.9525 3.2200 0.237688 0.911963 0.208683 0.918094
23 7.5415 3.9748 3.1578 0.232028 0.913573 0.203034 0.918495
24 7.5452 3.9377 3.2064 0.227568 0.914721 0.198493 0.919055
25 7.3703 3.8460 3.1226 0.223609 0.916180 0.194872 0.919215
26 7.5507 3.9555 3.1987 0.220142 0.917585 0.191761 0.919856
27 7.4483 3.8962 3.1155 0.217110 0.918599 0.189036 0.920336
28 7.4364 3.8903 3.1451 0.214434 0.919578 0.186632 0.921377
29 7.4683 3.9176 3.1479 0.212047 0.920369 0.184489 0.921697
30 7.4508 3.8858 3.1565 0.209890 0.921205 0.182557 0.922098
31 7.5166 3.9690 3.1446 0.207918 0.921837 0.180791 0.922978
32 7.4366 3.9033 3.1272 0.206093 0.922807 0.179158 0.923619
33 7.5072 3.9470 3.1573 0.204385 0.923429 0.177632 0.924420
34 7.5261 3.9380 3.1804 0.202772 0.923812 0.176193 0.925460
35 7.5390 3.9633 3.1670 0.201236 0.924283 0.174828 0.926341
36 7.3608 3.8284 3.1325 0.199763 0.924799 0.173524 0.926821
37 7.4707 3.9318 3.1416 0.198344 0.925440 0.172275 0.927062
38 7.5610 3.9612 3.1879 0.196971 0.925840 0.171073 0.927862
39 7.5450 3.9756 3.1606 0.195638 0.926222 0.169912 0.928263
40 7.3942 3.8690 3.1235 0.194341 0.926774 0.168789 0.928102
41 7.6197 3.9742 3.2486 0.193079 0.927263 0.167702 0.928503
42 7.4595 3.9068 3.1480 0.191850 0.927672 0.166647 0.928903
43 7.5509 3.9619 3.1747 0.190655 0.928224 0.165626 0.929784
44 7.4723 3.9422 3.1347 0.189494 0.928589 0.164638 0.930104
45 7.5619 3.9467 3.2035 0.188367 0.929113 0.163683 0.930424
46 7.5208 3.9416 3.1859 0.187274 0.929531 0.162762 0.930905
47 7.5067 3.9402 3.1599 0.186216 0.929896 0.161874 0.931545
48 7.6719 4.0127 3.2515 0.185191 0.930199 0.161020 0.931385
49 7.4521 3.9172 3.1395 0.184199 0.930759 0.160196 0.931385
