epoch time fwd_time bwd_time loss acc val_loss val_acc
0 7.3802 3.8392 3.1593 0.695082 0.179382 0.693486 0.539872
1 7.5184 3.9519 3.1867 0.562020 0.813786 0.556154 0.826581
2 7.4106 3.8989 3.1412 0.510225 0.823758 0.501122 0.826581
3 7.5252 3.9654 3.1764 0.488575 0.823758 0.477002 0.826581
4 7.4734 3.9284 3.1710 0.480312 0.823758 0.466958 0.826581
5 7.5601 3.9749 3.2087 0.477591 0.823758 0.463059 0.826581
6 7.4265 3.9020 3.1520 0.476871 0.823758 0.461622 0.826581
7 7.4998 3.9568 3.1760 0.476727 0.823758 0.461085 0.826581
8 7.3954 3.8791 3.1346 0.476662 0.823758 0.460839 0.826581
9 7.4078 3.8964 3.1333 0.476527 0.823758 0.460660 0.826581
10 7.5574 3.9725 3.2165 0.476261 0.823758 0.460448 0.826581
11 7.4990 3.9774 3.1487 0.475763 0.823758 0.460091 0.826581
12 7.4499 3.9053 3.1340 0.474887 0.823758 0.459394 0.826581
13 7.4187 3.9057 3.1309 0.474090 0.823758 0.458592 0.826581
14 7.5192 3.9306 3.2168 0.473533 0.823758 0.457948 0.826581
15 7.4518 3.9264 3.1558 0.472909 0.823758 0.457317 0.826581
16 7.4564 3.9365 3.1388 0.472138 0.823758 0.456609 0.826581
17 7.3978 3.8880 3.1424 0.471168 0.823758 0.455762 0.826581
18 7.4693 3.9293 3.1630 0.469967 0.823758 0.454748 0.826581
19 7.4906 3.9697 3.1526 0.468524 0.823758 0.453539 0.826581
20 7.5135 3.9670 3.1653 0.466779 0.823758 0.452070 0.826581
21 7.5797 3.9562 3.2371 0.464623 0.823758 0.450252 0.826581
22 7.4453 3.8849 3.1762 0.461865 0.823758 0.447926 0.826581
23 7.4815 3.9300 3.1588 0.458116 0.823758 0.444773 0.826581
24 7.4938 3.9445 3.1679 0.452427 0.823758 0.440010 0.826581
25 7.3646 3.8623 3.1239 0.442728 0.823758 0.431882 0.826581
26 7.5108 3.9412 3.1810 0.426713 0.823758 0.418449 0.826581
27 7.4548 3.9261 3.1546 0.372993 0.822041 0.381314 0.826581
28 7.4496 3.9373 3.1358 0.364076 0.823562 0.365802 0.826581
29 7.4678 3.9208 3.1677 0.357969 0.823758 0.358128 0.826581
30 7.4692 3.9324 3.1521 0.353726 0.823758 0.352888 0.826581
31 7.5737 3.9812 3.1992 0.349661 0.823758 0.348529 0.826581
32 7.3863 3.8748 3.1340 0.345623 0.823758 0.344488 0.826581
33 7.5102 3.9626 3.1621 0.341239 0.823758 0.339745 0.826581
34 7.4879 3.9550 3.1559 0.331019 0.824531 0.327526 0.830905
35 7.3772 3.8496 3.1519 0.315014 0.830340 0.309746 0.839552
36 7.5282 3.9638 3.1778 0.294510 0.844012 0.288953 0.858207
37 7.4012 3.8991 3.1264 0.248560 0.881675 0.249417 0.899840
38 7.4467 3.9170 3.1481 0.234213 0.899216 0.223839 0.908727
39 7.4183 3.9114 3.1240 0.224072 0.905585 0.213679 0.912810
40 7.5581 3.9715 3.2094 0.216845 0.911323 0.207959 0.916253
41 7.5361 3.9455 3.1813 0.208573 0.915094 0.201028 0.918975
42 7.4417 3.9092 3.1472 0.202171 0.919693 0.193914 0.922258
43 7.4695 3.9457 3.1459 0.197274 0.922904 0.188297 0.924500
44 7.4474 3.9284 3.1423 0.193818 0.925555 0.183840 0.925460
45 7.4319 3.9097 3.1416 0.190961 0.927059 0.179576 0.926341
46 7.4732 3.9427 3.1477 0.187693 0.928411 0.174981 0.928022
47 7.5337 3.9418 3.2131 0.183868 0.929789 0.170552 0.929784
48 7.5871 3.9866 3.2140 0.180507 0.931382 0.166741 0.931465
49 7.4630 3.9356 3.1429 0.177808 0.933018 0.163759 0.932906
