epoch time fwd_time bwd_time loss acc val_loss val_acc
0 7.4515 3.8891 3.1518 0.477008 0.823758 0.461003 0.826581
1 7.6204 4.0121 3.2054 0.475502 0.823758 0.459966 0.826581
2 7.4976 3.9311 3.1244 0.372442 0.823758 0.373017 0.826581
3 7.5337 3.9301 3.2038 0.355364 0.823775 0.355262 0.826741
4 7.4442 3.9015 3.1465 0.349911 0.823829 0.351714 0.826341
5 7.3844 3.8410 3.1446 0.346782 0.823731 0.349453 0.826341
6 7.4868 3.9434 3.1401 0.344322 0.823758 0.347365 0.826902
7 7.5005 3.9205 3.1745 0.340533 0.823909 0.343523 0.826261
8 7.3560 3.8312 3.1245 0.331732 0.823855 0.333697 0.827142
9 7.4980 3.9241 3.1711 0.312750 0.832902 0.319332 0.842834
10 7.5152 3.9420 3.1741 0.278046 0.872477 0.244299 0.896797
11 7.4178 3.8789 3.1345 0.225093 0.893292 0.221251 0.904724
12 7.4913 3.9291 3.1592 0.213455 0.902819 0.208943 0.910408
13 7.6463 3.9802 3.2558 0.208581 0.906066 0.203366 0.913851
14 7.4927 3.9457 3.1483 0.198517 0.908361 0.197650 0.917534
15 7.4447 3.9186 3.1219 0.193813 0.912123 0.191380 0.919776
16 7.4873 3.9389 3.1503 0.189755 0.915041 0.187344 0.919776
17 7.5264 3.9399 3.1842 0.187050 0.916527 0.184594 0.920657
18 7.5014 3.9473 3.1518 0.185040 0.917523 0.182386 0.921617
19 7.6270 3.9614 3.2648 0.183459 0.918448 0.180409 0.922418
20 7.4920 3.9369 3.1456 0.181998 0.919337 0.178507 0.923058
21 7.4688 3.9187 3.1456 0.180309 0.920396 0.176467 0.923619
22 7.5412 3.9802 3.1651 0.178894 0.921624 0.174410 0.924339
23 7.5417 3.9274 3.2117 0.177667 0.922469 0.172812 0.925460
24 7.5983 3.9661 3.2217 0.176458 0.923180 0.171268 0.926101
25 7.4737 3.8891 3.1742 0.175255 0.924008 0.169808 0.926821
26 7.4643 3.9243 3.1346 0.174055 0.924639 0.168378 0.927782
27 7.6397 3.9819 3.2161 0.172864 0.925146 0.166974 0.928183
28 7.5057 3.9282 3.1760 0.171691 0.925715 0.165592 0.929063
29 7.5116 3.9575 3.1552 0.170550 0.926329 0.164232 0.929784
30 7.5041 3.9374 3.1657 0.169447 0.926854 0.162895 0.930424
31 7.4716 3.9362 3.1367 0.168386 0.927477 0.161580 0.931225
32 7.5180 3.9309 3.1745 0.167367 0.928099 0.160295 0.931225
33 7.6086 3.9760 3.2321 0.166390 0.928944 0.159057 0.931785
34 7.4922 3.9474 3.1464 0.165456 0.929380 0.157874 0.932666
35 7.4919 3.9221 3.1327 0.164562 0.929932 0.156750 0.933066
36 7.5510 3.9407 3.2154 0.163703 0.930679 0.155678 0.933307
37 7.5428 3.9917 3.1423 0.162874 0.931061 0.154649 0.933707
38 7.4573 3.9222 3.1314 0.162068 0.931471 0.153656 0.933867
39 7.5369 3.9566 3.1785 0.161280 0.931978 0.152692 0.934347
40 7.4643 3.9096 3.1508 0.160505 0.932191 0.151755 0.934988
41 7.4478 3.9122 3.1378 0.159740 0.932414 0.150845 0.935709
42 7.5496 3.9450 3.1984 0.158984 0.932752 0.149966 0.936349
43 7.5947 4.0028 3.1879 0.158239 0.933098 0.149131 0.936589
44 7.4961 3.9079 3.1811 0.157505 0.933454 0.148351 0.937070
45 7.4436 3.8972 3.1422 0.156786 0.933828 0.147635 0.937310
46 7.4943 3.9540 3.1451 0.156084 0.934130 0.146991 0.937630
47 7.5091 3.9624 3.1413 0.155396 0.934513 0.146412 0.937630
48 7.4223 3.8804 3.1315 0.154722 0.934904 0.145875 0.937950
49 7.5660 3.9496 3.2104 0.154056 0.935233 0.145338 0.938030
