epoch time fwd_time bwd_time loss acc val_loss val_acc
0 7.2887 3.7269 3.1801 0.506990 0.824122 0.467283 0.823299
1 7.3840 3.8052 3.1960 0.514298 0.824122 0.466076 0.823299
2 7.2656 3.7378 3.1552 0.511875 0.824122 0.463759 0.823299
3 7.3123 3.7925 3.1424 0.480729 0.824122 0.435597 0.823299
4 7.1715 3.6603 3.1311 0.382691 0.824202 0.345163 0.825060
5 7.3451 3.8224 3.1457 0.302201 0.857319 0.291477 0.866613
6 7.2345 3.7300 3.1279 0.277339 0.876106 0.264055 0.878623
7 7.2875 3.7668 3.1163 0.270507 0.885064 0.269559 0.877822
8 7.4037 3.8294 3.1982 0.261952 0.891726 0.251651 0.890552
9 7.3472 3.8090 3.1644 0.260838 0.895418 0.241475 0.896797
10 7.3709 3.8007 3.1991 0.254195 0.897055 0.241176 0.897598
11 7.3309 3.8032 3.1524 0.253643 0.896930 0.244248 0.895436
12 7.2054 3.6993 3.1259 0.249415 0.898104 0.237157 0.897438
13 7.2194 3.7141 3.1284 0.252442 0.899225 0.236721 0.896797
14 7.3277 3.8052 3.1546 0.249493 0.899332 0.234543 0.897198
15 7.3325 3.8192 3.1359 0.247239 0.901360 0.229977 0.899359
16 7.2888 3.7403 3.1706 0.241714 0.902134 0.228049 0.899520
17 7.3467 3.8035 3.1630 0.241405 0.902677 0.227256 0.899680
18 7.2720 3.7282 3.1772 0.238343 0.902054 0.224769 0.900961
19 7.3282 3.8057 3.1398 0.238026 0.903281 0.227114 0.899760
20 7.2581 3.7534 3.1221 0.243533 0.902356 0.230009 0.899039
21 7.3438 3.7922 3.1677 0.240732 0.903966 0.226452 0.903283
22 7.3311 3.7937 3.1610 0.234336 0.905078 0.222007 0.900400
23 7.3175 3.7882 3.1560 0.237754 0.904127 0.223677 0.904484
24 7.3049 3.7663 3.1563 0.233065 0.906244 0.218722 0.903283
25 7.3078 3.7697 3.1632 0.232851 0.905532 0.229623 0.896637
26 7.3089 3.7841 3.1485 0.228808 0.906573 0.212925 0.906005
27 7.3596 3.8124 3.1641 0.231842 0.907275 0.214858 0.905765
28 7.2833 3.7726 3.1364 0.223704 0.908574 0.208908 0.907686
29 7.3219 3.7836 3.1586 0.231377 0.907080 0.216783 0.903923
30 7.3147 3.7916 3.1499 0.218392 0.909562 0.204290 0.909688
31 7.4095 3.8572 3.1812 0.219641 0.911572 0.204313 0.908887
32 7.2938 3.7824 3.1364 0.215939 0.912791 0.202486 0.908887
33 7.3136 3.7685 3.1499 0.211185 0.913538 0.198150 0.910328
34 7.3955 3.8225 3.2014 0.212254 0.914312 0.198802 0.912730
35 7.3447 3.7989 3.1639 0.219645 0.914828 0.204583 0.911449
36 7.3254 3.7811 3.1334 0.201092 0.916633 0.195422 0.911449
37 7.3183 3.7736 3.1656 0.209804 0.917932 0.195509 0.913851
38 7.4686 3.9167 3.1681 0.195861 0.920601 0.186316 0.917694
39 7.2703 3.7272 3.1504 0.198238 0.920191 0.188241 0.917694
40 7.2626 3.7484 3.1277 0.210125 0.920360 0.197156 0.915612
41 7.4003 3.8464 3.1556 0.194840 0.923323 0.187731 0.917134
42 7.3869 3.8177 3.1678 0.191924 0.924274 0.187407 0.917134
43 7.3746 3.8247 3.1587 0.183252 0.925306 0.180542 0.919936
44 7.3759 3.8177 3.1682 0.180211 0.927023 0.176907 0.925620
45 7.3625 3.7943 3.1808 0.166801 0.926996 0.178127 0.921377
46 7.3809 3.8162 3.1748 0.171261 0.926089 0.177663 0.923219
47 7.3893 3.8127 3.1718 0.184096 0.928420 0.183408 0.920256
48 7.4291 3.8519 3.1726 0.165079 0.930127 0.168638 0.925781
49 7.3060 3.7664 3.1513 0.166312 0.929994 0.167689 0.928583
