epoch time fwd_time bwd_time loss acc val_loss val_acc
0 7.1966 3.6655 3.1574 0.547952 0.824122 0.523544 0.823299
1 7.3372 3.7969 3.1616 0.516525 0.824122 0.481527 0.823299
2 7.3061 3.7865 3.1507 0.512086 0.824122 0.468503 0.823299
3 7.3422 3.8193 3.1597 0.514138 0.824122 0.466910 0.823299
4 7.3236 3.7905 3.1550 0.514396 0.824122 0.466653 0.823299
5 7.2706 3.7647 3.1369 0.514111 0.824122 0.466415 0.823299
6 7.3404 3.8074 3.1593 0.513786 0.824122 0.466154 0.823299
7 7.3039 3.7604 3.1794 0.513358 0.824122 0.465804 0.823299
8 7.2890 3.7377 3.1454 0.512367 0.824122 0.465033 0.823299
9 7.3285 3.7939 3.1728 0.410561 0.824416 0.391131 0.827542
10 7.3240 3.7958 3.1591 0.347463 0.840863 0.337002 0.856205
11 7.3187 3.7896 3.1610 0.318871 0.867264 0.305299 0.874620
12 7.3023 3.7934 3.1397 0.305336 0.882066 0.286897 0.883827
13 7.2834 3.7666 3.1394 0.297030 0.888693 0.276489 0.887590
14 7.2928 3.7792 3.1528 0.291129 0.891851 0.269251 0.889432
15 7.3040 3.8002 3.1372 0.287018 0.893861 0.264088 0.891033
16 7.3408 3.8335 3.1498 0.283388 0.894982 0.260415 0.891673
17 7.2600 3.7553 3.1391 0.280050 0.896094 0.257817 0.891593
18 7.3981 3.8325 3.1929 0.277095 0.896628 0.255828 0.891513
19 7.3442 3.8105 3.1599 0.274488 0.897126 0.254042 0.891273
20 7.3693 3.8137 3.1882 0.272136 0.897784 0.252380 0.891433
21 7.3263 3.8001 3.1616 0.269963 0.898291 0.250872 0.891994
22 7.3174 3.8018 3.1364 0.267926 0.898718 0.249487 0.893195
23 7.3011 3.7804 3.1598 0.266004 0.899136 0.248167 0.893275
24 7.3555 3.8372 3.1529 0.264185 0.899608 0.246876 0.894075
25 7.3037 3.7674 3.1773 0.262459 0.899857 0.245605 0.894476
26 7.2318 3.7059 3.1544 0.260818 0.900302 0.244362 0.894636
27 7.3579 3.8191 3.1675 0.259256 0.900524 0.243154 0.895196
28 7.3245 3.8085 3.1487 0.257768 0.900800 0.241985 0.895757
29 7.2489 3.7479 3.1368 0.256350 0.901298 0.240858 0.896157
30 7.3818 3.8104 3.1983 0.254998 0.901449 0.239773 0.896637
31 7.2217 3.6841 3.1611 0.253710 0.901591 0.238729 0.897038
32 7.4267 3.8960 3.1623 0.252481 0.901832 0.237725 0.897358
33 7.2821 3.7755 3.1415 0.251310 0.901912 0.236758 0.897278
34 7.3708 3.8210 3.1815 0.250191 0.902428 0.235825 0.897758
35 7.4381 3.8521 3.2125 0.249121 0.902730 0.234923 0.897758
36 7.3749 3.8092 3.1924 0.248097 0.902846 0.234050 0.897758
37 7.2818 3.7505 3.1340 0.247114 0.903024 0.233202 0.898159
38 7.3224 3.7794 3.1666 0.246167 0.903246 0.232377 0.898639
39 7.3357 3.8001 3.1658 0.245253 0.903415 0.231574 0.899039
40 7.3662 3.8244 3.1800 0.244366 0.903539 0.230789 0.899600
41 7.3326 3.8027 3.1571 0.243504 0.903806 0.230022 0.899680
42 7.2986 3.7771 3.1439 0.242662 0.904198 0.229270 0.900080
43 7.3578 3.8086 3.1765 0.241837 0.904456 0.228532 0.900320
44 7.3657 3.7995 3.1942 0.241025 0.904651 0.227807 0.900560
45 7.3381 3.7991 3.1783 0.240224 0.904874 0.227093 0.901041
46 7.2975 3.7561 3.1756 0.239431 0.905132 0.226388 0.901281
47 7.3142 3.7849 3.1625 0.238641 0.905327 0.225688 0.901681
48 7.3434 3.8302 3.1472 0.237851 0.905639 0.224991 0.901841
49 7.3793 3.8346 3.1680 0.237060 0.905888 0.224293 0.902162
