epoch time fwd_time bwd_time loss acc val_loss val_acc
0 7.3041 3.7796 3.1609 0.538032 0.824122 0.512509 0.823299
1 7.3015 3.8168 3.1479 0.513917 0.824122 0.477221 0.823299
2 7.2930 3.7821 3.1537 0.512016 0.824122 0.467605 0.823299
3 7.3325 3.8000 3.1735 0.513732 0.824122 0.466784 0.823299
4 7.3564 3.8131 3.1841 0.513891 0.824122 0.466656 0.823299
5 7.3782 3.8043 3.2179 0.513597 0.824122 0.466496 0.823299
6 7.3631 3.8071 3.2003 0.513240 0.824122 0.466299 0.823299
7 7.4014 3.8623 3.1742 0.512986 0.824122 0.466100 0.823299
8 7.3357 3.7909 3.1872 0.512760 0.824122 0.465871 0.823299
9 7.3894 3.8256 3.1871 0.512489 0.824122 0.465561 0.823299
10 7.3240 3.7818 3.1822 0.512111 0.824122 0.465138 0.823299
11 7.3435 3.8105 3.1829 0.511540 0.824122 0.464538 0.823299
12 7.2652 3.7520 3.1547 0.510229 0.824122 0.463333 0.823299
13 7.3170 3.8235 3.1387 0.504903 0.824122 0.458542 0.823299
14 7.3354 3.8284 3.1512 0.372288 0.824122 0.335502 0.823299
15 7.3412 3.8172 3.1662 0.325049 0.848148 0.300780 0.871657
16 7.3034 3.7836 3.1587 0.301821 0.887679 0.281879 0.885348
17 7.2309 3.7051 3.1363 0.288059 0.892082 0.271833 0.888311
18 7.2298 3.7331 3.1447 0.281109 0.893105 0.264879 0.890633
19 7.3564 3.8296 3.1658 0.276082 0.894102 0.260088 0.891273
20 7.3764 3.8272 3.1926 0.271896 0.895044 0.256812 0.891914
21 7.3926 3.8277 3.1669 0.268410 0.895720 0.254317 0.891593
22 7.3556 3.7887 3.1978 0.265473 0.896503 0.252282 0.892154
23 7.3527 3.7980 3.1982 0.262938 0.896993 0.250539 0.892394
24 7.3694 3.8169 3.2020 0.260701 0.897517 0.248990 0.893114
25 7.3137 3.7937 3.1659 0.258692 0.897944 0.247575 0.893755
26 7.2368 3.7150 3.1669 0.256862 0.898407 0.246258 0.894796
27 7.3352 3.8140 3.1690 0.255176 0.898763 0.245014 0.894476
28 7.3211 3.8012 3.1543 0.253604 0.898994 0.243825 0.894956
29 7.3994 3.8562 3.1918 0.252126 0.899359 0.242681 0.895116
30 7.4058 3.8467 3.2034 0.250722 0.899812 0.241572 0.895116
31 7.3721 3.7888 3.2262 0.249378 0.900088 0.240491 0.895356
32 7.3401 3.8084 3.1633 0.248080 0.900266 0.239434 0.895356
33 7.3335 3.8313 3.1465 0.246820 0.900560 0.238397 0.895917
34 7.3028 3.7781 3.1654 0.245587 0.900889 0.237376 0.896157
35 7.3183 3.7872 3.1732 0.244375 0.901209 0.236372 0.896797
36 7.3201 3.7975 3.1650 0.243177 0.901449 0.235382 0.897358
37 7.3801 3.8576 3.1598 0.241990 0.901832 0.234408 0.897518
38 7.5149 3.8705 3.2890 0.240813 0.902134 0.233451 0.898239
39 7.5198 3.9064 3.2515 0.239650 0.902543 0.232511 0.898959
40 7.3316 3.7992 3.1648 0.238512 0.902863 0.231590 0.899119
41 7.3551 3.8191 3.1750 0.237410 0.902979 0.230686 0.899440
42 7.3513 3.7968 3.1869 0.236358 0.903246 0.229801 0.900480
43 7.2470 3.7285 3.1637 0.235368 0.903531 0.228932 0.900641
44 7.2627 3.7475 3.1616 0.234449 0.903877 0.228072 0.900961
45 7.2041 3.6795 3.1675 0.233598 0.904376 0.227203 0.901121
46 7.3388 3.8263 3.1490 0.232795 0.904874 0.226313 0.901281
47 7.2581 3.7476 3.1456 0.232011 0.905310 0.225392 0.901601
48 7.3408 3.8182 3.1569 0.231219 0.905692 0.224438 0.902322
49 7.3292 3.8016 3.1640 0.230399 0.906066 0.223452 0.903122
