epoch time fwd_time bwd_time loss acc val_loss val_acc
0 7.4278 3.8629 3.1592 0.476790 0.823758 0.461218 0.826581
1 7.5046 3.9537 3.1404 0.475794 0.823758 0.460580 0.826581
2 7.5023 3.9503 3.1495 0.456170 0.823758 0.446154 0.826581
3 7.6042 3.9748 3.2274 0.365994 0.823758 0.367972 0.826661
4 7.4824 3.9455 3.1351 0.354291 0.823758 0.356692 0.826581
5 7.5778 3.9561 3.2116 0.348595 0.823758 0.351486 0.826581
6 7.5022 3.9558 3.1552 0.344053 0.823758 0.346554 0.827542
7 7.4660 3.9132 3.1596 0.337785 0.823944 0.337380 0.831225
8 7.4371 3.8683 3.1560 0.311814 0.829789 0.328618 0.833947
9 7.5839 3.9658 3.2213 0.295789 0.868670 0.261639 0.888391
10 7.5374 3.9744 3.1648 0.242365 0.896121 0.231181 0.904484
11 7.5132 3.9143 3.1402 0.226480 0.905301 0.212191 0.911609
12 7.5842 3.9677 3.2036 0.215768 0.908076 0.208331 0.910248
13 7.5397 3.9636 3.1661 0.213736 0.911527 0.196676 0.919215
14 7.6528 4.0054 3.2467 0.209396 0.915744 0.190149 0.921697
15 7.5097 3.9538 3.1631 0.205382 0.917816 0.184372 0.923459
16 7.3561 3.8102 3.1358 0.200660 0.919631 0.179877 0.924259
17 7.5286 3.9663 3.1672 0.195607 0.921357 0.175974 0.926181
18 7.4633 3.9134 3.1384 0.190917 0.922922 0.172617 0.926741
19 7.4877 3.9083 3.1393 0.186402 0.924515 0.169322 0.927782
20 7.4027 3.8306 3.1696 0.182163 0.925742 0.165854 0.930184
21 7.4458 3.8903 3.1572 0.176667 0.927788 0.161871 0.933147
22 7.4125 3.8788 3.1355 0.170563 0.930350 0.157815 0.935228
23 7.4985 3.9389 3.1522 0.165951 0.932574 0.153643 0.937070
24 7.5631 3.9334 3.2251 0.161967 0.934210 0.149865 0.938831
25 7.4598 3.8777 3.1779 0.157825 0.935518 0.146485 0.940833
26 7.3896 3.8650 3.1322 0.153322 0.936799 0.143206 0.942434
27 7.4408 3.9046 3.1393 0.148378 0.938569 0.139750 0.944436
28 7.3046 3.7826 3.1251 0.143157 0.939681 0.135823 0.946597
29 7.4941 3.9259 3.1669 0.137308 0.941202 0.131876 0.949159
30 7.5560 4.0106 3.1420 0.131319 0.942385 0.128736 0.950520
31 7.6148 3.9880 3.2260 0.126559 0.944822 0.125003 0.952602
32 7.4899 3.9039 3.1807 0.121950 0.946548 0.120948 0.954123
33 7.5867 3.9612 3.2266 0.117535 0.948167 0.116832 0.954924
34 7.4264 3.8852 3.1339 0.113455 0.949608 0.112921 0.956926
35 7.5338 3.9799 3.1431 0.109608 0.951183 0.109369 0.958607
36 7.6694 3.9813 3.2879 0.105848 0.952312 0.106207 0.959167
37 7.5158 3.9424 3.1693 0.102066 0.953273 0.103483 0.960448
38 7.5224 3.9464 3.1684 0.098196 0.954189 0.101236 0.960929
39 7.5594 3.9429 3.2056 0.094375 0.954936 0.099398 0.960929
40 7.4910 3.9347 3.1207 0.090828 0.955808 0.097878 0.961649
41 7.5249 3.9811 3.1389 0.087688 0.956244 0.096639 0.962610
42 7.4520 3.9032 3.1544 0.084989 0.956902 0.095701 0.963571
43 7.5284 3.9401 3.1886 0.082708 0.957667 0.095117 0.964051
44 7.5381 3.9570 3.1749 0.080820 0.957899 0.094940 0.964532
45 7.4593 3.9099 3.1491 0.079307 0.958370 0.095145 0.964772
46 7.4556 3.8932 3.1548 0.078137 0.958770 0.095537 0.964371
47 7.5436 3.9731 3.1649 0.077238 0.959179 0.095858 0.963811
48 7.5227 3.9471 3.1652 0.076539 0.959509 0.096013 0.963891
49 7.4526 3.9234 3.1336 0.075996 0.959909 0.096032 0.963811
