epoch time fwd_time bwd_time loss acc val_loss val_acc
0 7.3254 3.7596 3.1809 0.517988 0.734475 0.467331 0.823299
1 7.2897 3.7757 3.1425 0.515056 0.824122 0.466949 0.823299
2 7.3770 3.8204 3.1904 0.514891 0.824122 0.466754 0.823299
3 7.2657 3.7350 3.1665 0.513611 0.824122 0.465609 0.823299
4 7.3161 3.7737 3.1706 0.506873 0.824122 0.461600 0.823299
5 7.2972 3.7751 3.1513 0.334900 0.831150 0.307456 0.880705
6 7.2673 3.7400 3.1538 0.292012 0.887475 0.263431 0.889992
7 7.4383 3.8642 3.2004 0.274300 0.895089 0.251579 0.892634
8 7.3404 3.7883 3.1702 0.267652 0.897357 0.246913 0.894716
9 7.3299 3.7883 3.1656 0.263245 0.898202 0.243576 0.896077
10 7.4065 3.8336 3.1948 0.260070 0.899287 0.240365 0.896637
11 7.4009 3.8620 3.1608 0.257019 0.900551 0.237463 0.897918
12 7.2974 3.7863 3.1444 0.253766 0.901591 0.234865 0.898879
13 7.3212 3.7875 3.1596 0.250289 0.902463 0.232435 0.899760
14 7.3490 3.8129 3.1665 0.246715 0.903708 0.229984 0.900560
15 7.4589 3.9055 3.1790 0.243108 0.904892 0.227357 0.900881
16 7.2988 3.7721 3.1626 0.239320 0.905870 0.224380 0.902002
17 7.3593 3.8141 3.1674 0.234909 0.906804 0.221017 0.903122
18 7.3832 3.8270 3.1811 0.229403 0.908085 0.217192 0.904243
19 7.3728 3.8380 3.1700 0.222490 0.909704 0.212325 0.907286
20 7.3264 3.7834 3.1745 0.215859 0.911803 0.206967 0.910168
21 7.3149 3.7553 3.1814 0.209995 0.913840 0.202059 0.912490
22 7.2931 3.7726 3.1447 0.204340 0.915593 0.196927 0.915372
23 7.3754 3.8503 3.1555 0.198818 0.917745 0.192186 0.916974
24 7.2818 3.7575 3.1476 0.193479 0.919925 0.187787 0.918895
25 7.3617 3.8299 3.1566 0.187750 0.922309 0.182626 0.921457
26 7.4161 3.8379 3.2011 0.181875 0.924532 0.177104 0.923619
27 7.3691 3.8248 3.1694 0.176114 0.926801 0.171989 0.926821
28 7.3472 3.7854 3.1575 0.171444 0.928820 0.167957 0.928583
29 7.2877 3.7746 3.1462 0.169237 0.930839 0.164655 0.929704
30 7.3325 3.8250 3.1366 0.164919 0.932849 0.161501 0.931385
31 7.3136 3.7790 3.1645 0.151820 0.935055 0.150335 0.936669
32 7.3639 3.8027 3.1405 0.144978 0.937075 0.147694 0.937470
33 7.3172 3.7794 3.1558 0.142680 0.939263 0.142122 0.940673
34 7.3709 3.8114 3.1758 0.139005 0.941015 0.137560 0.943235
35 7.3614 3.8279 3.1564 0.138633 0.942608 0.134536 0.944836
36 7.3289 3.7690 3.1857 0.134283 0.944031 0.134001 0.943795
37 7.3215 3.7876 3.1659 0.130792 0.945641 0.130679 0.945316
38 7.3064 3.7759 3.1613 0.131089 0.946824 0.127751 0.946757
39 7.3548 3.8141 3.1694 0.129413 0.948390 0.123614 0.948599
40 7.3333 3.7981 3.1623 0.125699 0.949510 0.120353 0.949640
41 7.2538 3.7527 3.1255 0.121297 0.950845 0.117880 0.950681
42 7.3824 3.8190 3.1840 0.119794 0.951992 0.113579 0.951401
43 7.3326 3.7989 3.1627 0.117919 0.952810 0.110656 0.952522
44 7.3858 3.8234 3.1856 0.116021 0.953762 0.108270 0.953563
45 7.3289 3.7842 3.1712 0.114276 0.954545 0.106118 0.955484
46 7.2280 3.6781 3.1653 0.112101 0.955399 0.104187 0.956205
47 7.3379 3.8024 3.1606 0.109602 0.956271 0.102324 0.957646
48 7.4224 3.8312 3.2176 0.107758 0.957036 0.100548 0.957886
49 7.3072 3.7509 3.1726 0.106283 0.957721 0.098916 0.958527
