epoch time fwd_time bwd_time loss acc val_loss val_acc
0 7.5311 3.8904 3.2012 0.475457 0.823758 0.459807 0.826581
1 7.4612 3.8799 3.1037 0.404132 0.823758 0.393349 0.826581
2 7.4859 3.9044 3.1358 0.353119 0.823758 0.347718 0.826581
3 7.5041 3.9193 3.1494 0.343808 0.823758 0.340306 0.826581
4 7.5122 3.9302 3.1383 0.337448 0.823758 0.334861 0.826581
5 7.5963 3.9342 3.2359 0.329568 0.824113 0.325965 0.828022
6 7.5824 3.9126 3.2280 0.331984 0.827431 0.317460 0.829544
7 7.5156 3.9078 3.1633 0.307734 0.838070 0.313829 0.829544
8 7.5339 3.9554 3.1470 0.228490 0.880447 0.213151 0.911129
9 7.5413 3.9290 3.1293 0.196379 0.905096 0.187571 0.917534
10 7.5143 3.9257 3.1575 0.192311 0.916535 0.179103 0.920496
11 7.5398 3.9317 3.1794 0.182117 0.920547 0.170649 0.925460
12 7.6094 3.9874 3.1888 0.176603 0.923127 0.168114 0.926021
13 7.4706 3.9120 3.1258 0.173607 0.924835 0.174547 0.920737
14 7.4588 3.8907 3.1367 0.167826 0.926641 0.167565 0.924339
15 7.5784 3.9641 3.1824 0.163249 0.928242 0.161928 0.926421
16 7.5841 3.9598 3.1893 0.158367 0.929843 0.153071 0.933547
17 7.5156 3.9382 3.1340 0.158762 0.931462 0.153068 0.935068
18 7.4529 3.8860 3.1308 0.162636 0.932760 0.154729 0.934428
19 7.5100 3.9353 3.1480 0.160045 0.932503 0.164554 0.931305
20 7.5292 3.9384 3.1573 0.156095 0.934735 0.147018 0.937470
21 7.5229 3.9419 3.1460 0.152945 0.935749 0.156487 0.932266
22 7.6124 3.9529 3.2324 0.178511 0.924719 0.181764 0.924820
23 7.5920 3.9578 3.1947 0.164683 0.930990 0.150108 0.932346
24 7.5072 3.8737 3.1977 0.156835 0.934202 0.150849 0.932186
25 7.5200 3.9652 3.1266 0.153158 0.935242 0.153185 0.932186
26 7.4071 3.8403 3.1355 0.142309 0.936710 0.142293 0.938431
27 7.6419 3.9768 3.2261 0.110508 0.943479 0.113955 0.953323
28 7.3841 3.8101 3.1375 0.131958 0.948203 0.112693 0.951001
29 7.5176 3.9266 3.1494 0.091437 0.953264 0.107152 0.954844
30 7.5246 3.9208 3.1310 0.109985 0.953584 0.107769 0.952362
31 7.5006 3.9099 3.1565 0.103974 0.955381 0.096780 0.959728
32 7.5510 3.9394 3.1725 0.084333 0.957116 0.107135 0.955404
33 7.6674 4.0305 3.1980 0.081767 0.958041 0.101179 0.959087
34 7.6062 4.0066 3.1630 0.082704 0.958557 0.099116 0.959728
35 7.5344 3.9341 3.1692 0.083574 0.958957 0.096722 0.960448
36 7.4493 3.8592 3.1483 0.086522 0.958726 0.091551 0.963811
37 7.5513 3.9240 3.1898 0.091666 0.958521 0.090803 0.963090
38 7.5309 3.9409 3.1445 0.091932 0.957667 0.095155 0.960608
39 7.4862 3.8778 3.1765 0.088079 0.958530 0.096337 0.961729
40 7.4844 3.9082 3.1440 0.092672 0.958521 0.094832 0.962050
41 7.4809 3.8849 3.1594 0.099238 0.958628 0.092443 0.962210
42 7.5342 3.9109 3.1788 0.103750 0.958584 0.094354 0.959808
43 7.4650 3.8835 3.1380 0.096844 0.958530 0.096680 0.958607
44 7.5569 3.9610 3.1553 0.096398 0.959153 0.092821 0.960528
45 7.5908 3.9608 3.1888 0.094159 0.958708 0.096860 0.958287
46 7.5777 3.9822 3.1581 0.094772 0.959989 0.088132 0.963010
47 7.4706 3.8894 3.1465 0.100256 0.959767 0.091109 0.961249
48 7.5336 3.9363 3.1603 0.092334 0.959740 0.091561 0.960689
49 7.4925 3.9063 3.1460 0.089665 0.959793 0.094044 0.960608
