epoch time fwd_time bwd_time loss acc val_loss val_acc
0 7.3723 3.7842 3.1824 0.528339 0.791316 0.467236 0.823299
1 7.4485 3.8620 3.1830 0.514319 0.824122 0.466389 0.823299
2 7.3848 3.8084 3.1670 0.508508 0.824122 0.461575 0.823299
3 7.3504 3.7882 3.1653 0.483108 0.824122 0.439992 0.823299
4 7.4032 3.8206 3.1865 0.368720 0.824122 0.353869 0.823299
5 7.4258 3.8106 3.2213 0.403032 0.826141 0.359039 0.823539
6 7.4020 3.8064 3.1557 0.440811 0.827075 0.359306 0.845717
7 7.3506 3.8102 3.1427 0.465393 0.790845 0.424245 0.823299
8 7.3744 3.7979 3.1795 0.428998 0.824122 0.397607 0.823299
9 7.4216 3.8470 3.1780 0.388065 0.824122 0.364077 0.823299
10 7.3946 3.8305 3.1621 0.345406 0.824629 0.322716 0.824580
11 7.3269 3.7786 3.1524 0.327284 0.836051 0.308161 0.842994
12 7.3244 3.7363 3.1952 0.312257 0.848762 0.300652 0.853723
13 7.5111 3.8571 3.2551 0.513875 0.848878 0.450362 0.823779
14 7.6347 3.9112 3.3302 0.396842 0.855105 0.345128 0.875661
15 7.4385 3.7918 3.2501 0.380118 0.864187 0.330178 0.871257
16 7.3540 3.7979 3.1544 0.292516 0.878526 0.267110 0.881025
17 7.4717 3.8754 3.1957 0.278485 0.891228 0.253473 0.888551
18 7.4492 3.8880 3.1668 0.274297 0.896058 0.245082 0.890552
19 7.4136 3.8168 3.1896 0.261101 0.899199 0.240124 0.893675
20 7.3956 3.8188 3.1781 0.258530 0.899207 0.237447 0.892954
21 7.4038 3.8380 3.1686 0.253921 0.900124 0.233526 0.896397
22 7.3891 3.8546 3.1359 0.252506 0.900986 0.231933 0.897838
23 7.2774 3.7504 3.1328 0.247340 0.901840 0.229845 0.898719
24 7.2855 3.7157 3.1663 0.242817 0.902374 0.228251 0.899039
25 7.3647 3.7980 3.1717 0.240654 0.903424 0.227462 0.899359
26 7.4993 3.8878 3.2077 0.239644 0.904198 0.227612 0.900400
27 7.4131 3.8279 3.1844 0.239065 0.905265 0.229225 0.899680
28 7.3771 3.8026 3.1777 0.256948 0.906146 0.223815 0.900961
29 7.2049 3.6677 3.1366 0.241015 0.908040 0.218727 0.904243
30 7.3773 3.7992 3.1847 0.232454 0.910496 0.213072 0.911609
31 7.3975 3.8274 3.1562 0.226077 0.912310 0.210407 0.912330
32 7.3846 3.7939 3.1842 0.221896 0.913591 0.206569 0.915132
33 7.2855 3.7160 3.1721 0.216148 0.916393 0.199337 0.917774
34 7.3844 3.8235 3.1573 0.209289 0.917594 0.202084 0.917134
35 7.4360 3.8194 3.1838 0.200634 0.919088 0.191991 0.922018
36 7.3863 3.8029 3.1807 0.202204 0.923785 0.186475 0.924500
37 7.4072 3.8428 3.1666 0.187620 0.924773 0.182590 0.926421
38 7.3916 3.8045 3.1902 0.192809 0.928402 0.180518 0.924420
39 7.4413 3.8514 3.1941 0.179265 0.929060 0.169882 0.929944
40 7.4073 3.8100 3.1970 0.168554 0.932334 0.164839 0.931785
41 7.3446 3.7822 3.1654 0.174222 0.932120 0.163547 0.932426
42 7.4534 3.8451 3.1952 0.171299 0.933775 0.159069 0.933947
43 7.4061 3.7972 3.2099 0.164277 0.936434 0.160128 0.935709
44 7.3828 3.7941 3.1951 0.165803 0.936737 0.154998 0.936109
45 7.4153 3.8231 3.1991 0.158686 0.936061 0.153986 0.936429
46 7.4114 3.8192 3.1941 0.158800 0.937173 0.154571 0.936829
47 7.4167 3.8454 3.1740 0.157446 0.937866 0.152720 0.937630
48 7.3102 3.7609 3.1554 0.156597 0.938347 0.150261 0.938110
49 7.3995 3.8146 3.1817 0.155907 0.938880 0.148654 0.938110
