epoch time fwd_time bwd_time loss acc val_loss val_acc
0 7.2607 3.7117 3.1516 0.529245 0.702239 0.466785 0.823299
1 7.3816 3.8107 3.1690 0.510556 0.824122 0.462871 0.823299
2 7.3919 3.7765 3.2126 0.490605 0.824122 0.446481 0.823299
3 7.5817 3.8711 3.2924 0.384859 0.824122 0.351881 0.823299
4 7.3289 3.7709 3.1623 0.348860 0.824122 0.319882 0.823299
5 7.2804 3.7248 3.1462 0.309343 0.837839 0.305985 0.884307
6 7.3445 3.7894 3.1592 0.290314 0.886585 0.274104 0.896878
7 7.3432 3.7675 3.1793 0.307511 0.894724 0.254171 0.887270
8 7.4100 3.8348 3.1712 0.254229 0.897357 0.235655 0.896797
9 7.3470 3.7799 3.1706 0.242749 0.899608 0.227960 0.899680
10 7.3140 3.7394 3.1331 0.237265 0.901796 0.223578 0.901041
11 7.3782 3.8044 3.1745 0.228501 0.903353 0.218396 0.903523
12 7.2869 3.7277 3.1623 0.229973 0.906386 0.210955 0.906805
13 7.2847 3.7393 3.1470 0.218505 0.909268 0.203158 0.911930
14 7.3732 3.8019 3.1286 0.209305 0.911892 0.197539 0.914652
15 7.2987 3.7586 3.1452 0.201842 0.913894 0.191527 0.916974
16 7.4059 3.8206 3.1725 0.197591 0.916989 0.184260 0.921297
17 7.4084 3.8460 3.1629 0.185962 0.919702 0.186668 0.918575
18 7.4396 3.8295 3.2041 0.187786 0.924061 0.169200 0.928743
19 7.3471 3.7675 3.1859 0.233913 0.916500 0.220351 0.914251
20 7.3533 3.7923 3.1579 0.165691 0.925840 0.162086 0.934107
21 7.4023 3.8391 3.1652 0.159999 0.930270 0.155187 0.934428
22 7.2970 3.7493 3.1484 0.160863 0.932058 0.154581 0.936589
23 7.2902 3.7674 3.1221 0.145709 0.933339 0.147354 0.938751
24 7.3628 3.8137 3.1474 0.178542 0.929523 0.174560 0.924179
25 7.3725 3.7730 3.1820 0.145023 0.936061 0.139365 0.941153
26 7.3246 3.7814 3.1466 0.138187 0.938587 0.132962 0.945396
27 7.3303 3.7883 3.1358 0.167338 0.934655 0.168456 0.926261
28 7.3434 3.7743 3.1708 0.126825 0.937404 0.131360 0.945396
29 7.3723 3.7804 3.1848 0.146467 0.935224 0.142541 0.938271
30 7.3307 3.7984 3.1335 0.125072 0.943942 0.123382 0.949079
31 7.4071 3.8226 3.1806 0.181979 0.947420 0.151964 0.936269
32 7.3869 3.8035 3.1806 0.129847 0.945481 0.124608 0.947478
33 7.4137 3.7960 3.2075 0.155820 0.949635 0.130982 0.945556
34 7.3728 3.8244 3.1420 0.123674 0.951058 0.139070 0.941954
35 7.3205 3.7658 3.1567 0.136331 0.950000 0.135669 0.939792
36 7.2701 3.7347 3.1271 0.115556 0.944298 0.113865 0.952682
37 7.4561 3.8345 3.2143 0.153400 0.951752 0.129724 0.944516
38 7.3791 3.7878 3.1780 0.139267 0.954376 0.116546 0.953963
39 7.4503 3.8334 3.1755 0.102398 0.950996 0.125890 0.948439
40 7.3807 3.7676 3.2050 0.093622 0.955844 0.119456 0.948599
41 7.3619 3.8063 3.1591 0.095157 0.951423 0.106108 0.956445
42 7.3617 3.8179 3.1444 0.090835 0.956920 0.117502 0.951081
43 7.3102 3.7483 3.1652 0.099468 0.956297 0.099651 0.960448
44 7.3294 3.7581 3.1715 0.094026 0.957836 0.162726 0.935388
45 7.3349 3.7814 3.1536 0.083939 0.958112 0.146842 0.941553
46 7.2876 3.7160 3.1703 0.117578 0.956039 0.096166 0.961329
47 7.4188 3.8489 3.1697 0.150062 0.953371 0.108054 0.959007
48 7.3316 3.7876 3.1424 0.087276 0.960300 0.103882 0.956525
49 7.2357 3.6964 3.1388 0.084722 0.958495 0.105087 0.956445
