epoch time fwd_time bwd_time loss acc val_loss val_acc
0 7.3634 3.7861 3.1739 0.516782 0.813199 0.466310 0.823299
1 7.3776 3.8337 3.1382 0.507906 0.824122 0.459902 0.823299
2 7.3547 3.7974 3.1588 0.406861 0.824122 0.370879 0.823299
3 7.2957 3.7353 3.1542 0.389927 0.824122 0.361100 0.823299
4 7.4450 3.8566 3.1861 0.362240 0.824122 0.332602 0.823299
5 7.3517 3.7717 3.1834 0.323811 0.829593 0.299926 0.845396
6 7.2510 3.7129 3.1383 0.310830 0.832929 0.293082 0.845076
7 7.3250 3.7865 3.1289 0.309033 0.867727 0.272947 0.877982
8 7.2801 3.7281 3.1556 0.284817 0.889956 0.268873 0.887430
9 7.4398 3.8654 3.1642 0.278750 0.894929 0.263700 0.887990
10 7.3078 3.7650 3.1361 0.264892 0.897099 0.248005 0.893755
11 7.3795 3.8197 3.1549 0.260406 0.899021 0.241821 0.893995
12 7.4184 3.8397 3.1752 0.253498 0.900835 0.235533 0.897678
13 7.3402 3.7778 3.1581 0.246455 0.902152 0.229675 0.900721
14 7.4141 3.8156 3.1939 0.240751 0.903281 0.225775 0.901601
15 7.3742 3.8048 3.1663 0.235685 0.904082 0.222410 0.902882
16 7.3860 3.8081 3.1635 0.232158 0.905052 0.219199 0.903523
17 7.4099 3.8408 3.1635 0.230009 0.906172 0.216127 0.905685
18 7.3163 3.7352 3.1910 0.226835 0.907240 0.212739 0.907206
19 7.3064 3.7693 3.1410 0.222507 0.908316 0.209127 0.908807
20 7.3428 3.7775 3.1488 0.215651 0.909953 0.205703 0.909768
21 7.3842 3.8000 3.1842 0.214010 0.911643 0.205379 0.909448
22 7.4405 3.8264 3.1712 0.212255 0.914089 0.199423 0.912570
23 7.4430 3.8762 3.1573 0.209538 0.915068 0.196473 0.914652
24 7.3773 3.8013 3.1706 0.200621 0.917025 0.194011 0.914652
25 7.2775 3.7318 3.1431 0.193263 0.918866 0.182817 0.921938
26 7.4727 3.9331 3.1371 0.190024 0.920289 0.177347 0.923539
27 7.3531 3.7698 3.1601 0.182729 0.923803 0.176018 0.923459
28 7.3732 3.7959 3.1566 0.177326 0.925626 0.169492 0.926101
29 7.4024 3.7896 3.1946 0.182601 0.926302 0.166272 0.927222
30 7.4624 3.8704 3.1587 0.172249 0.929060 0.164417 0.930584
31 7.3132 3.7608 3.1288 0.176335 0.928864 0.160477 0.928183
32 7.4122 3.8113 3.1724 0.166551 0.931053 0.158120 0.932426
33 7.4690 3.8367 3.2016 0.166472 0.931275 0.156648 0.930504
34 7.4258 3.8619 3.1431 0.160343 0.932832 0.151192 0.934668
35 7.4530 3.8618 3.1691 0.159509 0.933463 0.151929 0.933147
36 7.4188 3.8415 3.1567 0.155788 0.934459 0.147548 0.936269
37 7.3884 3.8087 3.1546 0.153892 0.935153 0.146001 0.935949
38 7.3832 3.7803 3.1849 0.152376 0.935749 0.143873 0.939231
39 7.3602 3.7772 3.1675 0.151463 0.936621 0.145060 0.939712
40 7.2137 3.6679 3.1276 0.149972 0.937537 0.144517 0.939792
41 7.3563 3.7611 3.1696 0.178289 0.939174 0.140293 0.937790
42 7.3866 3.8262 3.1434 0.159121 0.940482 0.144892 0.940352
43 7.3611 3.7617 3.1759 0.156040 0.940891 0.147376 0.938991
44 7.3750 3.7902 3.1621 0.151363 0.941291 0.148422 0.938511
45 7.4372 3.8337 3.1738 0.145396 0.941718 0.148111 0.938911
46 7.4752 3.8671 3.1793 0.170837 0.942848 0.130950 0.943795
47 7.3860 3.7747 3.1914 0.154152 0.943293 0.128605 0.944916
48 7.3931 3.7764 3.1831 0.177489 0.944520 0.127467 0.946277
49 7.4289 3.8199 3.1737 0.133294 0.946397 0.124316 0.950360
