epoch time fwd_time bwd_time loss acc val_loss val_acc
0 7.4989 3.9284 3.1706 0.476395 0.823758 0.460470 0.826581
1 7.5598 3.9879 3.1516 0.435522 0.823758 0.423992 0.826581
2 7.4465 3.9082 3.1313 0.341328 0.823758 0.341981 0.826581
3 7.5640 3.9146 3.2450 0.281094 0.833427 0.300715 0.860288
4 7.5499 3.9583 3.1757 0.351233 0.828018 0.343659 0.826581
5 7.5498 3.9670 3.1651 0.343146 0.823758 0.336531 0.826581
6 7.4645 3.8967 3.1497 0.332791 0.823775 0.330730 0.826902
7 7.6642 3.9951 3.2447 0.323743 0.825163 0.322032 0.829063
8 7.5476 3.9408 3.1986 0.270359 0.831452 0.273387 0.856845
9 7.5506 3.9814 3.1682 0.236990 0.871321 0.233703 0.906405
10 7.6440 3.9837 3.2456 0.226862 0.896574 0.204911 0.915532
11 7.6588 3.9956 3.2431 0.207102 0.910887 0.196271 0.915292
12 7.5580 3.9664 3.1805 0.198042 0.914650 0.190658 0.916813
13 7.7017 4.0093 3.2711 0.191801 0.917532 0.183341 0.920897
14 7.4923 3.9120 3.1358 0.186782 0.919649 0.177323 0.923139
15 7.6032 3.9840 3.2092 0.182689 0.921730 0.173343 0.925380
16 7.6077 3.9712 3.2264 0.179345 0.923776 0.170274 0.926501
17 7.4397 3.8839 3.1392 0.176456 0.925271 0.167945 0.927382
18 7.5105 3.9448 3.1611 0.173785 0.926747 0.166149 0.928263
19 7.4585 3.8873 3.1531 0.171155 0.927930 0.164180 0.928983
20 7.5619 3.9745 3.1768 0.168499 0.928829 0.161792 0.930344
21 7.4293 3.8848 3.1301 0.165785 0.929754 0.159346 0.931065
22 7.4856 3.9197 3.1605 0.163034 0.930741 0.157170 0.931385
23 7.4464 3.8928 3.1366 0.160439 0.931471 0.155345 0.932106
24 7.4200 3.9013 3.1230 0.158349 0.932387 0.154269 0.932746
25 7.6000 3.9757 3.2183 0.156118 0.933276 0.155253 0.932346
26 7.4095 3.8835 3.1247 0.154875 0.933721 0.154550 0.932586
27 7.4356 3.8832 3.1425 0.153474 0.934842 0.152499 0.934187
28 7.5381 3.9520 3.1709 0.152731 0.935589 0.151913 0.935148
29 7.4482 3.9088 3.1334 0.151879 0.936505 0.145779 0.938030
30 7.4913 3.9468 3.1345 0.145628 0.938445 0.137006 0.939231
31 7.6708 4.0193 3.2341 0.147745 0.942848 0.126369 0.949480
32 7.5295 3.9612 3.1625 0.130560 0.946931 0.112411 0.951801
33 7.5788 3.9761 3.2006 0.121415 0.950204 0.106300 0.956926
34 7.5358 3.9764 3.1431 0.085310 0.954412 0.101422 0.956525
35 7.5221 3.9655 3.1428 0.080389 0.957392 0.100479 0.956205
36 7.4477 3.8944 3.1390 0.093826 0.957445 0.093437 0.963010
37 7.4373 3.8852 3.1537 0.091302 0.957836 0.096309 0.958447
38 7.4796 3.8853 3.1777 0.078603 0.958957 0.090159 0.964211
39 7.4149 3.8538 3.1492 0.083226 0.958664 0.102491 0.959648
40 7.6252 3.9300 3.2838 0.082477 0.959322 0.090724 0.964131
41 7.4833 3.9367 3.1390 0.084048 0.960140 0.086495 0.965653
42 7.5369 3.9782 3.1381 0.081363 0.960558 0.086486 0.964852
43 7.5221 3.9228 3.1382 0.084647 0.960185 0.092902 0.960528
44 7.4800 3.9254 3.1364 0.085594 0.960389 0.089097 0.962690
45 7.4942 3.9235 3.1553 0.084477 0.960843 0.087240 0.963491
46 7.5846 3.9640 3.2240 0.083454 0.960914 0.087272 0.963651
47 7.6674 4.0087 3.2609 0.082490 0.961279 0.084178 0.966453
48 7.6532 3.9755 3.2722 0.081418 0.961154 0.087824 0.963571
49 7.5024 3.9342 3.1625 0.076785 0.961528 0.083230 0.967334
