epoch time fwd_time bwd_time loss acc val_loss val_acc
0 7.4192 3.8310 3.1544 0.520213 0.792001 0.466592 0.823299
1 7.3882 3.7709 3.1783 0.496473 0.824122 0.451093 0.823299
2 7.4499 3.8123 3.2021 0.377224 0.824122 0.352503 0.823299
3 7.3950 3.7811 3.1762 0.357284 0.824122 0.334008 0.823299
4 7.3219 3.7280 3.1222 0.329711 0.827965 0.321401 0.833147
5 7.3318 3.7338 3.1519 0.292523 0.849696 0.276116 0.871337
6 7.3510 3.7403 3.1751 0.271012 0.884308 0.262183 0.884067
7 7.4364 3.8169 3.1715 0.254451 0.893070 0.244961 0.894155
8 7.3439 3.7687 3.1349 0.244329 0.898007 0.235275 0.900400
9 7.3701 3.7849 3.1405 0.240765 0.901173 0.231342 0.902082
10 7.4760 3.8387 3.1827 0.243713 0.904669 0.228196 0.904163
11 7.4538 3.8445 3.1739 0.251009 0.906253 0.227176 0.906245
12 7.3844 3.7793 3.1593 0.228687 0.907863 0.219871 0.906645
13 7.3151 3.7580 3.1242 0.229295 0.909570 0.215518 0.908247
14 7.4201 3.8201 3.1662 0.224664 0.911100 0.215114 0.907926
15 7.4092 3.8070 3.1578 0.218561 0.912648 0.213072 0.908647
16 7.4019 3.8081 3.1542 0.212621 0.913520 0.209663 0.909928
17 7.3610 3.7487 3.1770 0.206679 0.914472 0.204838 0.912170
18 7.4181 3.8379 3.1505 0.202007 0.916073 0.198630 0.915132
19 7.3617 3.7564 3.1729 0.198676 0.916980 0.195116 0.916813
20 7.4463 3.8249 3.1807 0.196265 0.917870 0.193042 0.917694
21 7.3581 3.7919 3.1329 0.196443 0.918715 0.190583 0.919295
22 7.4341 3.8161 3.1763 0.194299 0.919391 0.188182 0.920256
23 7.3971 3.7574 3.2093 0.193540 0.920440 0.186052 0.920496
24 7.4401 3.8184 3.1760 0.193877 0.921330 0.183903 0.921297
25 7.2986 3.7303 3.1215 0.199519 0.921704 0.183930 0.922018
26 7.4290 3.8374 3.1540 0.196420 0.922842 0.181526 0.922978
27 7.3930 3.8074 3.1483 0.194811 0.923803 0.179242 0.924019
28 7.3544 3.7642 3.1443 0.193568 0.924177 0.177604 0.924339
29 7.4191 3.8088 3.1361 0.191808 0.924363 0.176037 0.925140
30 7.4841 3.8078 3.2359 0.189874 0.924684 0.174836 0.925781
31 7.4090 3.8170 3.1512 0.187878 0.925164 0.173839 0.925620
32 7.4203 3.8295 3.1477 0.186023 0.925395 0.172943 0.926421
33 7.3521 3.7662 3.1401 0.184410 0.925893 0.172075 0.926181
34 7.4106 3.8029 3.1666 0.182735 0.926383 0.171262 0.926741
35 7.3608 3.7629 3.1572 0.181135 0.926881 0.170502 0.926982
36 7.4490 3.7985 3.2164 0.179657 0.927165 0.169789 0.927462
37 7.4442 3.8291 3.1495 0.178211 0.927486 0.169121 0.927622
38 7.3830 3.7795 3.1677 0.176778 0.927708 0.168489 0.927862
39 7.3852 3.7821 3.1593 0.175396 0.928037 0.167878 0.928423
40 7.3604 3.7475 3.1714 0.174138 0.928286 0.167261 0.928743
41 7.4509 3.8371 3.1826 0.172963 0.928615 0.166670 0.928903
42 7.3324 3.7654 3.1328 0.171803 0.928793 0.166156 0.929223
43 7.4595 3.8474 3.1727 0.170850 0.928971 0.165696 0.929384
44 7.4367 3.8287 3.1743 0.170023 0.929140 0.165254 0.929624
45 7.4766 3.8381 3.1990 0.169250 0.929282 0.164819 0.929784
46 7.3558 3.7834 3.1331 0.168519 0.929443 0.164387 0.930024
47 7.3866 3.7939 3.1536 0.167829 0.929656 0.163960 0.930184
48 7.3831 3.8110 3.1399 0.167176 0.929843 0.163539 0.930264
49 7.4525 3.8354 3.1807 0.166559 0.929967 0.163126 0.930104
