epoch time fwd_time bwd_time loss acc val_loss val_acc
0 12.8800 5.7017 6.7888 0.410012 0.824229 0.468734 0.822338
1 13.2319 5.8815 6.9475 0.407305 0.824229 0.468048 0.822338
2 13.0151 5.8656 6.7452 0.406594 0.824229 0.467141 0.822338
3 13.0057 5.7199 6.8871 0.372349 0.824229 0.420824 0.822338
4 12.8063 5.7103 6.6881 0.322547 0.824229 0.363379 0.822338
5 12.8881 5.8011 6.6854 0.308376 0.824603 0.348123 0.823139
6 13.1450 5.9299 6.8030 0.294782 0.829113 0.322450 0.830584
7 13.0152 5.7660 6.7932 0.270036 0.858823 0.284555 0.865813
8 12.7939 5.6570 6.7327 0.253997 0.874149 0.267914 0.874380
9 12.9645 5.7509 6.8080 0.246308 0.886718 0.256300 0.886549
10 13.0600 5.9226 6.7307 0.235417 0.893159 0.253928 0.887670
11 13.0216 5.8947 6.7269 0.234077 0.896494 0.243244 0.892554
12 12.9247 5.7421 6.7811 0.219815 0.899430 0.240153 0.893114
13 13.0557 5.8012 6.8451 0.215725 0.901351 0.234796 0.895516
14 12.8107 5.6942 6.7218 0.212218 0.902730 0.229582 0.897598
15 13.4648 6.0588 6.9866 0.208845 0.904322 0.223361 0.899760
16 13.0335 5.7270 6.9093 0.205836 0.906110 0.218690 0.901041
17 13.0992 5.8375 6.8423 0.203071 0.907338 0.215673 0.902082
18 13.0452 5.8217 6.8112 0.200449 0.908690 0.213301 0.901841
19 13.0077 5.7518 6.8507 0.197356 0.910362 0.208748 0.904724
20 13.1498 5.8615 6.8884 0.194930 0.911643 0.206324 0.905765
21 12.9156 5.7414 6.7664 0.192511 0.913244 0.203103 0.907366
22 12.7773 5.6921 6.6751 0.190031 0.914863 0.198384 0.911289
23 12.9455 5.7933 6.7498 0.187971 0.916286 0.192679 0.916413
24 13.0833 5.8656 6.8190 0.193148 0.917888 0.188517 0.919696
25 13.0601 5.8124 6.8370 0.185632 0.918670 0.185941 0.921297
26 13.0761 5.7869 6.8893 0.190545 0.920049 0.183587 0.922898
27 12.8203 5.6991 6.7197 0.190489 0.921036 0.183156 0.923299
28 13.0851 5.9084 6.7634 0.210114 0.922469 0.179369 0.924420
29 12.9383 5.7178 6.8016 0.201583 0.923305 0.177457 0.925620
30 13.0846 5.8126 6.8590 0.210603 0.923954 0.176159 0.926341
31 13.1509 5.8337 6.9121 0.188792 0.924853 0.176843 0.925460
32 12.7706 5.6645 6.7025 0.173808 0.924844 0.174157 0.929784
33 12.8767 5.7664 6.7031 0.208657 0.926836 0.172221 0.927062
34 12.8812 5.7388 6.7323 0.182915 0.926614 0.170321 0.927862
35 13.1190 5.8999 6.8143 0.203748 0.927441 0.167778 0.928423
36 12.8675 5.7341 6.7265 0.190925 0.927085 0.166635 0.931465
37 12.8870 5.7454 6.7336 0.170134 0.927726 0.165827 0.931465
38 12.9197 5.7482 6.7645 0.178093 0.929763 0.164624 0.929864
39 13.0977 5.8658 6.8252 0.187162 0.929976 0.164497 0.928743
40 13.0407 5.7927 6.7971 0.181596 0.930136 0.162882 0.929944
41 12.9291 5.7453 6.7845 0.177974 0.931079 0.162186 0.930504
42 12.9956 5.8224 6.7557 0.178706 0.931462 0.161184 0.930665
43 13.0186 5.8812 6.7284 0.174268 0.932031 0.160531 0.930665
44 13.0287 5.8145 6.8034 0.173845 0.932414 0.159375 0.930985
45 13.0447 5.8030 6.8267 0.173327 0.932680 0.158601 0.931625
46 13.0525 5.8212 6.8245 0.174988 0.932921 0.157722 0.932186
47 12.8370 5.7036 6.7139 0.178470 0.933374 0.156799 0.932826
48 12.9442 5.8090 6.7317 0.181563 0.933321 0.156219 0.933147
49 13.0615 5.8725 6.7845 0.177618 0.933392 0.156126 0.934668
