epoch time fwd_time bwd_time loss acc val_loss val_acc
0 13.6726 6.0779 7.1961 0.415430 0.755033 0.469809 0.822338
1 12.8625 5.7188 6.7429 0.407449 0.824229 0.468026 0.822338
2 12.9533 5.7361 6.8146 0.407018 0.824229 0.467572 0.822338
3 13.0976 5.8657 6.8261 0.406493 0.824229 0.467016 0.822338
4 12.9769 5.8654 6.7069 0.405797 0.824229 0.466222 0.822338
5 12.9369 5.7805 6.7530 0.404754 0.824229 0.464515 0.822338
6 13.1400 5.9198 6.8096 0.351920 0.824229 0.422013 0.822338
7 13.0413 5.8700 6.7591 0.275047 0.852872 0.300657 0.875981
8 12.9864 5.8448 6.7349 0.255173 0.887902 0.259529 0.890152
9 13.0422 5.8716 6.7571 0.235037 0.895196 0.242047 0.897918
10 13.1040 5.9598 6.7389 0.238774 0.901129 0.234655 0.900801
11 13.0989 5.9622 6.7335 0.225941 0.904607 0.230494 0.902082
12 13.0324 5.8474 6.7891 0.223284 0.906217 0.225666 0.903923
13 13.0170 5.8181 6.7914 0.223066 0.907578 0.221558 0.904564
14 12.9550 5.7565 6.7937 0.216013 0.907569 0.217750 0.906405
15 13.0861 5.8781 6.8064 0.218840 0.910086 0.211660 0.912570
16 12.9811 5.8482 6.7250 0.217434 0.912186 0.207486 0.913851
17 12.9767 5.8095 6.7203 0.210142 0.913725 0.203208 0.914572
18 12.8003 5.6859 6.7072 0.203878 0.915263 0.203847 0.912330
19 13.0503 5.7936 6.8416 0.195972 0.916215 0.197254 0.915853
20 12.9426 5.8124 6.7123 0.206058 0.917034 0.195566 0.919856
21 12.9734 5.7916 6.7221 0.195720 0.918074 0.192677 0.920977
22 12.8983 5.7280 6.7742 0.209378 0.919533 0.188091 0.921857
23 12.9725 5.7564 6.8048 0.202589 0.920209 0.185365 0.922338
24 13.0442 5.8664 6.7538 0.185951 0.921970 0.186760 0.918735
25 13.0105 5.7826 6.7838 0.191708 0.922478 0.182950 0.920817
26 13.0411 5.7940 6.8625 0.187067 0.923287 0.179440 0.922258
27 12.9844 5.7143 6.8641 0.192148 0.924879 0.180467 0.923379
28 13.0872 5.8225 6.8540 0.178901 0.925395 0.176925 0.923699
29 13.0475 5.8308 6.8007 0.197731 0.926089 0.173569 0.925941
30 13.0589 5.8262 6.8172 0.175796 0.927085 0.172720 0.925380
31 12.9679 5.8897 6.6738 0.193956 0.927317 0.169935 0.927142
32 12.8986 5.7522 6.7366 0.175131 0.927557 0.172451 0.926421
33 13.0125 5.8052 6.8035 0.178105 0.927672 0.171470 0.926821
34 12.8479 5.7028 6.7480 0.179219 0.928046 0.169835 0.927622
35 13.0435 5.8223 6.8173 0.200520 0.928304 0.167354 0.929864
36 12.9777 5.8660 6.7070 0.194035 0.929069 0.162776 0.931785
37 13.0505 5.8314 6.8113 0.203733 0.929523 0.161262 0.932426
38 13.0265 5.8068 6.8151 0.194684 0.930012 0.159362 0.932746
39 13.2321 5.8536 6.9704 0.199298 0.930599 0.158022 0.933627
40 13.1645 5.9379 6.8215 0.198387 0.930955 0.156855 0.935228
41 12.9977 5.8032 6.7893 0.198577 0.931346 0.155874 0.935789
42 12.9523 5.7751 6.7805 0.198313 0.931649 0.155014 0.936589
43 12.9723 5.7853 6.7669 0.198272 0.931835 0.154270 0.936829
44 12.9066 5.7192 6.7806 0.198067 0.932040 0.153634 0.937470
45 12.9598 5.7819 6.7778 0.197652 0.932227 0.153109 0.937310
46 13.2700 6.0127 6.8086 0.197064 0.932431 0.152692 0.937950
47 12.9218 5.7265 6.7897 0.196408 0.932556 0.152362 0.937550
48 13.0018 5.8609 6.7299 0.195725 0.932867 0.151995 0.937390
49 12.8891 5.7179 6.7686 0.194903 0.933010 0.151495 0.937470
