epoch time fwd_time bwd_time loss acc val_loss val_acc
0 12.9821 5.7852 6.7939 0.406985 0.801110 0.467321 0.822338
1 13.0760 5.8947 6.7782 0.405823 0.824229 0.464881 0.822338
2 13.0620 5.8649 6.7751 0.329007 0.824229 0.370278 0.822338
3 13.1159 5.9044 6.7999 0.323792 0.824256 0.356682 0.822338
4 13.0586 5.8131 6.8264 0.311161 0.828196 0.369337 0.822818
5 13.1021 5.8735 6.7984 0.280239 0.848371 0.266541 0.886869
6 13.1012 5.7993 6.8833 0.247366 0.880839 0.250726 0.890072
7 13.0990 5.8219 6.8734 0.251744 0.898905 0.217985 0.904083
8 13.0776 5.8333 6.8379 0.236195 0.907782 0.272913 0.886869
9 13.1070 5.8575 6.8003 0.215723 0.913049 0.219810 0.904644
10 13.0626 5.8449 6.8053 0.188778 0.920423 0.177553 0.920576
11 13.0504 5.8673 6.7740 0.166897 0.921677 0.181137 0.926261
12 13.0876 5.8330 6.8331 0.168511 0.925964 0.159112 0.932186
13 12.9748 5.7722 6.7611 0.152701 0.930981 0.158440 0.930504
14 13.0816 5.8261 6.8523 0.213439 0.935109 0.191850 0.926021
15 13.0449 5.7994 6.8351 0.150271 0.924692 0.145398 0.939311
16 13.1245 5.9048 6.8088 0.195030 0.934531 0.229193 0.884468
17 13.0322 5.7793 6.8469 0.132036 0.937946 0.136773 0.941793
18 13.0229 5.8356 6.7787 0.128144 0.947073 0.138991 0.940352
19 13.0035 5.8352 6.7535 0.125734 0.946264 0.116426 0.950600
20 13.0530 5.8441 6.8015 0.143628 0.951832 0.117017 0.949720
21 12.9394 5.7932 6.7331 0.152362 0.942350 0.150577 0.933947
22 12.8049 5.6972 6.6929 0.105663 0.948247 0.108005 0.956765
23 13.1389 5.9561 6.7635 0.123307 0.955524 0.103833 0.957006
24 13.0766 5.8530 6.8104 0.114449 0.958121 0.116790 0.951401
25 12.9878 5.8369 6.7503 0.105531 0.955506 0.096054 0.961009
26 13.0500 5.8326 6.8093 0.129787 0.960051 0.097281 0.960528
27 13.0234 5.8257 6.7792 0.097196 0.957427 0.094076 0.960448
28 12.9374 5.7893 6.7447 0.112911 0.959775 0.087655 0.964291
29 12.9318 5.7911 6.7300 0.095999 0.960389 0.088570 0.964692
30 12.8650 5.7475 6.7019 0.133306 0.960816 0.127235 0.946117
31 13.0231 5.7894 6.8343 0.095247 0.959971 0.089041 0.962770
32 13.0369 5.7993 6.8298 0.101228 0.961741 0.090215 0.963491
33 13.1182 5.9589 6.7475 0.112281 0.962800 0.086457 0.964532
34 13.1025 5.8797 6.7814 0.112592 0.961635 0.087436 0.964291
35 13.0956 5.8490 6.8403 0.095865 0.963351 0.084267 0.965572
36 12.8840 5.7568 6.7257 0.091568 0.963040 0.085616 0.963811
37 13.1594 5.8834 6.8640 0.090732 0.962604 0.084421 0.965492
38 13.0191 5.8183 6.7929 0.092393 0.963938 0.085192 0.965572
39 13.1440 5.8172 6.9238 0.097494 0.964152 0.094886 0.961169
40 13.1428 5.8980 6.8321 0.087737 0.962916 0.088805 0.964692
41 13.0232 5.8288 6.7907 0.088443 0.963494 0.085550 0.963571
42 13.0614 5.8549 6.7921 0.098851 0.964454 0.082720 0.965973
43 13.1134 5.8120 6.8893 0.113115 0.963787 0.101439 0.957726
44 13.0272 5.7876 6.8243 0.089972 0.960638 0.081203 0.966053
45 12.9955 5.8690 6.7213 0.084962 0.964019 0.086374 0.965572
46 13.0680 5.8015 6.8660 0.088835 0.964828 0.083253 0.967254
47 13.1739 5.9003 6.8657 0.099082 0.964561 0.079341 0.966453
48 12.9641 5.8269 6.7248 0.085511 0.965326 0.080783 0.965252
49 13.0002 5.7995 6.8000 0.089512 0.965113 0.077751 0.967574
