epoch time fwd_time bwd_time loss acc val_loss val_acc
0 13.1265 5.8303 6.8893 0.407213 0.824229 0.467268 0.822338
1 13.0886 5.8791 6.7990 0.371583 0.824229 0.440241 0.822338
2 13.0803 5.9181 6.7591 0.302010 0.824327 0.337040 0.824660
3 12.9831 5.7985 6.7874 0.245950 0.877414 0.267329 0.883267
4 12.9478 5.8280 6.7078 0.234555 0.890570 0.267719 0.884868
5 13.0295 5.7776 6.8506 0.256865 0.893141 0.250334 0.890633
6 12.9878 5.8304 6.7586 0.236735 0.895320 0.254171 0.890552
7 12.8042 5.6943 6.7034 0.230416 0.897117 0.247768 0.892314
8 12.9904 5.8023 6.7674 0.227541 0.898416 0.243917 0.893995
9 12.9343 5.7521 6.7856 0.216836 0.900631 0.233569 0.896477
10 13.0725 5.9082 6.7590 0.220683 0.903077 0.220578 0.903923
11 12.9519 5.8211 6.7198 0.210148 0.905310 0.212567 0.908647
12 12.8311 5.6773 6.7433 0.209936 0.907667 0.206081 0.910809
13 13.1289 5.8522 6.8517 0.203260 0.909277 0.202429 0.913691
14 12.9415 5.7699 6.7673 0.196879 0.911501 0.224955 0.900560
15 13.1054 5.8575 6.8379 0.188466 0.914098 0.189533 0.919536
16 13.0097 5.7877 6.8067 0.190329 0.917478 0.182012 0.925380
17 13.0837 5.8363 6.8488 0.189294 0.920387 0.182990 0.925701
18 12.8658 5.7052 6.7467 0.183563 0.922682 0.174343 0.927062
19 13.0037 5.7882 6.7691 0.177569 0.924746 0.170833 0.930985
20 12.8362 5.7073 6.7195 0.177701 0.923669 0.187479 0.918335
21 13.0403 5.8475 6.7830 0.176480 0.927895 0.163364 0.930665
22 12.9083 5.7240 6.7795 0.162501 0.932280 0.160026 0.933387
23 12.9656 5.8724 6.6908 0.145987 0.933792 0.156874 0.933787
24 13.0154 5.8610 6.7493 0.187689 0.933090 0.149634 0.939632
25 13.0704 5.9049 6.7579 0.153559 0.935162 0.158006 0.933227
26 13.1437 5.9060 6.8263 0.135609 0.938178 0.145209 0.938831
27 12.8614 5.6937 6.7227 0.161561 0.940233 0.146402 0.941633
28 12.9733 5.7438 6.8201 0.150848 0.937279 0.140256 0.941153
29 12.8786 5.7187 6.7484 0.159749 0.942705 0.131722 0.945797
30 12.9998 5.8263 6.7676 0.177366 0.944787 0.160582 0.934988
31 12.8890 5.7650 6.7166 0.169047 0.942937 0.127602 0.947398
32 12.9314 5.8247 6.6853 0.149680 0.946655 0.120101 0.950921
33 12.7528 5.6409 6.7104 0.154969 0.950017 0.119787 0.949400
34 12.9202 5.7439 6.7629 0.131348 0.951423 0.117690 0.950280
35 13.0758 5.8365 6.8214 0.128836 0.952072 0.107376 0.955564
36 13.0925 5.8535 6.8270 0.106730 0.950355 0.106961 0.954283
37 13.0535 5.8721 6.7723 0.119820 0.955586 0.102716 0.957966
38 13.0352 5.8866 6.7351 0.140460 0.956369 0.098243 0.958046
39 12.9389 5.7897 6.7392 0.110010 0.956973 0.110202 0.954043
40 12.9181 5.7666 6.7449 0.112807 0.958512 0.096735 0.958127
41 12.9765 5.6994 6.8788 0.102966 0.959678 0.094846 0.959728
42 13.1247 5.8945 6.8271 0.104393 0.960158 0.099227 0.958847
43 12.8286 5.7382 6.6782 0.106378 0.961288 0.097077 0.958847
44 13.0386 5.8483 6.7845 0.109145 0.960861 0.092058 0.961569
45 12.9445 5.7737 6.7723 0.100615 0.961528 0.090322 0.962210
46 13.0075 5.7703 6.8316 0.086031 0.962053 0.091733 0.961569
47 13.0507 5.8010 6.8444 0.097821 0.964526 0.095434 0.958767
48 13.0340 5.8637 6.7677 0.097733 0.964223 0.103412 0.956125
49 12.9564 5.7879 6.7666 0.103412 0.964703 0.097645 0.958207
