epoch time fwd_time bwd_time loss acc val_loss val_acc
0 12.9605 5.7568 6.8058 0.407338 0.808769 0.467185 0.822338
1 13.0796 5.7620 6.8703 0.405239 0.824229 0.463347 0.822338
2 12.9435 5.8098 6.7112 0.393125 0.824229 0.449565 0.822338
3 12.9496 5.7688 6.7679 0.332504 0.824167 0.360574 0.822418
4 12.8678 5.7589 6.7039 0.300815 0.825554 0.334950 0.827782
5 13.8640 6.1722 7.2244 0.267241 0.853183 0.286944 0.871737
6 13.2559 5.9596 6.8888 0.243922 0.888293 0.247323 0.893435
7 13.0318 5.7555 6.8654 0.237498 0.895578 0.247854 0.890793
8 13.2053 5.8738 6.9145 0.217661 0.901236 0.221234 0.905204
9 13.1787 5.9461 6.8231 0.238186 0.898887 0.220295 0.908006
10 12.9612 5.8001 6.7496 0.229690 0.906217 0.234768 0.896317
11 12.9558 5.7591 6.7906 0.194489 0.909917 0.204111 0.912650
12 13.0185 5.7711 6.8413 0.218106 0.915014 0.255660 0.897838
13 13.0783 5.8435 6.8203 0.191491 0.918466 0.188440 0.917134
14 13.1768 5.9613 6.8031 0.194342 0.916713 0.199385 0.913211
15 13.0167 5.8480 6.7664 0.172569 0.923794 0.160970 0.932986
16 13.1251 5.9273 6.7918 0.186310 0.910976 0.170772 0.927062
17 12.8528 5.7396 6.7118 0.155913 0.928144 0.164252 0.928503
18 13.0592 5.8424 6.7995 0.189525 0.917336 0.191646 0.920897
19 12.9084 5.7192 6.7789 0.156107 0.930608 0.148586 0.937310
20 12.9210 5.7348 6.7751 0.156967 0.936754 0.169683 0.929544
21 12.9417 5.7792 6.7481 0.151481 0.938018 0.173828 0.929624
22 12.9891 5.7835 6.8031 0.185598 0.935963 0.203362 0.920977
23 12.8494 5.6984 6.7388 0.200055 0.935616 0.158882 0.935308
24 13.3332 5.9833 6.9316 0.154188 0.939966 0.163940 0.932826
25 13.0397 5.7213 6.9108 0.158665 0.939912 0.168723 0.928663
26 13.0554 5.7273 6.8858 0.147252 0.942688 0.125262 0.950040
27 13.0765 5.8318 6.8322 0.126543 0.946788 0.118538 0.950761
28 12.8963 5.7895 6.6932 0.161535 0.947384 0.114464 0.952042
29 13.1678 5.9587 6.8079 0.166381 0.947882 0.127827 0.947078
30 12.8808 5.7574 6.6769 0.111266 0.949928 0.102682 0.956365
31 13.1657 5.8865 6.8629 0.112863 0.952170 0.121094 0.950921
32 13.0802 5.8979 6.7769 0.135478 0.955577 0.096578 0.960128
33 13.0226 5.7239 6.8956 0.113198 0.957223 0.099106 0.959888
34 13.0443 5.8664 6.7645 0.112378 0.955452 0.106882 0.956285
35 12.9853 5.7620 6.8162 0.132613 0.958824 0.101394 0.956765
36 12.8832 5.7559 6.7238 0.157604 0.959357 0.114831 0.952922
37 12.9872 5.8642 6.7214 0.102550 0.960425 0.107621 0.957326
38 12.9333 5.7884 6.6979 0.158756 0.960042 0.114614 0.951882
39 13.0964 5.7848 6.9150 0.121575 0.959437 0.094893 0.960128
40 13.1240 5.8522 6.8631 0.133083 0.959153 0.096979 0.959007
41 13.1150 5.9181 6.7816 0.098198 0.962257 0.096862 0.961249
42 13.0890 5.8088 6.8680 0.096971 0.963556 0.093362 0.962770
43 13.1132 5.8794 6.8178 0.128014 0.961813 0.103871 0.956765
44 13.0403 5.8490 6.7801 0.102033 0.961555 0.095501 0.961569
45 13.0756 5.7679 6.9012 0.105267 0.962142 0.092395 0.961169
46 13.0262 5.8951 6.7048 0.093101 0.964196 0.096878 0.961569
47 13.1132 5.7427 6.9662 0.098203 0.964081 0.104483 0.958046
48 12.9665 5.6840 6.8717 0.098790 0.964570 0.088619 0.962690
49 13.0771 5.8723 6.7924 0.089784 0.963903 0.103810 0.958127
