epoch time fwd_time bwd_time loss acc val_loss val_acc
0 12.9675 5.7381 6.7976 0.408104 0.824229 0.468711 0.822338
1 12.9746 5.7627 6.8148 0.407393 0.824229 0.468049 0.822338
2 12.9406 5.7829 6.7574 0.406731 0.824229 0.467240 0.822338
3 13.0050 5.8143 6.7850 0.367714 0.824229 0.423693 0.822338
4 13.2398 6.0329 6.7637 0.401471 0.824229 0.480089 0.822338
5 12.8716 5.7115 6.7431 0.395275 0.824416 0.454765 0.822338
6 12.9528 5.8087 6.7437 0.351762 0.824380 0.397963 0.822498
7 12.9340 5.7764 6.7551 0.338295 0.824434 0.383721 0.822498
8 13.0685 5.8076 6.8573 0.332280 0.824407 0.375691 0.822498
9 13.0175 5.7183 6.8894 0.328158 0.824336 0.368946 0.822338
10 12.9597 5.7491 6.8180 0.324123 0.824434 0.362909 0.822418
11 12.9851 5.7933 6.7786 0.318620 0.824460 0.356976 0.822578
12 13.0842 5.9481 6.7287 0.309381 0.824958 0.349516 0.824019
13 12.8891 5.7349 6.7519 0.301401 0.827084 0.340430 0.826902
14 13.0066 5.7581 6.8406 0.287014 0.833115 0.316926 0.838591
15 13.1573 5.9498 6.7909 0.285708 0.856884 0.288160 0.863571
16 13.0193 5.8638 6.7440 0.277546 0.872860 0.273360 0.877022
17 13.0379 5.8840 6.7597 0.265114 0.883694 0.262696 0.885428
18 13.0802 5.8865 6.7941 0.252586 0.889894 0.253844 0.890793
19 13.0590 5.8927 6.7616 0.243247 0.894128 0.247589 0.893995
20 13.1785 5.9288 6.8366 0.234881 0.895703 0.242025 0.896637
21 12.9890 5.7878 6.7963 0.231142 0.898051 0.237571 0.898239
22 13.0492 5.8121 6.8334 0.228542 0.900008 0.233719 0.900160
23 12.9448 5.7605 6.7883 0.226450 0.901351 0.230178 0.902002
24 12.8472 5.8180 6.6351 0.224609 0.902641 0.226889 0.904243
25 13.0303 5.8423 6.7866 0.222902 0.903522 0.223755 0.905204
26 12.9686 5.8507 6.7074 0.221274 0.904607 0.220704 0.906005
27 13.1318 5.9256 6.8062 0.219678 0.905630 0.217679 0.907446
28 12.9699 5.7671 6.7972 0.218078 0.906591 0.214630 0.908647
29 12.9781 5.7633 6.7590 0.216447 0.907898 0.211512 0.909608
30 13.0570 5.8275 6.8221 0.214777 0.909268 0.208280 0.910889
31 13.2069 5.9360 6.8482 0.213053 0.910647 0.204891 0.912170
32 13.0400 5.9017 6.7208 0.211168 0.912319 0.201314 0.914412
33 12.9196 5.7718 6.7500 0.208942 0.914152 0.197552 0.916013
34 12.9512 5.8153 6.7135 0.206563 0.916028 0.193643 0.917534
35 13.0769 5.9126 6.7596 0.205122 0.917790 0.189427 0.918975
36 13.0161 5.9094 6.7041 0.205318 0.919444 0.184823 0.920817
37 13.0012 5.8196 6.7617 0.201949 0.921161 0.180547 0.923379
38 12.9551 5.8544 6.6949 0.193480 0.922664 0.176864 0.924740
39 12.8569 5.7495 6.7078 0.188931 0.925146 0.173978 0.925300
40 12.9329 5.7373 6.7958 0.187188 0.926658 0.170852 0.926421
41 13.0417 5.8651 6.7679 0.180584 0.927628 0.168816 0.926501
42 12.8889 5.7539 6.7352 0.176698 0.928731 0.166986 0.926902
43 12.8133 5.6850 6.7230 0.174512 0.930092 0.164399 0.927542
44 12.9790 5.7948 6.7835 0.173116 0.931222 0.162044 0.928743
45 13.1013 5.9282 6.7680 0.183573 0.932298 0.160921 0.930264
46 13.0120 5.7899 6.8235 0.181269 0.932511 0.158158 0.931385
47 12.9171 5.7005 6.8076 0.177653 0.933401 0.154048 0.934588
48 13.0592 5.8249 6.8247 0.175065 0.934931 0.152485 0.935068
49 13.0441 5.8971 6.7427 0.172020 0.935705 0.150366 0.935949
