epoch time fwd_time bwd_time loss acc val_loss val_acc
0 12.9059 5.7874 6.7115 0.407377 0.784520 0.467717 0.822338
1 13.0519 5.8053 6.8402 0.406843 0.824229 0.465934 0.822338
2 12.8979 5.6931 6.7608 0.400161 0.824229 0.458228 0.822338
3 12.9742 5.7861 6.7699 0.310219 0.824487 0.347836 0.822338
4 12.9365 5.8100 6.7223 0.249772 0.859926 0.275700 0.879023
5 13.0625 5.8676 6.7784 0.247638 0.886309 0.257292 0.885428
6 13.1094 5.8488 6.8535 0.229897 0.891878 0.246577 0.891593
7 12.9471 5.7752 6.7629 0.219632 0.896067 0.242989 0.890472
8 13.0279 5.8479 6.7631 0.210149 0.901760 0.214709 0.906245
9 12.9329 5.8427 6.6671 0.201506 0.907267 0.206572 0.911049
10 12.9385 5.8143 6.7165 0.194712 0.912550 0.203068 0.912570
11 13.0955 5.8504 6.8427 0.213737 0.914641 0.192226 0.920336
12 13.0973 5.8031 6.8856 0.205704 0.915406 0.188589 0.918735
13 13.0450 5.8179 6.8243 0.193300 0.921437 0.181006 0.924740
14 12.9862 5.8499 6.7308 0.197458 0.919302 0.178164 0.926181
15 13.0980 5.7359 6.9553 0.176536 0.925529 0.171115 0.927542
16 13.0246 5.8799 6.7402 0.187963 0.923910 0.178040 0.923859
17 13.1003 5.8537 6.8365 0.192518 0.927619 0.163751 0.928823
18 13.0237 5.8151 6.7997 0.168371 0.928259 0.179164 0.921057
19 13.1411 5.8919 6.8394 0.181073 0.931257 0.156949 0.931225
20 13.0128 5.7771 6.8369 0.155628 0.932921 0.147630 0.936669
21 13.0657 5.7782 6.8816 0.151669 0.935580 0.143799 0.940192
22 13.0227 5.7934 6.8131 0.153541 0.936301 0.155359 0.931946
23 13.0827 5.8293 6.8424 0.136426 0.937857 0.135935 0.943475
24 13.1200 5.8188 6.8852 0.139156 0.941594 0.126954 0.945396
25 13.0427 5.7837 6.8488 0.154344 0.938791 0.140274 0.941153
26 13.2057 5.9573 6.8429 0.126594 0.944662 0.120210 0.950681
27 12.9890 5.8185 6.7624 0.119525 0.945943 0.119372 0.950841
28 12.8009 5.7495 6.6469 0.107279 0.947491 0.115989 0.950200
29 12.9807 5.7494 6.8124 0.118268 0.949243 0.115080 0.951561
30 12.9491 5.7805 6.7598 0.125423 0.948381 0.113480 0.954043
31 12.9852 5.7771 6.7603 0.116033 0.949519 0.108894 0.953163
32 13.0879 5.8680 6.8037 0.119586 0.948354 0.117758 0.949480
33 12.9592 5.7571 6.7999 0.107116 0.953771 0.111745 0.953323
34 12.8663 5.7052 6.7491 0.099060 0.954287 0.107011 0.955885
35 13.0905 5.8408 6.8416 0.115600 0.954518 0.106136 0.954684
36 12.9731 5.7726 6.8028 0.128129 0.953451 0.112928 0.955084
37 13.1661 5.9116 6.8427 0.098339 0.955942 0.105455 0.956205
38 12.9307 5.7512 6.7678 0.094710 0.956377 0.098477 0.959247
39 13.0702 5.7616 6.9052 0.117720 0.955799 0.097144 0.959648
40 13.0268 5.7531 6.8562 0.110093 0.957231 0.103249 0.955164
41 13.0709 5.8439 6.8117 0.094261 0.957836 0.105206 0.957566
42 12.9068 5.7262 6.7675 0.102870 0.957205 0.097692 0.959087
43 13.3741 6.0315 6.9276 0.096963 0.958076 0.097457 0.959808
44 13.0246 5.7756 6.8216 0.099391 0.958753 0.106417 0.956205
45 12.9859 5.7592 6.8143 0.097690 0.957970 0.103913 0.957166
46 12.8443 5.6926 6.7487 0.092141 0.957472 0.099111 0.958767
47 13.0120 5.8880 6.7228 0.097342 0.958281 0.097288 0.957406
48 12.9683 5.8664 6.6994 0.110803 0.959500 0.105025 0.954444
49 12.9820 5.7988 6.7817 0.102173 0.959064 0.107771 0.953723
