epoch time fwd_time bwd_time loss acc val_loss val_acc
0 13.0766 5.7878 6.8807 0.407526 0.817753 0.465783 0.822338
1 13.0403 5.7976 6.8377 0.385451 0.824229 0.442571 0.822338
2 12.9790 5.7627 6.8076 0.304961 0.824754 0.339755 0.824179
3 12.9241 5.7755 6.7451 0.276744 0.851653 0.291895 0.878943
4 12.8969 5.7829 6.7093 0.246732 0.887466 0.257020 0.891113
5 12.7882 5.6778 6.6951 0.236936 0.893034 0.253264 0.890713
6 13.0461 5.7508 6.8720 0.238088 0.895160 0.235584 0.897038
7 12.9795 5.8140 6.7571 0.226704 0.897669 0.233829 0.897758
8 12.9130 5.7871 6.7234 0.222860 0.900275 0.229066 0.899119
9 12.9186 5.7832 6.7330 0.220029 0.902027 0.228769 0.898479
10 13.0324 5.8245 6.8042 0.215823 0.904002 0.220126 0.904484
11 12.9765 5.7953 6.7696 0.217643 0.904954 0.221026 0.902962
12 13.1757 5.8871 6.8662 0.207820 0.906973 0.209108 0.910889
13 12.9220 5.7856 6.7273 0.208123 0.909499 0.205820 0.915052
14 13.1040 5.9392 6.7484 0.214564 0.911438 0.222472 0.904163
15 13.0180 5.7912 6.8174 0.218469 0.912381 0.213620 0.905685
16 13.0441 5.8502 6.7890 0.211826 0.914009 0.195483 0.916733
17 12.9778 5.7480 6.7751 0.205697 0.915415 0.206637 0.909127
18 12.9546 5.7907 6.7467 0.229325 0.917665 0.215535 0.904404
19 13.0428 5.8471 6.7771 0.176258 0.918644 0.178304 0.926181
20 12.9796 5.7564 6.8211 0.169925 0.922655 0.170522 0.928343
21 12.9518 5.7576 6.7448 0.159570 0.925191 0.177086 0.923859
22 12.9391 5.7899 6.7444 0.189470 0.924692 0.180403 0.924740
23 13.0055 5.7694 6.8250 0.198640 0.927699 0.159844 0.936349
24 13.0258 5.8154 6.8092 0.140387 0.932885 0.154215 0.935308
25 12.9667 5.8249 6.7318 0.150548 0.935509 0.147308 0.937630
26 13.1153 5.9541 6.7509 0.141870 0.937769 0.140171 0.942514
27 12.8864 5.7278 6.7477 0.120433 0.938987 0.142781 0.938831
28 13.0493 5.8126 6.8210 0.175282 0.938854 0.149319 0.940352
29 13.0776 5.8610 6.7964 0.111311 0.940962 0.134482 0.943635
30 13.0330 5.8209 6.7949 0.125257 0.940499 0.140090 0.941873
31 12.9506 5.7873 6.7450 0.110582 0.944396 0.127664 0.947958
32 12.9452 5.7862 6.7440 0.105197 0.945845 0.124554 0.949079
33 13.0841 5.7939 6.8807 0.102552 0.946139 0.122876 0.951161
34 13.0679 5.8401 6.8152 0.107495 0.946281 0.124161 0.950200
35 13.0057 5.8115 6.7921 0.194378 0.944725 0.129730 0.944676
36 13.0926 5.8655 6.8083 0.132229 0.945908 0.145295 0.940512
37 12.8170 5.6860 6.7245 0.170675 0.947616 0.134567 0.944035
38 12.8922 5.7705 6.7098 0.111112 0.947295 0.134713 0.944355
39 13.0314 5.8790 6.7471 0.109464 0.948132 0.129327 0.948679
40 13.0756 5.8393 6.8274 0.103621 0.949288 0.131575 0.946117
41 13.0172 5.8942 6.7024 0.165938 0.950951 0.121035 0.950040
42 13.0407 5.8327 6.7941 0.125480 0.952250 0.114028 0.953403
43 13.1012 5.9345 6.7631 0.107978 0.952464 0.114048 0.951401
44 12.9939 5.7798 6.7922 0.095415 0.954429 0.107562 0.955484
45 13.0508 5.7946 6.8408 0.090455 0.956191 0.105791 0.957086
46 12.9027 5.6975 6.7598 0.110915 0.955959 0.107492 0.957566
47 12.9571 5.7427 6.8080 0.085885 0.958290 0.108018 0.958127
48 13.0539 5.8264 6.8171 0.119398 0.957329 0.103154 0.958527
49 13.0479 5.7897 6.8413 0.091422 0.958459 0.104500 0.958767
