epoch time fwd_time bwd_time loss acc val_loss val_acc
0 12.9941 5.7930 6.8086 0.408103 0.822317 0.466339 0.822338
1 13.0436 5.8328 6.7975 0.320469 0.824229 0.357570 0.822338
2 12.9945 5.7660 6.8307 0.278462 0.837465 0.296578 0.862290
3 13.0400 5.8633 6.7720 0.294310 0.878268 0.299778 0.876701
4 13.0933 5.8684 6.7634 0.252416 0.890303 0.271685 0.888070
5 13.0878 5.7473 6.9212 0.279496 0.899875 0.409613 0.865012
6 12.9877 5.8086 6.7686 0.251347 0.899296 0.218343 0.906005
7 13.0542 5.8531 6.7838 0.224212 0.907952 0.250639 0.909127
8 13.1206 5.9187 6.7872 0.248780 0.917025 0.180340 0.924500
9 13.1155 5.8415 6.8519 0.229277 0.927913 0.168980 0.924259
10 12.9257 5.7263 6.7902 0.162770 0.929807 0.212183 0.909848
11 13.1128 5.7942 6.8987 0.132466 0.938445 0.132423 0.944355
12 13.0621 5.8728 6.7747 0.159867 0.940357 0.147774 0.941473
13 12.8298 5.7074 6.7222 0.179200 0.944529 0.118994 0.950841
14 13.1609 5.9317 6.8233 0.148861 0.948968 0.124634 0.947318
15 13.0366 5.7919 6.8230 0.135044 0.948683 0.141093 0.940993
16 12.9181 5.7720 6.7491 0.158633 0.950089 0.101585 0.958046
17 13.0952 5.8562 6.8327 0.158921 0.956982 0.095706 0.959728
18 13.1339 5.9292 6.7927 0.126724 0.958032 0.098341 0.958447
19 12.9559 5.7951 6.7566 0.115980 0.956031 0.097959 0.959568
20 13.1117 5.8499 6.8568 0.128662 0.960202 0.098907 0.959247
21 12.8726 5.7381 6.7297 0.118445 0.960265 0.091194 0.962130
22 13.1804 5.9044 6.8563 0.117760 0.960870 0.088954 0.962530
23 13.1379 5.8881 6.8380 0.107254 0.959091 0.091124 0.961970
24 13.1366 5.8562 6.8592 0.107024 0.960647 0.103704 0.957886
25 12.9530 5.8168 6.7143 0.094752 0.961795 0.098392 0.959808
26 12.9534 5.7944 6.7398 0.120144 0.960674 0.087610 0.963251
27 13.0079 5.8620 6.7353 0.107986 0.963262 0.092258 0.961489
28 12.9962 5.8602 6.7253 0.103101 0.963947 0.108508 0.956525
29 13.0155 5.9000 6.7086 0.102826 0.964997 0.091910 0.962530
30 13.0037 5.7647 6.8267 0.124624 0.963245 0.083714 0.965412
31 13.0212 5.7855 6.8195 0.100430 0.964348 0.087659 0.963731
32 13.1121 5.9019 6.8116 0.095992 0.962444 0.090101 0.963251
33 13.1514 5.8694 6.8246 0.115623 0.962088 0.085111 0.964612
34 13.0224 5.8339 6.7799 0.115375 0.961448 0.085199 0.965092
35 13.0095 5.7946 6.7954 0.125867 0.965255 0.082402 0.966293
36 13.0871 5.8848 6.7953 0.081769 0.961724 0.084992 0.965092
37 12.9174 5.7881 6.7192 0.103524 0.965317 0.111112 0.956365
38 12.8732 5.6976 6.7712 0.123462 0.962996 0.087016 0.964291
39 13.0412 5.8135 6.8161 0.092457 0.965824 0.082838 0.966373
40 12.9817 5.8008 6.7830 0.115588 0.965362 0.081332 0.966293
41 13.0856 5.8586 6.8116 0.115013 0.965637 0.101174 0.959488
42 12.9193 5.7351 6.7806 0.091926 0.966598 0.084461 0.965973
43 13.0736 5.8535 6.8153 0.081845 0.966020 0.085611 0.963090
44 12.8556 5.7101 6.7327 0.098826 0.963209 0.079694 0.967414
45 13.0962 5.7836 6.8989 0.119716 0.966056 0.080101 0.966373
46 13.0045 5.8034 6.7939 0.084880 0.966767 0.085227 0.965412
47 13.0437 5.8038 6.8387 0.105298 0.965922 0.100278 0.959808
48 12.9958 5.8101 6.7703 0.086331 0.966901 0.108506 0.956926
49 13.0156 5.8135 6.7964 0.085575 0.967034 0.094681 0.963651
