epoch time fwd_time bwd_time loss acc val_loss val_acc
0 13.0861 5.8584 6.8236 0.405094 0.818518 0.463472 0.822338
1 13.0439 5.7863 6.8406 0.304051 0.824229 0.341052 0.822338
2 13.2231 5.9198 6.8507 0.275690 0.841441 0.294884 0.867414
3 13.0408 5.7122 6.9164 0.243878 0.882022 0.256162 0.890953
4 12.9646 5.7414 6.8162 0.245089 0.888275 0.250902 0.889592
5 12.8760 5.6723 6.8011 0.229942 0.896681 0.241549 0.898399
6 13.0928 5.8029 6.8350 0.207644 0.898291 0.236376 0.895196
7 12.8920 5.7162 6.7659 0.197643 0.902854 0.222115 0.900801
8 13.1176 5.8119 6.9044 0.202104 0.907187 0.223087 0.899680
9 13.0751 5.9313 6.7188 0.214432 0.907124 0.229003 0.895757
10 13.1269 5.8579 6.8167 0.172624 0.913947 0.187783 0.919215
11 13.1684 5.8910 6.8533 0.174211 0.917487 0.191182 0.913451
12 13.0188 5.8279 6.7809 0.205022 0.915566 0.195703 0.914892
13 13.0366 5.8442 6.7847 0.181440 0.917905 0.185353 0.922658
14 13.1788 5.8791 6.8907 0.186187 0.923331 0.162817 0.933147
15 13.1407 5.8797 6.8492 0.149309 0.930305 0.165966 0.924820
16 13.1314 5.9283 6.7937 0.128144 0.929985 0.179966 0.932506
17 12.9678 5.7695 6.7913 0.165490 0.931284 0.159944 0.932746
18 13.0897 5.8247 6.8474 0.137746 0.939814 0.135148 0.941954
19 13.0532 5.7259 6.9162 0.142566 0.945267 0.134512 0.938831
20 12.9867 5.7815 6.7928 0.111636 0.950462 0.106414 0.957726
21 12.9626 5.7913 6.7679 0.104051 0.949688 0.099317 0.958687
22 13.1618 5.8891 6.8569 0.104507 0.951725 0.108493 0.955484
23 13.1750 5.8597 6.8970 0.108110 0.953869 0.104166 0.957486
24 13.0194 5.8270 6.7861 0.127963 0.955541 0.096330 0.959888
25 13.1465 5.8684 6.8605 0.090489 0.958245 0.094651 0.960368
26 13.1233 5.9220 6.7928 0.087259 0.959589 0.101904 0.957486
27 12.8291 5.7144 6.7037 0.093950 0.959019 0.088679 0.964051
28 12.9797 5.8010 6.7701 0.094704 0.956306 0.088534 0.963491
29 13.0179 5.8200 6.7781 0.092782 0.961288 0.090177 0.961569
30 13.0465 5.8562 6.7828 0.083917 0.960754 0.095834 0.959167
31 13.0426 5.8128 6.7771 0.094997 0.961163 0.094121 0.960689
32 13.0083 5.8216 6.7830 0.108209 0.959793 0.093053 0.961489
33 13.0410 5.8477 6.7897 0.114084 0.963556 0.083045 0.965733
34 12.9430 5.7464 6.7933 0.082044 0.962684 0.097376 0.958127
35 13.1282 5.8512 6.8309 0.086094 0.959971 0.086748 0.964211
36 12.9375 5.7823 6.7437 0.082410 0.963289 0.089761 0.961809
37 13.0619 5.8918 6.7563 0.081477 0.962604 0.084101 0.965172
38 12.9712 5.7601 6.8112 0.102082 0.963494 0.095917 0.961089
39 13.0518 5.8083 6.8413 0.091422 0.964508 0.085561 0.963971
40 13.2351 5.9126 6.9183 0.087959 0.963992 0.083028 0.964852
41 13.0933 5.8119 6.8710 0.152988 0.963538 0.097425 0.959648
42 13.1198 5.8576 6.8499 0.082578 0.963280 0.081675 0.964852
43 13.0661 5.7846 6.8624 0.082871 0.965388 0.091410 0.961249
44 12.9527 5.7602 6.7869 0.081941 0.965709 0.081508 0.966373
45 13.0582 5.8311 6.8181 0.075635 0.965433 0.080609 0.965893
46 12.9241 5.7334 6.7869 0.078709 0.964872 0.084257 0.964211
47 12.9917 5.8033 6.7740 0.107469 0.966314 0.081590 0.965492
48 13.0456 5.9096 6.7220 0.077397 0.965557 0.083953 0.964772
49 13.1582 5.9257 6.8229 0.096614 0.966509 0.081360 0.965412
