epoch time fwd_time bwd_time loss acc val_loss val_acc
0 7.4568 3.9185 3.1480 0.515579 0.823758 0.507261 0.826581
1 7.7931 4.0847 3.3076 0.481691 0.823758 0.469129 0.826581
2 7.6681 4.0223 3.2565 0.476786 0.823758 0.461883 0.826581
3 7.4807 3.9035 3.1536 0.476544 0.823758 0.460866 0.826581
4 7.4946 3.9561 3.1578 0.475933 0.823758 0.460210 0.826581
5 7.4850 3.9384 3.1597 0.472989 0.823758 0.458333 0.826581
6 7.6071 3.9684 3.2506 0.397088 0.823758 0.399091 0.826661
7 7.3933 3.8812 3.1313 0.374148 0.824069 0.374499 0.825220
8 7.6625 4.0308 3.2540 0.365446 0.822219 0.365668 0.823699
9 7.4347 3.8966 3.1525 0.360888 0.821231 0.360504 0.823139
10 7.4463 3.9073 3.1553 0.356889 0.821080 0.356611 0.823379
11 7.5553 4.0003 3.1819 0.353220 0.820938 0.353207 0.823539
12 7.3933 3.8901 3.1248 0.349699 0.821498 0.350013 0.824339
13 7.5860 3.9763 3.2299 0.346132 0.821881 0.346835 0.824580
14 7.8492 4.1336 3.3318 0.342119 0.822788 0.343398 0.826021
15 7.4707 3.9211 3.1555 0.337087 0.824318 0.339357 0.826902
16 7.5067 3.9409 3.1470 0.331801 0.826880 0.334682 0.830584
17 7.4752 3.9249 3.1694 0.325481 0.829691 0.328715 0.832746
18 7.5201 3.9564 3.1807 0.316246 0.833969 0.320283 0.839792
19 7.4421 3.9251 3.1369 0.300574 0.844688 0.305070 0.856445
20 7.4896 3.9611 3.1103 0.274520 0.871152 0.272724 0.884628
21 7.4148 3.8922 3.1380 0.250536 0.892625 0.254878 0.893515
22 7.4844 3.9380 3.1521 0.244494 0.898434 0.237309 0.904404
23 7.4394 3.9152 3.1466 0.230211 0.903539 0.227138 0.907766
24 7.5136 3.9622 3.1798 0.221290 0.907533 0.218260 0.912170
25 7.4129 3.8665 3.1713 0.214812 0.910620 0.210780 0.914011
26 7.4618 3.9223 3.1563 0.209678 0.913218 0.204433 0.916013
27 7.6133 3.9637 3.2648 0.205396 0.915646 0.199015 0.918575
28 7.4876 3.8815 3.2186 0.201678 0.917523 0.194353 0.920336
29 7.3949 3.8886 3.1276 0.198334 0.919435 0.190292 0.922178
30 7.4704 3.9155 3.1624 0.195243 0.921063 0.186713 0.922818
31 7.5464 3.9471 3.2076 0.192378 0.922522 0.183568 0.923699
32 7.4355 3.8928 3.1514 0.189765 0.923643 0.180823 0.924580
33 7.3886 3.8807 3.1196 0.187421 0.924630 0.178414 0.926101
34 7.5165 3.9484 3.1911 0.185334 0.925644 0.176275 0.926982
35 7.5272 3.9572 3.1888 0.183484 0.926418 0.174354 0.928343
36 7.5690 3.9909 3.1920 0.181843 0.927228 0.172616 0.929143
37 7.4119 3.8744 3.1500 0.180380 0.927557 0.171033 0.929944
38 7.5240 3.9731 3.1665 0.179065 0.928144 0.169585 0.930665
39 7.4635 3.9291 3.1584 0.177870 0.928624 0.168252 0.931305
40 7.4956 3.9570 3.1565 0.176770 0.929122 0.167017 0.932346
41 7.4180 3.8689 3.1557 0.175746 0.929656 0.165864 0.933467
42 7.4304 3.9147 3.1381 0.174780 0.930047 0.164778 0.933947
43 7.4600 3.9198 3.1538 0.173857 0.930296 0.163747 0.934267
44 7.5290 3.9366 3.2005 0.172967 0.930483 0.162758 0.934508
45 7.3894 3.8238 3.1492 0.172099 0.930768 0.161802 0.934668
46 7.5220 3.9397 3.2053 0.171246 0.931168 0.160870 0.935388
47 7.4758 3.9260 3.1674 0.170399 0.931408 0.159953 0.935468
48 7.4805 3.9258 3.1672 0.169551 0.931657 0.159041 0.936109
49 7.5019 3.9277 3.1886 0.168694 0.931969 0.158127 0.936990
