epoch time fwd_time bwd_time loss acc val_loss val_acc
0 7.4211 3.9358 3.1260 0.509820 0.823758 0.500252 0.826581
1 7.4350 3.8992 3.1700 0.479185 0.823758 0.465394 0.826581
2 7.7031 4.0106 3.3204 0.476901 0.823758 0.461396 0.826581
3 7.6867 4.0053 3.3044 0.476873 0.823758 0.460943 0.826581
4 7.5144 3.9701 3.1756 0.476730 0.823758 0.460758 0.826581
5 7.3047 3.8092 3.1393 0.476450 0.823758 0.460545 0.826581
6 7.4482 3.9205 3.1686 0.475895 0.823758 0.460164 0.826581
7 7.4169 3.9110 3.1446 0.474815 0.823758 0.459329 0.826581
8 7.4827 3.9809 3.1475 0.473219 0.823758 0.457825 0.826581
9 7.4439 3.9589 3.1289 0.471065 0.823758 0.455891 0.826581
10 7.4426 3.9123 3.1773 0.467314 0.823758 0.452860 0.826581
11 7.4179 3.9106 3.1444 0.451210 0.823758 0.439525 0.826581
12 7.4821 3.9940 3.1396 0.365683 0.823758 0.367643 0.826581
13 7.3906 3.8866 3.1439 0.356006 0.823758 0.355928 0.826581
14 7.4273 3.9176 3.1477 0.348401 0.823758 0.348272 0.826581
15 7.5604 3.9664 3.2138 0.340539 0.823758 0.341451 0.826581
16 7.5755 3.9811 3.2384 0.333949 0.823766 0.333337 0.826821
17 7.4274 3.8883 3.1410 0.315368 0.838942 0.306927 0.870937
18 7.5788 3.9865 3.2320 0.290838 0.871765 0.293968 0.864772
19 7.4715 3.9491 3.1669 0.283154 0.880216 0.283365 0.874139
20 7.3797 3.8471 3.1723 0.291061 0.884237 0.264228 0.888871
21 7.4445 3.9111 3.1280 0.285632 0.887492 0.255107 0.889672
22 7.4298 3.9363 3.1335 0.274725 0.890704 0.249906 0.892074
23 7.4234 3.9059 3.1494 0.266218 0.893781 0.245291 0.894476
24 7.5613 4.0059 3.1869 0.259281 0.896316 0.241203 0.896557
25 7.5523 4.0079 3.1742 0.253590 0.898353 0.237541 0.898879
26 7.4117 3.9007 3.1438 0.248869 0.900471 0.234201 0.901041
27 7.4702 3.9444 3.1634 0.244873 0.902187 0.231123 0.903122
28 7.5043 3.9641 3.1729 0.241423 0.903628 0.228272 0.903683
29 7.6891 4.0530 3.2660 0.238397 0.904811 0.225626 0.905524
30 7.4825 3.9405 3.1752 0.235718 0.906048 0.223160 0.906325
31 7.4803 3.9393 3.1715 0.233330 0.906920 0.220849 0.908006
32 7.4727 3.9343 3.1656 0.231191 0.907782 0.218673 0.908567
33 7.4611 3.9367 3.1542 0.229265 0.908530 0.216613 0.909688
34 7.5589 3.9545 3.2346 0.227518 0.909295 0.214657 0.911129
35 7.4600 3.9342 3.1658 0.225925 0.909989 0.212792 0.911849
36 7.5427 4.0010 3.1763 0.224460 0.910673 0.211011 0.912410
37 7.8188 4.1214 3.3326 0.223101 0.911394 0.209306 0.912730
38 7.5638 3.9905 3.2100 0.221833 0.911972 0.207671 0.913691
39 7.4024 3.8398 3.1903 0.220639 0.912524 0.206101 0.914492
40 7.4615 3.9462 3.1504 0.219509 0.913200 0.204590 0.914732
41 7.5197 3.9675 3.1849 0.218431 0.913760 0.203135 0.916013
42 7.4832 3.9314 3.1827 0.217398 0.914347 0.201731 0.915933
43 7.5019 3.9332 3.1930 0.216405 0.914783 0.200376 0.916573
44 7.5477 3.9738 3.2060 0.215444 0.915326 0.199065 0.917214
45 7.4798 3.9246 3.1796 0.214514 0.915779 0.197798 0.918094
46 7.4677 3.9333 3.1591 0.213609 0.916117 0.196573 0.918495
47 7.4593 3.8919 3.2006 0.212726 0.916642 0.195389 0.918975
48 7.4837 3.9476 3.1626 0.211862 0.917096 0.194245 0.920096
49 7.5038 3.9356 3.1969 0.211016 0.917487 0.193142 0.920416
