epoch time fwd_time bwd_time loss acc val_loss val_acc
0 7.4579 3.9027 3.1456 0.522808 0.823758 0.515097 0.826581
1 7.4105 3.8957 3.1478 0.483715 0.823758 0.471518 0.826581
2 7.4502 3.9273 3.1489 0.477240 0.823758 0.462638 0.826581
3 7.3938 3.8778 3.1397 0.476890 0.823758 0.461380 0.826581
4 7.5918 3.9889 3.2390 0.476890 0.823758 0.461139 0.826581
5 7.4124 3.8842 3.1558 0.476788 0.823758 0.461005 0.826581
6 7.3875 3.8921 3.1370 0.476622 0.823758 0.460868 0.826581
7 7.5069 3.9498 3.1890 0.476381 0.823758 0.460694 0.826581
8 7.4614 3.9449 3.1432 0.475998 0.823758 0.460436 0.826581
9 7.4099 3.8951 3.1459 0.475268 0.823758 0.459955 0.826581
10 7.5101 3.9292 3.1988 0.473562 0.823758 0.458785 0.826581
11 7.4625 3.9191 3.1789 0.464813 0.823758 0.453190 0.826581
12 7.5665 4.0308 3.1608 0.377640 0.823064 0.379639 0.826661
13 7.4360 3.9268 3.1438 0.362176 0.823749 0.363494 0.826741
14 7.6679 4.0043 3.2906 0.352018 0.823909 0.353711 0.826501
15 7.4992 3.9380 3.1855 0.342500 0.824327 0.344009 0.827062
16 7.4261 3.9152 3.1521 0.327720 0.825795 0.330238 0.836429
17 7.4061 3.8994 3.1295 0.300538 0.852196 0.299362 0.867094
18 7.4786 3.9515 3.1465 0.263721 0.880856 0.268436 0.885588
19 7.4938 3.9575 3.1686 0.253129 0.887137 0.263759 0.886309
20 7.4874 3.9576 3.1603 0.248830 0.890561 0.252267 0.892954
21 7.3633 3.8583 3.1376 0.245802 0.893835 0.243612 0.896317
22 7.4930 3.9351 3.1793 0.241576 0.896797 0.237467 0.899039
23 7.5169 3.9625 3.1797 0.236837 0.898852 0.232672 0.900721
24 7.4393 3.9341 3.1422 0.232250 0.900791 0.228485 0.902802
25 7.4689 3.9115 3.1436 0.228086 0.902579 0.224637 0.905604
26 7.3947 3.8924 3.1264 0.224369 0.904153 0.221053 0.907526
27 7.4562 3.9362 3.1496 0.221027 0.905479 0.217704 0.909047
28 7.5326 3.9529 3.2015 0.217981 0.906804 0.214560 0.910088
29 7.4456 3.8933 3.1388 0.215168 0.908121 0.211595 0.911529
30 7.4658 3.9220 3.1711 0.212545 0.909357 0.208782 0.913050
31 7.5091 3.9598 3.1789 0.210082 0.910585 0.206103 0.914091
32 7.4641 3.9299 3.1608 0.207755 0.911741 0.203542 0.914812
33 7.5429 3.9851 3.1941 0.205551 0.912915 0.201088 0.916013
34 7.4297 3.9180 3.1385 0.203456 0.913573 0.198733 0.916974
35 7.4684 3.9222 3.1735 0.201462 0.914623 0.196470 0.917854
36 7.5146 3.9460 3.1872 0.199562 0.915584 0.194294 0.919135
37 7.6159 4.0021 3.2428 0.197748 0.916393 0.192201 0.919776
38 7.4148 3.9055 3.1382 0.196015 0.917087 0.190188 0.920657
39 7.4633 3.9163 3.1743 0.194357 0.917914 0.188251 0.921297
40 7.5013 3.9601 3.1740 0.192770 0.918661 0.186387 0.921777
41 7.4465 3.9339 3.1458 0.191248 0.919453 0.184594 0.922178
42 7.4191 3.9032 3.1560 0.189788 0.920165 0.182869 0.922498
43 7.3851 3.8709 3.1327 0.188385 0.920876 0.181211 0.922898
44 7.5247 3.9594 3.1999 0.187038 0.921499 0.179616 0.923299
45 7.5760 3.9849 3.2308 0.185744 0.922175 0.178084 0.923379
46 7.5413 3.9733 3.1904 0.184501 0.922851 0.176612 0.923699
47 7.4253 3.9199 3.1424 0.183307 0.923314 0.175197 0.924980
48 7.4833 3.9324 3.1776 0.182161 0.923954 0.173838 0.925380
49 7.4991 3.9506 3.1672 0.181061 0.924648 0.172531 0.926261
