epoch time fwd_time bwd_time loss acc val_loss val_acc
0 7.5313 3.9036 3.2336 0.477063 0.823758 0.460889 0.826581
1 7.6292 3.9951 3.2463 0.475213 0.823758 0.459637 0.826581
2 7.5185 3.9480 3.1838 0.468682 0.823758 0.453583 0.826581
3 7.4956 3.9598 3.1561 0.435615 0.823758 0.424274 0.826581
4 7.3842 3.8615 3.1461 0.353520 0.823766 0.351370 0.826581
5 7.5078 3.9567 3.1649 0.328256 0.830082 0.331301 0.859968
6 7.5061 3.9362 3.1858 0.329541 0.827431 0.323396 0.826982
7 7.5049 3.9499 3.1712 0.269296 0.855896 0.260427 0.893034
8 7.3977 3.8796 3.1305 0.249334 0.888604 0.231463 0.904484
9 7.5135 3.9432 3.1821 0.247347 0.899110 0.237533 0.896717
10 7.4459 3.9195 3.1474 0.236526 0.904785 0.210451 0.912810
11 7.5083 3.9661 3.1517 0.213573 0.909037 0.203010 0.911609
12 7.4722 3.9161 3.1777 0.212697 0.912719 0.191470 0.919055
13 7.4671 3.9243 3.1569 0.199238 0.916420 0.190574 0.917294
14 7.3507 3.8340 3.1412 0.192673 0.919071 0.186365 0.918975
15 7.3853 3.8605 3.1401 0.187083 0.922033 0.180492 0.922498
16 7.5183 3.9305 3.2036 0.182299 0.924515 0.175555 0.924660
17 7.5064 3.9284 3.1929 0.180823 0.926391 0.171878 0.926501
18 7.4888 3.9360 3.1570 0.176252 0.927966 0.169181 0.927222
19 7.5028 3.9485 3.1804 0.174289 0.928855 0.164774 0.929223
20 7.7129 4.0125 3.3073 0.172348 0.929878 0.163190 0.929624
21 7.5799 3.9693 3.2297 0.170851 0.930626 0.159806 0.931465
22 7.4928 3.9369 3.1645 0.169143 0.931533 0.159987 0.930825
23 7.5465 3.9555 3.1935 0.167987 0.932156 0.155683 0.932986
24 7.4672 3.9156 3.1407 0.166409 0.933018 0.157990 0.931305
25 7.4676 3.9162 3.1603 0.165456 0.933401 0.152937 0.933787
26 7.4175 3.8545 3.1707 0.164147 0.934059 0.154949 0.933066
27 7.5355 3.9562 3.1787 0.163160 0.934477 0.151683 0.933867
28 7.4573 3.9045 3.1304 0.162057 0.935144 0.152027 0.933787
29 7.5023 3.9375 3.1802 0.161030 0.935438 0.150843 0.934828
30 7.6094 3.9701 3.2538 0.160014 0.935998 0.150417 0.934748
31 7.3774 3.8369 3.1471 0.159021 0.936327 0.149872 0.934908
32 7.6487 3.9911 3.2554 0.158048 0.936657 0.149429 0.934988
33 7.4528 3.8948 3.1769 0.157090 0.937039 0.149029 0.935068
34 7.4689 3.9205 3.1505 0.156147 0.937324 0.148670 0.935068
35 7.4912 3.9382 3.1581 0.155215 0.937653 0.148350 0.935548
36 7.5394 3.9411 3.1690 0.154294 0.938044 0.148065 0.935709
37 7.4422 3.9031 3.1487 0.153383 0.938418 0.147817 0.935869
38 7.4926 3.9233 3.1802 0.152484 0.938791 0.147607 0.935789
39 7.5598 3.9685 3.2002 0.151598 0.938996 0.147428 0.936029
40 7.5464 3.9622 3.1885 0.150726 0.939387 0.147279 0.936269
41 7.4825 3.8804 3.2288 0.149870 0.939512 0.147155 0.936029
42 7.4952 3.9161 3.1786 0.149032 0.939601 0.147053 0.936109
43 7.4121 3.8742 3.1507 0.148211 0.939868 0.146964 0.936509
44 7.5292 3.9694 3.1761 0.147410 0.940046 0.146885 0.936669
45 7.3971 3.8737 3.1423 0.146628 0.940241 0.146808 0.936749
46 8.7306 4.6976 3.6105 0.145865 0.940321 0.146727 0.936589
47 7.9061 4.1255 3.3840 0.145119 0.940410 0.146636 0.936589
48 7.5471 3.9585 3.1986 0.144389 0.940579 0.146530 0.936910
49 7.5947 3.9577 3.2480 0.143672 0.940704 0.146408 0.936910
