epoch time fwd_time bwd_time loss acc val_loss val_acc
0 7.3965 3.8633 3.1406 0.540332 0.703458 0.533154 0.826581
1 7.4733 3.9151 3.1775 0.482428 0.823758 0.470309 0.826581
2 7.4981 3.9531 3.1781 0.476570 0.823758 0.462255 0.826581
3 7.7494 4.0595 3.3123 0.476089 0.823758 0.461038 0.826581
4 7.5107 3.9305 3.1664 0.475727 0.823758 0.460538 0.826581
5 7.4897 3.9381 3.1839 0.475059 0.823758 0.459925 0.826581
6 7.4865 3.9315 3.1723 0.474125 0.823758 0.459047 0.826581
7 7.5379 3.9932 3.1826 0.473118 0.823758 0.458033 0.826581
8 7.5258 3.9555 3.2010 0.471851 0.823758 0.456835 0.826581
9 7.4100 3.9021 3.1319 0.469788 0.823758 0.454990 0.826581
10 7.4450 3.9238 3.1412 0.464026 0.823758 0.448946 0.826581
11 7.4156 3.8998 3.1480 0.395015 0.823117 0.408840 0.813611
12 7.4664 3.8926 3.1967 0.358336 0.817228 0.372335 0.824660
13 7.5183 3.9607 3.1866 0.350146 0.824789 0.357372 0.827462
14 7.3651 3.8135 3.1770 0.345791 0.825795 0.350047 0.828903
15 7.4769 3.9436 3.1576 0.340652 0.826391 0.344041 0.829143
16 7.4466 3.9356 3.1454 0.333819 0.827120 0.337192 0.832266
17 7.5803 3.9545 3.2464 0.326613 0.829201 0.328732 0.836189
18 7.4350 3.9099 3.1498 0.311506 0.837670 0.315811 0.844836
19 7.4581 3.9138 3.1642 0.300004 0.854491 0.300027 0.862770
20 7.4649 3.9450 3.1487 0.294943 0.867718 0.283593 0.874940
21 7.4550 3.9456 3.1319 0.273580 0.875377 0.272417 0.877022
22 7.4918 3.9427 3.1711 0.264076 0.880118 0.266828 0.880705
23 7.4696 3.9479 3.1451 0.257265 0.883196 0.261342 0.884307
24 7.5463 3.9752 3.1992 0.250933 0.886122 0.255768 0.887270
25 7.4113 3.8952 3.1502 0.244904 0.888586 0.250235 0.889832
26 7.3391 3.8168 3.1521 0.239218 0.891451 0.244688 0.893114
27 7.4045 3.8863 3.1473 0.233858 0.894546 0.239101 0.894876
28 7.5789 3.9908 3.1976 0.228822 0.897482 0.233476 0.897918
29 7.4512 3.8946 3.1866 0.224124 0.900266 0.227858 0.902562
30 7.5117 3.9540 3.1840 0.219760 0.903450 0.222399 0.904724
31 7.2990 3.8014 3.1327 0.215711 0.906297 0.217327 0.907926
32 7.4199 3.8975 3.1444 0.211983 0.908823 0.212794 0.910488
33 7.4886 3.9395 3.1459 0.208585 0.910949 0.208777 0.911449
34 7.3742 3.8820 3.1246 0.205465 0.912942 0.205208 0.913611
35 7.4698 3.9296 3.1709 0.202565 0.914756 0.202071 0.914412
36 7.4791 3.9498 3.1558 0.199857 0.916073 0.199350 0.915773
37 7.4792 3.9363 3.1331 0.197319 0.916927 0.196983 0.916653
38 7.4742 3.9365 3.1677 0.194926 0.917647 0.194880 0.917454
39 7.4565 3.9106 3.1656 0.192643 0.918412 0.192948 0.917854
40 7.4348 3.9127 3.1546 0.190426 0.919062 0.191111 0.918175
41 7.4087 3.9153 3.1241 0.188238 0.919818 0.189319 0.919536
42 7.4805 3.9306 3.1671 0.186067 0.920503 0.187542 0.920657
43 7.4341 3.9159 3.1499 0.183915 0.921108 0.185765 0.921297
44 7.4466 3.9180 3.1486 0.181794 0.921659 0.183983 0.921777
45 7.4856 3.9408 3.1742 0.179717 0.922406 0.182200 0.922658
46 7.4469 3.9117 3.1614 0.177687 0.922896 0.180419 0.923139
47 7.5889 4.0109 3.2027 0.175697 0.923696 0.178641 0.924339
48 7.4894 3.9431 3.1770 0.173738 0.924052 0.176862 0.924660
49 7.5988 3.9937 3.2363 0.171806 0.924630 0.175082 0.925220
