epoch time fwd_time bwd_time loss acc val_loss val_acc
0 7.4686 3.8868 3.1822 0.477032 0.770448 0.461288 0.826581
1 7.4874 3.9090 3.1778 0.475860 0.823758 0.460453 0.826581
2 7.4300 3.8944 3.1452 0.373299 0.823935 0.378883 0.827542
3 7.4393 3.8979 3.1264 0.345304 0.822477 0.348835 0.823219
4 7.4547 3.8895 3.1690 0.328680 0.823313 0.332441 0.824580
5 7.5536 3.9526 3.2033 0.299528 0.832528 0.316748 0.838671
6 7.4712 3.9329 3.1490 0.260244 0.866304 0.250164 0.891833
7 7.4274 3.9125 3.1261 0.239895 0.892741 0.230857 0.899119
8 7.3968 3.8682 3.1383 0.218050 0.901316 0.227246 0.901041
9 7.5723 3.9864 3.1855 0.210172 0.904598 0.205082 0.911769
10 7.4990 3.9262 3.1982 0.203062 0.909019 0.198318 0.914732
11 7.4995 3.9376 3.1829 0.201787 0.911581 0.194445 0.913851
12 7.4691 3.9086 3.1566 0.202634 0.913315 0.189142 0.915693
13 7.3901 3.8284 3.1769 0.200174 0.915023 0.185464 0.917774
14 7.4657 3.9174 3.1636 0.197795 0.916891 0.182640 0.919616
15 7.5806 3.9979 3.2020 0.196212 0.917763 0.180286 0.920817
16 7.5056 3.9281 3.1813 0.195454 0.918261 0.178427 0.922098
17 7.6642 3.9947 3.2786 0.195110 0.919053 0.177215 0.922498
18 7.5307 4.0120 3.1352 0.194225 0.919996 0.176286 0.922898
19 7.3505 3.8357 3.1366 0.192862 0.920707 0.175091 0.922498
20 7.4170 3.8881 3.1435 0.191416 0.921606 0.173613 0.922978
21 7.5620 3.9515 3.2210 0.190010 0.922638 0.171954 0.924179
22 7.5122 3.8958 3.2198 0.188665 0.923572 0.170178 0.925380
23 7.4349 3.8807 3.1686 0.187202 0.924755 0.168147 0.926821
24 7.4778 3.9153 3.1670 0.185565 0.925795 0.165725 0.927862
25 7.6752 3.9893 3.2854 0.183783 0.926534 0.163057 0.928903
26 7.4631 3.9119 3.1555 0.181845 0.927245 0.160284 0.930024
27 7.5373 3.9481 3.2039 0.179711 0.928206 0.157501 0.931465
28 7.4305 3.8982 3.1432 0.177231 0.929193 0.154806 0.932106
29 7.4720 3.9316 3.1515 0.173881 0.929950 0.152430 0.934748
30 7.4490 3.9133 3.1426 0.169464 0.930973 0.150792 0.935629
31 7.4744 3.9235 3.1572 0.165735 0.932076 0.149498 0.934908
32 7.5907 3.9806 3.1707 0.163370 0.932903 0.147806 0.936589
33 7.6016 3.9727 3.2241 0.161086 0.934139 0.145686 0.937310
34 7.5336 3.9431 3.1902 0.160148 0.934895 0.143043 0.938030
35 7.5106 3.9617 3.1497 0.158688 0.935981 0.140341 0.939632
36 7.4265 3.8915 3.1425 0.160896 0.936941 0.136734 0.941713
37 7.5003 3.9341 3.1695 0.163499 0.938089 0.133502 0.943475
38 7.5894 4.0410 3.1531 0.163707 0.938809 0.131410 0.944916
39 7.4523 3.8777 3.1791 0.161095 0.939565 0.129009 0.945556
40 7.5954 4.0020 3.1883 0.159989 0.940651 0.127056 0.946037
41 7.4696 3.8918 3.1721 0.158517 0.941594 0.126193 0.946597
42 7.6504 3.9848 3.2656 0.155539 0.942723 0.124700 0.946357
43 7.5953 3.9912 3.2028 0.150637 0.943791 0.122007 0.946918
44 7.5271 3.9556 3.1742 0.145983 0.944582 0.120092 0.947398
45 7.3457 3.8031 3.1426 0.141170 0.945338 0.118421 0.948038
46 7.5107 3.9370 3.1712 0.137590 0.945801 0.117140 0.948999
47 7.4310 3.8784 3.1509 0.135558 0.945997 0.116031 0.949560
48 7.8882 4.1253 3.3554 0.134412 0.946264 0.114976 0.949960
49 7.5378 3.9745 3.1642 0.133189 0.946868 0.113996 0.950440
