epoch time fwd_time bwd_time loss acc val_loss val_acc
0 7.9313 4.1435 3.3681 0.476783 0.779121 0.460800 0.826581
1 7.6295 4.0141 3.2048 0.470962 0.823758 0.455768 0.826581
2 7.4752 3.9231 3.1481 0.410506 0.823758 0.398744 0.826581
3 7.6093 3.9759 3.2170 0.365370 0.823758 0.356089 0.826581
4 7.5818 3.9813 3.1998 0.355987 0.823758 0.348370 0.826581
5 7.5105 3.9452 3.1527 0.348824 0.823784 0.343629 0.827222
6 7.4270 3.8940 3.1371 0.314437 0.828890 0.321853 0.846677
7 7.5967 4.0177 3.1652 0.300240 0.826017 0.300174 0.834508
8 7.4922 3.9286 3.1439 0.216023 0.895151 0.197033 0.920176
9 7.4870 3.9280 3.1565 0.204746 0.915352 0.182685 0.923859
10 7.5155 3.9200 3.1391 0.198379 0.921125 0.176628 0.925941
11 7.4737 3.9119 3.1480 0.191519 0.924434 0.169894 0.927942
12 7.4821 3.9290 3.1548 0.168177 0.928802 0.162120 0.931145
13 7.4751 3.9166 3.1436 0.152227 0.932316 0.147532 0.937470
14 7.4678 3.9188 3.1502 0.134822 0.937066 0.138640 0.940833
15 7.4932 3.9239 3.1534 0.130385 0.939379 0.131341 0.944275
16 7.6078 3.9648 3.2239 0.122618 0.942963 0.125192 0.947798
17 7.4858 3.9294 3.1580 0.116031 0.945659 0.120119 0.949800
18 7.4922 3.9213 3.1236 0.109038 0.946352 0.119202 0.951001
19 7.5944 3.9505 3.2438 0.110889 0.948834 0.111196 0.955564
20 7.4878 3.9386 3.1395 0.133804 0.946726 0.127603 0.945476
21 7.5691 3.9582 3.1985 0.096342 0.951369 0.109238 0.956445
22 7.5112 3.9459 3.1509 0.116235 0.950978 0.104984 0.959488
23 7.4295 3.8997 3.1355 0.089305 0.953433 0.101399 0.959087
24 7.4819 3.9260 3.1476 0.091686 0.953922 0.105096 0.958607
25 7.5072 3.9554 3.1418 0.083932 0.955266 0.098431 0.959568
26 7.4583 3.9111 3.1455 0.082682 0.955799 0.099347 0.959488
27 7.4420 3.8962 3.1352 0.079769 0.956831 0.095986 0.960849
28 7.4875 3.9279 3.1466 0.085094 0.958103 0.091701 0.963411
29 7.3998 3.8646 3.1311 0.088721 0.958886 0.088238 0.964452
30 7.6235 3.9900 3.2200 0.080354 0.958984 0.090699 0.962930
31 7.4633 3.8821 3.1729 0.077400 0.959366 0.091182 0.962690
32 7.4471 3.8936 3.1489 0.076626 0.959838 0.091692 0.962450
33 7.5932 3.9400 3.2391 0.077539 0.961021 0.085606 0.965733
34 7.5116 3.9667 3.1321 0.075162 0.961297 0.084603 0.965733
35 7.4552 3.9102 3.1376 0.075237 0.961590 0.083957 0.965973
36 7.5073 3.9362 3.1574 0.077941 0.961314 0.083063 0.966053
37 7.5378 3.9434 3.1798 0.088874 0.961724 0.083749 0.966133
38 7.7894 4.0415 3.3504 0.077004 0.961990 0.088468 0.963731
39 7.5306 3.9594 3.1672 0.088998 0.962204 0.081337 0.966213
40 7.4237 3.8850 3.1296 0.083651 0.962622 0.079871 0.966934
41 7.4634 3.8782 3.1730 0.080219 0.962809 0.082124 0.966453
42 7.6250 4.0232 3.1919 0.073049 0.963111 0.087416 0.964612
43 7.4680 3.8739 3.1493 0.067788 0.963076 0.090137 0.963571
44 7.5353 3.9385 3.1876 0.064836 0.962960 0.088354 0.964371
45 7.4484 3.9036 3.1445 0.066923 0.963547 0.087044 0.965332
46 7.4956 3.9517 3.1404 0.063251 0.963627 0.086626 0.965572
47 7.4203 3.8557 3.1600 0.061594 0.963636 0.085731 0.965733
48 7.3413 3.8066 3.1232 0.061229 0.964010 0.085471 0.965893
49 7.5209 3.9104 3.2009 0.060396 0.964054 0.085278 0.965733
