epoch time fwd_time bwd_time loss acc val_loss val_acc
0 7.5147 3.9327 3.1663 0.476856 0.823597 0.461156 0.826581
1 7.5356 3.9274 3.1509 0.471157 0.823758 0.455631 0.826581
2 7.4478 3.9103 3.1320 0.420083 0.823758 0.410256 0.826581
3 7.4899 3.9159 3.1625 0.364540 0.823758 0.355471 0.826581
4 7.5126 3.8983 3.1981 0.355445 0.823758 0.346070 0.826581
5 7.4808 3.9341 3.1320 0.346421 0.823758 0.338529 0.826581
6 7.4392 3.8971 3.1328 0.335356 0.823758 0.330775 0.826581
7 7.4879 3.9282 3.1552 0.309983 0.826150 0.307762 0.836029
8 7.4632 3.9038 3.1495 0.266900 0.858360 0.257612 0.880224
9 7.4824 3.9309 3.1435 0.224580 0.883863 0.224342 0.902082
10 7.4812 3.9211 3.1507 0.208649 0.900275 0.213578 0.902162
11 7.6005 3.9556 3.2367 0.203837 0.907035 0.195734 0.912890
12 7.4733 3.9011 3.1573 0.198345 0.912613 0.190506 0.915212
13 7.4968 3.9344 3.1520 0.191507 0.916633 0.190294 0.914652
14 7.5186 3.9305 3.1882 0.188096 0.919346 0.187120 0.916013
15 7.4676 3.9172 3.1429 0.186766 0.920939 0.181625 0.918735
16 7.4886 3.9325 3.1462 0.184948 0.922673 0.178448 0.920256
17 7.5545 3.9745 3.1685 0.182314 0.924168 0.177306 0.920336
18 7.4574 3.9133 3.1368 0.179485 0.925529 0.176626 0.919856
19 7.5567 3.9455 3.1935 0.176942 0.926311 0.174986 0.921057
20 7.5070 3.9455 3.1504 0.174970 0.927592 0.171563 0.924099
21 7.4250 3.8542 3.1697 0.173743 0.928473 0.167998 0.926181
22 7.4851 3.9105 3.1317 0.172671 0.929558 0.167216 0.926421
23 7.4967 3.9295 3.1464 0.171395 0.930439 0.167143 0.926421
24 7.5293 3.9315 3.1875 0.170287 0.930901 0.166446 0.926501
25 7.4839 3.9058 3.1670 0.169364 0.931444 0.165258 0.927302
26 7.8577 4.1817 3.2642 0.168582 0.932013 0.163761 0.927942
27 7.5192 3.8650 3.2196 0.167907 0.932627 0.162067 0.928903
28 7.5815 3.9759 3.1594 0.167314 0.933250 0.160247 0.929784
29 7.5020 3.9301 3.1384 0.166776 0.933597 0.158329 0.930825
30 7.5790 3.9500 3.1919 0.166256 0.933944 0.156313 0.931785
31 7.5175 3.9085 3.1671 0.165697 0.934442 0.154207 0.932826
32 7.6214 3.9692 3.2151 0.165031 0.934753 0.152072 0.934107
33 7.6444 3.9742 3.2354 0.164198 0.935180 0.150005 0.935068
34 7.5060 3.9324 3.1307 0.163181 0.935705 0.148097 0.936669
35 7.4223 3.8449 3.1319 0.161997 0.935989 0.146399 0.937870
36 7.5249 3.9325 3.1634 0.160682 0.936336 0.144913 0.938431
37 7.5120 3.9156 3.1642 0.159273 0.936897 0.143626 0.939311
38 7.5239 3.9367 3.1627 0.157801 0.937395 0.142518 0.939311
39 7.4720 3.9021 3.1391 0.156296 0.937671 0.141569 0.939792
40 7.4418 3.8495 3.1452 0.154784 0.938124 0.140762 0.940192
41 7.5247 3.9258 3.1607 0.153286 0.938445 0.140084 0.940192
42 7.6403 3.9923 3.2147 0.151827 0.938720 0.139521 0.940352
43 7.4914 3.9169 3.1312 0.150421 0.939058 0.139060 0.940592
44 7.4646 3.9008 3.1266 0.149081 0.939387 0.138689 0.941073
45 7.6609 3.9814 3.2397 0.147814 0.939628 0.138397 0.941553
46 7.4633 3.9082 3.1247 0.146621 0.940010 0.138178 0.941393
47 7.5552 3.9556 3.1678 0.145505 0.940215 0.138021 0.941713
48 7.5302 3.9006 3.1775 0.144458 0.940277 0.137923 0.941553
49 7.5539 3.9318 3.1770 0.143479 0.940295 0.137881 0.941233
