epoch time fwd_time bwd_time loss acc val_loss val_acc
0 7.4915 3.8974 3.1872 0.477252 0.718820 0.461025 0.826581
1 7.5920 3.9818 3.2101 0.477099 0.823758 0.461056 0.826581
2 7.6668 4.0119 3.2551 0.475888 0.823758 0.460426 0.826581
3 7.4518 3.9053 3.1408 0.468096 0.823758 0.453650 0.826581
4 7.5129 3.9190 3.1871 0.411741 0.823758 0.404633 0.826581
5 7.5502 3.9643 3.1850 0.355638 0.823758 0.348621 0.826581
6 7.6250 3.9900 3.2276 0.352057 0.823758 0.341619 0.826581
7 7.4196 3.8694 3.1360 0.342406 0.823758 0.333597 0.826581
8 7.5073 3.9351 3.1740 0.330266 0.823758 0.323093 0.826581
9 7.4898 3.8737 3.2050 0.320721 0.823758 0.308256 0.826581
10 8.5732 4.6230 3.4871 0.294601 0.829370 0.278671 0.853403
11 7.5733 3.9433 3.2239 0.247581 0.878499 0.236582 0.906725
12 7.5590 3.9499 3.2035 0.236819 0.909135 0.229766 0.909448
13 7.5274 3.9483 3.1743 0.224029 0.914347 0.232184 0.908407
14 7.5315 3.9549 3.1715 0.210239 0.916651 0.227293 0.910008
15 7.4339 3.8918 3.1400 0.206234 0.918030 0.205000 0.919536
16 7.4514 3.9085 3.1421 0.203206 0.919177 0.198832 0.921457
17 7.5034 3.9096 3.1923 0.201382 0.920654 0.191965 0.922578
18 7.4543 3.9355 3.1221 0.199347 0.922068 0.187189 0.924099
19 7.4101 3.8789 3.1243 0.197414 0.923127 0.183372 0.925060
20 7.5088 3.9502 3.1534 0.195547 0.923990 0.180171 0.925620
21 7.5164 3.9334 3.1697 0.193686 0.924853 0.177450 0.926421
22 7.5774 3.9995 3.1752 0.191808 0.925715 0.175114 0.927622
23 7.4262 3.8871 3.1289 0.189919 0.926338 0.173086 0.928263
24 7.4403 3.9033 3.1349 0.188031 0.926979 0.171304 0.929143
25 7.4783 3.9126 3.1607 0.186160 0.927735 0.169719 0.929784
26 7.4673 3.9298 3.1365 0.184318 0.928304 0.168294 0.930424
27 7.4367 3.8894 3.1382 0.182514 0.928873 0.167002 0.930665
28 7.5486 3.9559 3.1852 0.180757 0.929451 0.165823 0.930905
29 7.5122 3.9491 3.1628 0.179051 0.930074 0.164742 0.931305
30 7.4957 3.9182 3.1729 0.177401 0.930670 0.163749 0.931946
31 7.5082 3.9106 3.1494 0.175810 0.931177 0.162836 0.931865
32 7.4941 3.9242 3.1655 0.174279 0.931631 0.162002 0.932266
33 7.5036 3.9387 3.1488 0.172811 0.932102 0.161242 0.932986
34 7.5240 3.9545 3.1665 0.171408 0.932458 0.160556 0.933547
35 7.5374 3.9405 3.1493 0.170070 0.932805 0.159940 0.933867
36 7.3487 3.8224 3.1261 0.168802 0.933161 0.159388 0.933867
37 7.5218 3.9347 3.1898 0.167608 0.933623 0.158887 0.934187
38 7.5353 3.9638 3.1713 0.166493 0.934033 0.158422 0.934347
39 7.4705 3.9307 3.1422 0.165457 0.934299 0.157971 0.934828
40 7.3974 3.8553 3.1312 0.164498 0.934548 0.157516 0.935148
41 7.4984 3.9210 3.1674 0.163610 0.934922 0.157042 0.935468
42 7.4973 3.9488 3.1483 0.162780 0.935216 0.156545 0.935789
43 7.5218 3.9632 3.1492 0.161996 0.935482 0.156031 0.936029
44 7.3878 3.8551 3.1273 0.161247 0.935945 0.155514 0.935789
45 7.5159 3.9337 3.1713 0.160529 0.936399 0.155015 0.936109
46 7.6033 3.9788 3.2203 0.159841 0.936594 0.154551 0.936589
47 7.5692 3.9648 3.1951 0.159186 0.936692 0.154138 0.936910
48 7.5411 3.9359 3.2058 0.158574 0.936968 0.153784 0.936829
49 7.5407 3.9536 3.1750 0.158014 0.937217 0.153491 0.936669
