epoch time fwd_time bwd_time loss acc val_loss val_acc
0 7.4662 3.8620 3.1558 0.474117 0.816214 0.458679 0.826581
1 7.4537 3.8520 3.1461 0.357796 0.823758 0.347474 0.826581
2 7.5474 3.9438 3.1496 0.343549 0.823758 0.336910 0.826581
3 7.6012 3.9659 3.1910 0.333662 0.823758 0.328742 0.826581
4 7.5491 3.9572 3.1552 0.303124 0.824727 0.303491 0.840352
5 7.5690 3.9488 3.1777 0.246485 0.867745 0.237361 0.908807
6 7.5963 3.9745 3.1708 0.218769 0.909490 0.209009 0.910328
7 7.6818 3.9949 3.2401 0.208097 0.915637 0.193875 0.913050
8 7.5810 3.9522 3.1491 0.199461 0.917594 0.198424 0.912170
9 7.4947 3.9175 3.1317 0.194563 0.920165 0.180314 0.923139
10 7.5535 3.9214 3.1787 0.188609 0.923758 0.178572 0.921217
11 7.6059 3.9470 3.2089 0.181326 0.925911 0.167440 0.928423
12 7.5891 3.9576 3.1801 0.181971 0.925760 0.173170 0.924660
13 7.4522 3.8864 3.1309 0.178740 0.928206 0.177789 0.921217
14 7.5492 3.9249 3.1614 0.175877 0.929416 0.172737 0.923539
15 7.5789 3.9460 3.1751 0.173219 0.930457 0.171214 0.923939
16 7.6813 3.9848 3.2383 0.170871 0.931088 0.168747 0.925140
17 7.5271 3.9156 3.1721 0.168654 0.931675 0.165886 0.926982
18 7.7129 3.9985 3.2643 0.166605 0.932591 0.162518 0.929384
19 7.4778 3.9060 3.1352 0.164703 0.932956 0.160513 0.929864
20 7.6711 3.9821 3.2303 0.162964 0.933445 0.158921 0.930665
21 7.4969 3.9046 3.1457 0.161345 0.933783 0.157666 0.931145
22 7.5022 3.8965 3.1450 0.159836 0.934344 0.156507 0.931705
23 7.6551 3.9748 3.2300 0.158409 0.934637 0.155476 0.932266
24 7.5413 3.9562 3.1418 0.157052 0.935171 0.154517 0.932186
25 7.4358 3.8639 3.1195 0.155750 0.935705 0.153579 0.932346
26 7.5912 3.9808 3.1553 0.154504 0.936221 0.152590 0.933147
27 7.5181 3.9081 3.1511 0.153329 0.936666 0.151504 0.934107
28 7.5477 3.9520 3.1491 0.152214 0.936888 0.150295 0.934668
29 7.5210 3.9475 3.1316 0.151132 0.937119 0.148979 0.935228
30 7.5062 3.9107 3.1407 0.150082 0.937439 0.147655 0.935548
31 7.5330 3.9189 3.1591 0.149077 0.937644 0.146425 0.936429
32 7.5387 3.9214 3.1721 0.148124 0.937902 0.145305 0.937310
33 7.5466 3.9335 3.1323 0.147227 0.938231 0.144297 0.938030
34 7.6343 3.9839 3.2079 0.146384 0.938418 0.143381 0.938751
35 7.5372 3.9519 3.1385 0.145587 0.938658 0.142525 0.938991
36 7.4764 3.9075 3.1282 0.144830 0.938827 0.141700 0.938991
37 7.4961 3.9363 3.1265 0.144106 0.938863 0.140902 0.939712
38 7.4305 3.8244 3.1609 0.143413 0.939138 0.140130 0.940272
39 7.5026 3.9114 3.1422 0.142745 0.939130 0.139391 0.940993
40 7.5637 3.9367 3.1924 0.142102 0.939405 0.138682 0.941473
41 7.5947 3.9286 3.2095 0.141481 0.939441 0.138005 0.941633
42 7.5631 3.9241 3.2044 0.140883 0.939672 0.137355 0.941873
43 7.4443 3.8253 3.1586 0.140307 0.939832 0.136737 0.942034
44 7.6843 3.9708 3.2576 0.139755 0.939966 0.136160 0.942274
45 7.4855 3.8910 3.1424 0.139228 0.940090 0.135629 0.942274
46 7.6346 3.9574 3.2298 0.138725 0.940197 0.135141 0.942834
47 7.5962 3.9834 3.1510 0.138245 0.940330 0.134695 0.942914
48 7.6496 3.9772 3.2239 0.137782 0.940428 0.134292 0.943155
49 7.5737 3.9429 3.1803 0.137332 0.940624 0.133928 0.943074
