epoch time fwd_time bwd_time loss acc val_loss val_acc
0 7.5678 3.9033 3.1836 0.476602 0.788710 0.461092 0.826581
1 7.5022 3.8963 3.1481 0.440822 0.823758 0.428860 0.826581
2 7.5948 3.9298 3.2158 0.356759 0.823758 0.349567 0.826581
3 7.5602 3.9369 3.1866 0.346424 0.823758 0.341763 0.826581
4 7.6968 4.0265 3.2217 0.337035 0.823758 0.334808 0.826581
5 7.4140 3.8525 3.1202 0.329080 0.824140 0.326921 0.828503
6 7.4914 3.9272 3.1346 0.309881 0.825261 0.312264 0.830504
7 7.5459 3.9365 3.1624 0.271961 0.839484 0.270377 0.860368
8 7.5247 3.9411 3.1475 0.225236 0.893372 0.211600 0.917934
9 7.5102 3.9247 3.1317 0.218980 0.913947 0.200879 0.920576
10 7.3908 3.8094 3.1242 0.208442 0.915610 0.190478 0.922978
11 7.6203 3.9507 3.2167 0.210099 0.916651 0.202187 0.917134
12 7.6626 4.0576 3.1584 0.206595 0.920414 0.195285 0.919616
13 7.6224 3.9823 3.1922 0.203658 0.921890 0.192915 0.920016
14 7.6819 3.9820 3.2637 0.201228 0.923287 0.190224 0.920817
15 7.5245 3.9297 3.1427 0.199198 0.924434 0.187466 0.921777
16 7.5654 3.9701 3.1600 0.197480 0.925466 0.184796 0.922658
17 7.4555 3.8821 3.1297 0.195944 0.926356 0.182349 0.923779
18 7.6484 3.9768 3.2255 0.194588 0.927156 0.179929 0.924820
19 7.5417 3.9360 3.1658 0.193395 0.927788 0.177555 0.925380
20 7.6586 3.9887 3.2327 0.192324 0.928411 0.175234 0.926421
21 7.5472 3.9440 3.1602 0.191340 0.929265 0.172950 0.926982
22 7.4501 3.8837 3.1272 0.190417 0.929772 0.170690 0.927382
23 7.5132 3.9302 3.1459 0.189530 0.930332 0.168441 0.928743
24 7.5513 3.9421 3.1685 0.188654 0.931017 0.166189 0.930024
25 7.5422 3.9128 3.1351 0.187762 0.931577 0.163931 0.930905
26 7.6034 3.9329 3.2221 0.186826 0.932102 0.161661 0.931785
27 7.5736 3.9696 3.1574 0.185812 0.932529 0.159390 0.932666
28 7.5531 3.9503 3.1453 0.184695 0.932929 0.157132 0.934187
29 7.6628 3.9719 3.2499 0.183452 0.933285 0.154908 0.935148
30 7.4756 3.8958 3.1371 0.182066 0.933819 0.152744 0.935308
31 7.5094 3.9035 3.1539 0.180537 0.934015 0.150674 0.936829
32 7.5181 3.9344 3.1426 0.178886 0.934513 0.148739 0.936910
33 7.6040 3.9904 3.1646 0.177159 0.935055 0.146971 0.937710
34 7.6561 3.9791 3.2393 0.175429 0.935545 0.145378 0.938110
35 7.5580 3.9387 3.1660 0.173793 0.935829 0.143955 0.938351
36 7.5485 3.9435 3.1541 0.172373 0.935972 0.142675 0.938431
37 7.5354 3.9372 3.1525 0.171265 0.936176 0.141493 0.938591
38 7.5107 3.9191 3.1502 0.170398 0.936683 0.140366 0.938831
39 7.5075 3.9104 3.1550 0.169491 0.936986 0.139325 0.939872
40 7.6955 3.9994 3.2326 0.168287 0.937279 0.138465 0.940592
41 7.5862 3.9542 3.1786 0.166720 0.937724 0.137856 0.940753
42 7.5300 3.9235 3.1591 0.164706 0.938000 0.137582 0.941393
43 7.5866 3.9370 3.1924 0.162047 0.938542 0.137810 0.940753
44 7.5055 3.9032 3.1512 0.158524 0.938925 0.138725 0.939792
45 7.5339 3.9526 3.1378 0.154323 0.939227 0.140139 0.938991
46 7.5808 3.9552 3.1527 0.150633 0.939432 0.141282 0.937710
47 7.5613 3.9610 3.1530 0.148232 0.939663 0.142418 0.937390
48 7.5070 3.9126 3.1521 0.146582 0.939690 0.143932 0.936829
49 7.6328 3.9696 3.2257 0.145325 0.939903 0.145176 0.936349
