epoch time fwd_time bwd_time loss acc val_loss val_acc
0 7.6430 3.9983 3.1997 0.474168 0.823758 0.458024 0.826581
1 7.5681 3.9298 3.2014 0.358275 0.823758 0.353672 0.826581
2 7.5168 3.9333 3.1510 0.344791 0.823758 0.339211 0.826581
3 7.4213 3.8505 3.1288 0.259413 0.847499 0.245503 0.898319
4 7.5278 3.9442 3.1486 0.193450 0.903958 0.177071 0.925300
5 7.4800 3.9223 3.1151 0.164828 0.917327 0.173613 0.924179
6 7.6642 3.9854 3.2449 0.161180 0.921819 0.179451 0.918895
7 7.5267 3.9440 3.1409 0.159819 0.924737 0.175522 0.921217
8 7.6100 3.9640 3.2133 0.158605 0.926089 0.173470 0.922658
9 7.5374 3.9400 3.1216 0.158052 0.926952 0.173100 0.923219
10 7.4876 3.8870 3.1637 0.158142 0.927619 0.172242 0.923379
11 7.5291 3.9428 3.1355 0.158485 0.928482 0.170125 0.924259
12 7.4722 3.9069 3.1414 0.159249 0.929247 0.166780 0.926181
13 7.5162 3.9532 3.1208 0.159764 0.929736 0.163908 0.927782
14 7.4698 3.8582 3.1685 0.167851 0.929558 0.149244 0.936189
15 7.5433 3.9220 3.1831 0.146391 0.929941 0.151828 0.932826
16 7.4990 3.9198 3.1383 0.126376 0.932271 0.129230 0.945797
17 7.5668 3.9497 3.1822 0.116592 0.941834 0.116346 0.952682
18 7.4818 3.8911 3.1607 0.110369 0.944734 0.111211 0.956365
19 7.5159 3.9124 3.1576 0.123007 0.946308 0.114463 0.954203
20 7.4915 3.9155 3.1374 0.117758 0.947909 0.104655 0.956605
21 7.5196 3.9244 3.1448 0.112161 0.949421 0.109052 0.956845
22 7.5128 3.9024 3.1670 0.098000 0.948505 0.105080 0.957566
23 7.6452 3.9615 3.2387 0.097588 0.950169 0.107175 0.957646
24 7.6839 4.0080 3.2480 0.100458 0.953051 0.099018 0.959968
25 7.5576 3.9676 3.1649 0.096401 0.951192 0.117903 0.953643
26 7.4626 3.8747 3.1420 0.116239 0.954278 0.094821 0.961890
27 7.5089 3.9087 3.1432 0.091821 0.953762 0.099151 0.960048
28 7.4006 3.8282 3.1386 0.115749 0.955684 0.092388 0.962690
29 7.5952 3.9407 3.2033 0.092120 0.955381 0.095319 0.960528
30 7.4753 3.9066 3.1387 0.103396 0.957187 0.095192 0.961809
31 7.5493 3.9583 3.1562 0.110542 0.956573 0.093026 0.961249
32 7.5261 3.9203 3.1581 0.099430 0.956217 0.094487 0.962450
33 7.5501 3.9577 3.1578 0.087152 0.956520 0.101810 0.959888
34 7.4771 3.8962 3.1322 0.090889 0.957650 0.099583 0.959247
35 7.5088 3.9248 3.1479 0.092672 0.958655 0.094629 0.961569
36 7.5497 3.9444 3.1707 0.104847 0.959553 0.091461 0.962130
37 7.6604 3.9811 3.2359 0.102578 0.959722 0.090925 0.962130
38 7.5474 3.9730 3.1370 0.099624 0.959918 0.089215 0.963090
39 7.5455 3.9543 3.1385 0.098037 0.960060 0.088026 0.963491
40 7.4839 3.9086 3.1405 0.096122 0.959980 0.087137 0.964291
41 7.4728 3.9032 3.1286 0.097693 0.960149 0.085969 0.965252
42 7.6099 3.9591 3.1812 0.100284 0.961208 0.088401 0.962690
43 7.5472 3.9491 3.1568 0.098578 0.961297 0.085170 0.964612
44 7.6346 3.9456 3.2484 0.097854 0.961528 0.085331 0.964371
45 7.4909 3.9149 3.1452 0.096906 0.961741 0.084893 0.964211
46 8.4334 4.5630 3.4032 0.094889 0.961768 0.081931 0.965893
47 7.4823 3.8936 3.1406 0.077977 0.958993 0.098138 0.959408
48 7.8016 4.0579 3.2982 0.093834 0.959598 0.080741 0.966773
49 7.6608 3.9846 3.2349 0.090141 0.962951 0.081194 0.965653
