epoch time fwd_time bwd_time loss acc val_loss val_acc
0 7.5612 3.9371 3.1845 0.474090 0.788710 0.458247 0.826581
1 7.5359 3.9079 3.1894 0.404675 0.823758 0.395510 0.826581
2 7.5278 3.9328 3.1416 0.361003 0.823758 0.351152 0.826581
3 7.5394 3.9216 3.1739 0.346672 0.823758 0.341452 0.826581
4 7.6973 4.0240 3.2407 0.336275 0.823838 0.332352 0.827782
5 7.3793 3.7920 3.1418 0.286317 0.829379 0.289288 0.846998
6 7.4878 3.9100 3.1384 0.242451 0.883329 0.220918 0.910488
7 7.4225 3.8439 3.1369 0.226800 0.905363 0.206524 0.915212
8 7.3989 3.8397 3.1315 0.230978 0.909651 0.206759 0.914331
9 7.5701 3.9599 3.1580 0.207202 0.915121 0.189999 0.918575
10 7.5407 3.9390 3.1642 0.201589 0.917176 0.186457 0.918014
11 7.5158 3.9159 3.1427 0.197170 0.918403 0.184354 0.918415
12 7.5102 3.9214 3.1460 0.193401 0.919684 0.181905 0.919055
13 7.5405 3.9095 3.1522 0.190046 0.920707 0.180052 0.919856
14 7.5471 3.9422 3.1437 0.187040 0.921899 0.178164 0.920897
15 7.4604 3.8843 3.1380 0.184301 0.922762 0.176487 0.922018
16 7.5127 3.9454 3.1365 0.181796 0.923723 0.174881 0.922738
17 7.5573 3.9075 3.1620 0.179487 0.924719 0.173373 0.923379
18 7.4267 3.8750 3.1176 0.177346 0.925626 0.171939 0.923619
19 7.4821 3.8791 3.1555 0.175350 0.926400 0.170570 0.924259
20 7.6228 3.9818 3.2037 0.173479 0.927334 0.169254 0.924900
21 7.5142 3.9413 3.1311 0.171716 0.927930 0.167981 0.925300
22 7.4627 3.8896 3.1354 0.170049 0.928446 0.166741 0.925701
23 7.5028 3.9082 3.1484 0.168466 0.929016 0.165522 0.926421
24 7.5084 3.9197 3.1469 0.166959 0.929594 0.164309 0.927622
25 7.6134 3.9953 3.1808 0.165521 0.930377 0.163088 0.928102
26 7.4602 3.8829 3.1335 0.164145 0.931008 0.161833 0.928823
27 7.5366 3.9432 3.1562 0.162828 0.931373 0.160515 0.929624
28 7.4489 3.8544 3.1596 0.161564 0.931764 0.159092 0.930344
29 7.5805 3.9702 3.1643 0.160348 0.932351 0.157515 0.930665
30 7.5409 3.9290 3.1757 0.159167 0.932885 0.155745 0.932186
31 7.5121 3.9339 3.1473 0.157999 0.933401 0.153826 0.932986
32 7.5448 3.9419 3.1606 0.156824 0.933926 0.151954 0.933947
33 7.5477 3.9534 3.1601 0.155644 0.934371 0.150366 0.934908
34 7.4651 3.8992 3.1348 0.154483 0.934886 0.149086 0.935468
35 7.5549 3.9445 3.1591 0.153357 0.935207 0.147988 0.935709
36 7.6347 3.9790 3.2046 0.152269 0.935465 0.146988 0.935869
37 7.9852 4.1696 3.3698 0.151216 0.935732 0.146041 0.936269
38 7.5049 3.8925 3.1728 0.150194 0.935998 0.145131 0.937070
39 7.5804 3.9454 3.1811 0.149200 0.936372 0.144245 0.937870
40 7.5560 3.9356 3.1812 0.148231 0.936719 0.143377 0.938591
41 7.7175 4.0024 3.2807 0.147285 0.937012 0.142523 0.938911
42 7.6313 3.9682 3.1799 0.146364 0.937386 0.141678 0.938991
43 7.5991 3.9861 3.1608 0.145470 0.937635 0.140842 0.939552
44 7.5366 3.9397 3.1542 0.144610 0.937813 0.140017 0.940192
45 7.5858 4.0087 3.1339 0.143796 0.938080 0.139204 0.940592
46 7.6393 3.9953 3.1919 0.143049 0.938284 0.138413 0.941073
47 7.5578 3.9218 3.1835 0.142402 0.938356 0.137656 0.941233
48 7.5245 3.9248 3.1512 0.141897 0.938560 0.136947 0.941553
49 7.5112 3.9247 3.1494 0.141587 0.938703 0.136302 0.941954
