epoch time fwd_time bwd_time loss acc val_loss val_acc
0 7.4986 3.8769 3.1575 0.473402 0.806136 0.458771 0.826581
1 7.5037 3.9108 3.1356 0.390387 0.823758 0.384145 0.826581
2 7.4985 3.8983 3.1362 0.352762 0.823758 0.347971 0.826581
3 7.5766 3.9601 3.1690 0.343886 0.823758 0.339982 0.826581
4 7.5374 3.9256 3.1279 0.332161 0.823758 0.327768 0.826741
5 7.6700 3.9933 3.2345 0.313898 0.825688 0.307077 0.842034
6 7.5383 3.9384 3.1611 0.272729 0.859205 0.242273 0.891673
7 7.5715 3.9569 3.1534 0.221505 0.908343 0.205846 0.911609
8 7.5414 3.9392 3.1562 0.207155 0.914836 0.189621 0.920176
9 7.5343 3.9051 3.1671 0.206463 0.917087 0.185368 0.920576
10 7.5338 3.9415 3.1579 0.193248 0.921143 0.180036 0.920657
11 7.6836 3.9937 3.2352 0.188084 0.922451 0.178276 0.920817
12 7.5410 3.9432 3.1400 0.184078 0.923776 0.175163 0.922578
13 7.4551 3.8858 3.1300 0.180595 0.924986 0.172758 0.923459
14 7.5104 3.8809 3.1630 0.177569 0.926009 0.170287 0.924580
15 7.5755 3.9760 3.1370 0.174861 0.927014 0.167823 0.926101
16 7.7140 4.0311 3.2398 0.172405 0.928117 0.165295 0.926821
17 7.5155 3.9157 3.1479 0.170140 0.929220 0.162674 0.928102
18 7.5679 3.9561 3.1498 0.168010 0.930341 0.160025 0.929624
19 7.5209 3.9236 3.1485 0.165977 0.931017 0.157547 0.930665
20 7.5203 3.9056 3.1626 0.164040 0.931702 0.155398 0.931946
21 7.4995 3.8979 3.1536 0.162206 0.932449 0.153534 0.932826
22 7.5668 3.9389 3.1843 0.160474 0.933090 0.151859 0.933467
23 7.5615 3.9652 3.1388 0.158835 0.933632 0.150317 0.933867
24 7.7069 4.0372 3.2118 0.157279 0.934095 0.148882 0.934588
25 7.4874 3.9168 3.1329 0.155802 0.934433 0.147535 0.935068
26 7.5150 3.9231 3.1495 0.154398 0.934842 0.146269 0.935869
27 7.5186 3.9251 3.1334 0.153067 0.935296 0.145077 0.936669
28 7.5438 3.9509 3.1481 0.151810 0.935651 0.143954 0.937470
29 7.6199 3.9638 3.1963 0.150632 0.936070 0.142899 0.938030
30 7.6288 3.9694 3.2094 0.149538 0.936336 0.141908 0.938351
31 7.6151 3.9993 3.1793 0.148539 0.936870 0.140979 0.938751
32 7.7080 3.9814 3.2718 0.147643 0.937368 0.140111 0.939071
33 7.7228 4.0121 3.2159 0.146863 0.937626 0.139298 0.939392
34 7.5985 3.9372 3.1915 0.146212 0.937920 0.138539 0.939952
35 7.4957 3.8463 3.1960 0.145700 0.938115 0.137829 0.940512
36 7.5370 3.9224 3.1572 0.145335 0.938311 0.137172 0.941153
37 7.5563 3.9539 3.1486 0.145101 0.938525 0.136579 0.941473
38 7.4410 3.8680 3.1169 0.144926 0.938765 0.136092 0.941873
39 7.5826 3.9615 3.1804 0.144649 0.939130 0.135808 0.941553
40 7.6414 3.9854 3.2117 0.144040 0.939387 0.135870 0.941153
41 7.5441 3.9217 3.1163 0.142993 0.939770 0.136327 0.940673
42 7.5161 3.9080 3.1546 0.141673 0.940055 0.136983 0.940993
43 7.6300 3.9651 3.2071 0.140336 0.940428 0.137559 0.939872
44 7.5729 3.9679 3.1541 0.139124 0.940651 0.137918 0.940272
45 7.5366 3.9299 3.1427 0.138067 0.940748 0.138069 0.940192
46 7.5272 3.9408 3.1480 0.137141 0.940855 0.138074 0.940352
47 7.6546 3.9699 3.2294 0.136319 0.941060 0.137993 0.940352
48 7.6447 3.9797 3.2106 0.135575 0.941122 0.137866 0.940753
49 7.5344 3.9407 3.1480 0.134892 0.941318 0.137719 0.940592
