epoch time fwd_time bwd_time loss acc val_loss val_acc
0 40.8126 16.5958 23.6402 0.480004 0.820235 0.464751 0.824580
1 39.8771 14.2148 25.0341 0.477658 0.823980 0.464776 0.824580
2 38.4786 14.0395 23.8518 0.473206 0.823980 0.459941 0.824580
3 40.3393 14.2912 25.4614 0.384785 0.823980 0.383168 0.824580
4 38.8511 14.1010 24.1702 0.359621 0.823980 0.352078 0.824580
5 40.2962 14.3016 25.4115 0.356883 0.823980 0.350517 0.824580
6 40.4399 14.3088 25.5453 0.354310 0.823980 0.349362 0.824580
7 39.6936 14.3653 24.6994 0.353316 0.823980 0.350578 0.824580
8 40.4044 14.2343 25.5849 0.343348 0.823927 0.340954 0.824580
9 39.7048 14.2071 24.9194 0.354351 0.824273 0.340521 0.830344
10 39.9327 14.2222 25.0946 0.254290 0.841014 0.294314 0.885588
11 38.9987 14.0310 24.3878 0.187604 0.882111 0.200791 0.918255
12 39.9092 14.3842 24.9282 0.171799 0.910460 0.209800 0.907126
13 39.0182 13.9656 24.4735 0.163068 0.914303 0.169228 0.929864
14 39.1309 14.0541 24.5035 0.200720 0.917799 0.177553 0.930104
15 39.9671 14.2814 25.0981 0.163851 0.924799 0.157243 0.933467
16 39.1296 14.2228 24.3211 0.172034 0.929896 0.150990 0.935869
17 39.5987 14.2995 24.7218 0.145990 0.931773 0.165177 0.930825
18 39.9087 14.3836 24.9345 0.142477 0.933668 0.163827 0.930985
19 39.5307 14.2525 24.6966 0.149263 0.936078 0.140876 0.939792
20 39.2976 14.1221 24.5911 0.139932 0.940215 0.124212 0.946437
21 38.0955 14.1025 23.3945 0.124081 0.944093 0.116203 0.951161
22 39.2630 14.3532 24.3327 0.123818 0.946771 0.110722 0.953403
23 38.9597 13.9012 24.4751 0.122199 0.950311 0.107043 0.955484
24 38.4101 14.0638 23.7678 0.117271 0.951298 0.115017 0.951001
25 38.6774 14.0664 24.0241 0.124914 0.950427 0.106629 0.955805
26 39.9392 14.2189 25.1380 0.127119 0.952615 0.106672 0.956125
27 40.0214 14.2031 25.1921 0.121259 0.953211 0.107283 0.955965
28 39.7025 14.2016 24.9289 0.120910 0.953478 0.107011 0.956445
29 39.6480 14.1588 24.9051 0.116344 0.953691 0.106284 0.956525
30 39.1808 14.1086 24.4963 0.113514 0.953629 0.105359 0.957326
31 38.7886 14.2791 23.9309 0.111480 0.953753 0.104268 0.957886
32 38.3921 14.0982 23.7092 0.109853 0.953869 0.103261 0.957806
33 39.3060 14.1827 24.5472 0.108919 0.954163 0.102753 0.958287
34 39.4201 14.2372 24.5602 0.107832 0.954171 0.101927 0.959087
35 38.4565 14.0347 23.8367 0.108167 0.954145 0.103054 0.958527
36 38.3258 14.1468 23.5944 0.107437 0.954678 0.102054 0.959087
37 40.1446 14.3494 25.2171 0.105838 0.954803 0.100326 0.958607
38 39.6852 14.4665 24.6385 0.105098 0.955150 0.100091 0.958767
39 38.0909 14.2898 23.2114 0.105130 0.955194 0.099649 0.958527
40 39.9536 14.1919 25.1790 0.104072 0.955435 0.099371 0.959167
41 39.4053 14.1093 24.6640 0.102982 0.955835 0.099170 0.959247
42 40.3354 14.4207 25.3383 0.101413 0.956093 0.099905 0.959007
43 39.6986 14.0814 25.0315 0.111561 0.955159 0.104038 0.957086
44 39.1533 14.2695 24.2953 0.103719 0.956084 0.110532 0.954043
45 40.2386 14.3173 25.3373 0.102096 0.954020 0.100915 0.957646
46 39.5106 14.3199 24.6094 0.100707 0.955301 0.108512 0.954924
47 39.0982 14.2399 24.2446 0.103013 0.955132 0.107806 0.954764
48 38.5678 14.1053 23.8869 0.099996 0.955168 0.107516 0.954764
49 38.6126 14.0091 24.0218 0.101126 0.955710 0.107966 0.954203
