epoch time fwd_time bwd_time loss acc val_loss val_acc
0 41.5205 16.6936 24.2688 0.476398 0.783426 0.464859 0.824580
1 40.3556 14.4283 25.3601 0.477163 0.823980 0.464758 0.824580
2 40.2314 14.3466 25.3185 0.477081 0.823980 0.464638 0.824580
3 40.5075 14.3377 25.6086 0.476717 0.823980 0.464211 0.824580
4 40.2104 14.4097 25.2346 0.434513 0.823980 0.422071 0.824580
5 39.0678 14.2480 24.2446 0.404903 0.824238 0.411787 0.823379
6 39.8482 14.2779 24.9937 0.376263 0.823046 0.367612 0.824740
7 39.2548 14.3124 24.3663 0.365203 0.824096 0.362201 0.824580
8 40.1983 14.4682 25.1475 0.360486 0.824087 0.361084 0.824660
9 39.3278 14.1427 24.6065 0.356334 0.823989 0.354685 0.824820
10 39.5125 14.1312 24.7539 0.353338 0.823989 0.352137 0.824820
11 40.0753 14.3692 25.1262 0.350680 0.823989 0.351016 0.824740
12 39.3724 14.1910 24.6086 0.347762 0.823909 0.350239 0.826021
13 39.5807 14.4744 24.4907 0.349678 0.824371 0.333518 0.823939
14 39.4236 14.3320 24.5192 0.357166 0.822743 0.346762 0.833467
15 40.6664 14.4036 25.6817 0.284721 0.829975 0.279002 0.860208
16 38.8643 14.0462 24.2408 0.264758 0.856208 0.254265 0.882626
17 39.5036 14.1555 24.7737 0.272275 0.873829 0.283749 0.871097
18 40.8350 14.4272 25.8295 0.192964 0.896663 0.217037 0.898239
19 40.4637 14.4642 25.4222 0.200863 0.903851 0.204728 0.911369
20 40.0129 14.3219 25.1164 0.179989 0.913760 0.203423 0.911369
21 40.6213 14.4476 25.5938 0.181023 0.916500 0.209442 0.905765
22 38.7741 14.1218 24.0729 0.176017 0.921205 0.188308 0.919055
23 38.1043 13.9614 23.5737 0.167920 0.924808 0.171764 0.925701
24 38.3571 14.1673 23.6149 0.164088 0.928713 0.154944 0.933066
25 39.3253 14.2067 24.5452 0.138858 0.933054 0.142277 0.940112
26 37.2420 14.2077 22.4597 0.149910 0.924257 0.140448 0.940272
27 38.2583 14.0678 23.6101 0.139927 0.937866 0.144967 0.939712
28 38.6416 14.3619 23.7095 0.157293 0.933561 0.198017 0.912890
29 37.7504 14.2713 22.9124 0.137474 0.933027 0.131923 0.945316
30 38.8767 14.0139 24.2549 0.117264 0.940651 0.124031 0.948599
31 40.0189 14.4014 25.0497 0.151267 0.944146 0.122964 0.947558
32 40.1170 14.3715 25.1805 0.126754 0.945054 0.115309 0.952362
33 39.2690 14.0121 24.6844 0.125726 0.942421 0.151771 0.932426
34 38.9751 14.1190 24.2820 0.142049 0.942189 0.163616 0.928503
35 39.6008 14.2018 24.8280 0.124735 0.943719 0.120805 0.950841
36 38.6160 14.0916 23.9512 0.129461 0.946121 0.147741 0.936269
37 39.7552 14.2547 24.8941 0.113945 0.942954 0.112211 0.953723
38 38.5493 14.1845 23.7897 0.110718 0.950284 0.131970 0.944516
39 39.5076 14.3798 24.5571 0.124088 0.950427 0.106714 0.956525
40 39.6610 14.2307 24.8568 0.112727 0.948425 0.132030 0.943074
41 39.4220 14.2715 24.5714 0.135270 0.948078 0.118394 0.952442
42 39.5516 14.3387 24.6281 0.116075 0.947598 0.128632 0.945637
43 38.7001 14.1927 23.9366 0.113237 0.950231 0.123078 0.948679
44 38.1782 14.3202 23.2479 0.116178 0.951681 0.106170 0.956685
45 39.0353 14.2702 24.1875 0.141974 0.951823 0.144463 0.939632
46 39.2497 14.2555 24.4252 0.143013 0.945685 0.125856 0.949239
47 39.0402 14.1402 24.3350 0.108320 0.947954 0.130593 0.945556
48 39.6496 14.3931 24.6796 0.137381 0.950097 0.116293 0.953723
49 39.9947 14.2457 25.1799 0.108812 0.949421 0.126813 0.946757
