epoch time fwd_time bwd_time loss acc val_loss val_acc
0 39.9551 16.5467 22.8260 0.483434 0.818376 0.465715 0.824580
1 40.1781 14.3391 25.2493 0.477118 0.823980 0.465519 0.824580
2 38.2841 14.1531 23.5509 0.477145 0.823980 0.464946 0.824580
3 38.8751 14.2281 24.0675 0.477394 0.823980 0.464768 0.824580
4 38.9131 14.0497 24.2846 0.477261 0.823980 0.464807 0.824580
5 38.4760 14.0959 23.7924 0.445723 0.823980 0.430747 0.824580
6 37.4658 14.1536 22.7222 0.397648 0.823980 0.400314 0.824580
7 39.3869 14.2150 24.5878 0.379445 0.823980 0.380585 0.824580
8 37.9273 14.0915 23.1996 0.360560 0.823980 0.364996 0.824580
9 39.3475 14.3522 24.4111 0.363081 0.823980 0.369547 0.824580
10 38.1931 14.1588 23.4436 0.361757 0.823980 0.368856 0.824580
11 37.9595 14.0821 23.2559 0.367380 0.823980 0.363012 0.824580
12 38.8727 14.2727 24.0153 0.349374 0.823882 0.350383 0.824580
13 38.4143 14.0007 23.8322 0.245531 0.841664 0.271467 0.872938
14 39.2726 14.3317 24.3517 0.314328 0.875599 0.260393 0.886469
15 39.4838 13.9985 24.9006 0.261892 0.894413 0.202220 0.906886
16 37.8091 14.1293 23.0925 0.183324 0.901004 0.192295 0.919055
17 40.2434 14.3366 25.3178 0.161699 0.910077 0.186906 0.919295
18 39.5577 14.1683 24.8082 0.162863 0.910762 0.203462 0.904163
19 39.2438 14.0457 24.5902 0.180760 0.912586 0.207027 0.908006
20 39.2661 14.3650 24.3068 0.161955 0.916055 0.183936 0.920496
21 40.4219 14.3102 25.5197 0.154347 0.917701 0.175995 0.923939
22 40.3554 14.3091 25.4625 0.174377 0.917114 0.175400 0.926101
23 37.6344 14.0248 23.0223 0.164814 0.918537 0.171414 0.927542
24 38.3900 13.9093 23.8981 0.172360 0.920627 0.166824 0.930024
25 38.7805 14.4051 23.7952 0.171746 0.922202 0.160707 0.932826
26 39.7905 14.2845 24.9282 0.144407 0.924968 0.155628 0.934668
27 38.2465 14.1719 23.4837 0.142434 0.924577 0.152125 0.935548
28 37.7299 13.9302 23.1780 0.139582 0.926445 0.151045 0.936269
29 39.3002 14.3710 24.3499 0.148603 0.927308 0.158379 0.932186
30 39.9074 14.3798 24.9459 0.137998 0.929247 0.148658 0.936189
31 39.6451 14.3367 24.7235 0.160569 0.927432 0.159199 0.931946
32 38.1128 14.0453 23.4828 0.139828 0.927370 0.164930 0.927542
33 40.0175 14.3459 25.0900 0.140328 0.929122 0.170335 0.922818
34 39.1901 14.3032 24.2980 0.135459 0.929603 0.149039 0.936749
35 38.6088 13.9828 24.0037 0.136487 0.931150 0.153508 0.933787
36 38.8558 14.3747 23.9000 0.144508 0.930919 0.149566 0.936269
37 38.3892 13.9434 23.8655 0.134104 0.930635 0.158428 0.931145
38 39.9981 14.4089 24.9985 0.133532 0.931035 0.159830 0.929544
39 40.1778 14.3555 25.2448 0.134584 0.931150 0.168527 0.923619
40 38.9208 14.3493 23.9869 0.133485 0.931800 0.143840 0.938110
41 39.6458 14.3273 24.7265 0.131412 0.932200 0.144677 0.938671
42 38.8049 14.1502 24.0199 0.131825 0.932396 0.151418 0.934187
43 38.5952 14.1301 23.8816 0.131173 0.932520 0.152614 0.933867
44 38.6204 14.1257 23.9217 0.132217 0.932609 0.160412 0.929063
45 40.4782 14.2836 25.6201 0.133491 0.932823 0.155409 0.932346
46 39.4202 14.3921 24.4393 0.131683 0.933410 0.143371 0.938671
47 39.7205 14.2298 24.9029 0.134045 0.932680 0.140615 0.940032
48 38.5412 14.0320 23.8854 0.131082 0.933970 0.159090 0.930104
49 40.4988 14.2615 25.6592 0.129257 0.933908 0.139828 0.941073
