epoch time fwd_time bwd_time loss acc val_loss val_acc
0 42.2723 16.7076 24.9865 0.476038 0.818198 0.465810 0.824580
1 39.3595 14.0544 24.7229 0.477176 0.823980 0.465314 0.824580
2 40.4981 14.2878 25.6300 0.477207 0.823980 0.465432 0.824580
3 40.1916 14.3255 25.2797 0.477188 0.823980 0.465569 0.824580
4 40.8586 14.3778 25.8895 0.477133 0.823980 0.465538 0.824580
5 40.1094 14.3455 25.1773 0.431724 0.823980 0.443084 0.824580
6 40.6901 14.1304 25.9707 0.382058 0.823980 0.372776 0.824580
7 42.2878 14.3575 27.3347 0.358829 0.823980 0.354215 0.824580
8 39.2415 14.0077 24.6510 0.355846 0.823980 0.353386 0.824580
9 41.6920 14.3912 26.6597 0.358582 0.823980 0.358242 0.824580
10 41.3651 14.4173 26.3658 0.362473 0.823980 0.320205 0.824580
11 40.0571 14.0099 25.4655 0.323300 0.827031 0.319407 0.824580
12 41.0574 14.2956 26.1370 0.201223 0.867416 0.249144 0.894796
13 40.4181 14.3395 25.4995 0.223882 0.896868 0.196812 0.920977
14 40.8411 14.3699 25.8918 0.188534 0.898914 0.250220 0.891113
15 38.6240 14.0694 23.9681 0.163860 0.908663 0.190897 0.919696
16 39.9052 14.1542 25.1710 0.170350 0.914578 0.200704 0.913931
17 40.5956 14.3354 25.6760 0.178404 0.917363 0.183771 0.924420
18 38.2708 13.9971 23.6937 0.154330 0.917594 0.183369 0.922178
19 40.9500 14.4257 25.9370 0.159404 0.919578 0.170017 0.928183
20 39.6261 14.2861 24.7504 0.160703 0.917719 0.170939 0.925781
21 39.0327 13.9700 24.4759 0.163690 0.921659 0.168180 0.928022
22 40.0229 14.2142 25.2153 0.155092 0.923750 0.163050 0.930665
23 40.2626 14.0210 25.6577 0.154547 0.920930 0.164424 0.928423
24 39.5009 14.2626 24.6588 0.153483 0.924417 0.162702 0.928823
25 38.6633 14.0589 24.0202 0.168248 0.925173 0.158610 0.932266
26 39.7187 14.2906 24.8426 0.169576 0.923812 0.158155 0.931145
27 39.4617 14.0204 24.8533 0.148231 0.925137 0.156956 0.931625
28 39.9594 14.2890 25.0827 0.163263 0.926489 0.162522 0.929544
29 39.6616 14.0844 24.9432 0.141851 0.927503 0.153859 0.932506
30 40.2253 14.2894 25.3581 0.142777 0.926792 0.171305 0.923939
31 40.1003 13.9451 25.5758 0.173319 0.929060 0.156509 0.933707
32 39.2525 13.9808 24.6775 0.152607 0.927468 0.147001 0.937150
33 37.7220 14.0681 23.0629 0.145381 0.927583 0.150547 0.934748
34 40.5350 14.1910 25.7591 0.137151 0.930661 0.151514 0.936349
35 41.1064 14.3298 26.1885 0.146331 0.928740 0.142716 0.938351
36 40.1202 14.0617 25.4331 0.136689 0.929345 0.146446 0.936990
37 40.7983 14.3172 25.8958 0.146188 0.929816 0.147180 0.937550
38 39.7209 14.1199 25.0018 0.135125 0.930875 0.147073 0.936669
39 40.6701 14.2124 25.8762 0.159476 0.930884 0.149043 0.937310
40 39.9108 14.3554 24.9556 0.144875 0.930999 0.143927 0.938110
41 39.4094 14.1028 24.7159 0.154361 0.931506 0.172219 0.928183
42 40.9189 14.2848 26.0532 0.143636 0.931471 0.199276 0.914412
43 39.3270 14.1203 24.5866 0.154633 0.931275 0.145171 0.937230
44 39.7139 14.0758 25.0569 0.153301 0.931124 0.182589 0.922418
45 40.5234 14.2141 25.7212 0.134412 0.933223 0.144096 0.937950
46 40.1205 14.3189 25.2129 0.156982 0.932903 0.144742 0.937950
47 39.9043 14.1396 25.1826 0.477963 0.832306 0.464889 0.824580
48 39.7659 14.3364 24.8431 0.477633 0.823980 0.464775 0.824580
49 40.1504 14.3398 25.1842 0.477564 0.823980 0.464763 0.824580
