epoch time fwd_time bwd_time loss acc val_loss val_acc
0 5.3749 2.3763 2.6398 0.422838 0.758973 0.465230 0.826181
1 5.4638 2.4104 2.7008 0.418228 0.823802 0.464141 0.826181
2 5.5015 2.4350 2.6629 0.418193 0.823802 0.464079 0.826181
3 5.5305 2.5314 2.6374 0.418143 0.823802 0.464007 0.826181
4 5.4844 2.4978 2.6287 0.417928 0.823802 0.463335 0.826181
5 5.4377 2.4276 2.6447 0.416561 0.823802 0.461514 0.826181
6 5.5231 2.5093 2.6524 0.411485 0.823802 0.453562 0.826181
7 5.5126 2.5151 2.6522 0.369226 0.823793 0.380408 0.826261
8 5.4959 2.4590 2.6650 0.316653 0.839084 0.324533 0.855324
9 5.4040 2.3963 2.6469 0.284068 0.873856 0.272663 0.883427
10 5.4924 2.4844 2.6453 0.249193 0.891709 0.241169 0.899920
11 5.3805 2.3618 2.6616 0.234005 0.899581 0.230746 0.903283
12 5.5130 2.4647 2.6850 0.221718 0.903032 0.224196 0.903603
13 5.4856 2.4558 2.6769 0.214412 0.905532 0.219977 0.905845
14 5.5385 2.5043 2.6846 0.209295 0.907462 0.216954 0.906245
15 5.4888 2.4426 2.6865 0.205154 0.909312 0.214490 0.907686
16 5.5462 2.4943 2.6846 0.201459 0.910522 0.212346 0.908247
17 5.3613 2.3821 2.6231 0.197954 0.911928 0.210417 0.909448
18 5.5567 2.5423 2.6613 0.194522 0.913484 0.208561 0.910568
19 5.4882 2.4893 2.6429 0.191132 0.914659 0.206571 0.911529
20 5.4920 2.4769 2.6390 0.187754 0.916002 0.204284 0.912330
21 5.5219 2.4762 2.6806 0.184275 0.917638 0.201647 0.914892
22 5.4836 2.4456 2.6751 0.180853 0.919542 0.199033 0.916253
23 5.5404 2.5060 2.6779 0.180455 0.921259 0.194793 0.918895
24 5.5115 2.4929 2.6709 0.175202 0.923936 0.186896 0.924339
25 5.5405 2.4978 2.6709 0.166791 0.926498 0.181028 0.926501
26 5.3733 2.4060 2.6241 0.159993 0.927815 0.184689 0.924019
27 5.4664 2.4678 2.5972 0.154694 0.930119 0.178457 0.926982
28 5.4368 2.3934 2.6848 0.154946 0.931987 0.173990 0.927702
29 5.5308 2.4804 2.6879 0.150454 0.934095 0.161625 0.934748
30 5.4954 2.4474 2.6818 0.143300 0.936541 0.159833 0.935548
31 5.4036 2.4294 2.6235 0.144827 0.936888 0.169030 0.931385
32 5.4856 2.4249 2.6981 0.149668 0.938845 0.154300 0.938911
33 5.4377 2.4367 2.6422 0.141815 0.939637 0.146208 0.942194
34 5.4198 2.4006 2.6556 0.133543 0.940989 0.141582 0.942034
35 5.4465 2.4240 2.6716 0.129054 0.941264 0.138374 0.943155
36 5.4723 2.4546 2.6545 0.127814 0.942403 0.142459 0.940833
37 5.4477 2.4120 2.6688 0.126068 0.944262 0.139006 0.943074
38 5.4399 2.4350 2.6479 0.127802 0.944698 0.141397 0.941393
39 5.4527 2.4225 2.6660 0.122326 0.946281 0.129610 0.948919
40 5.4682 2.4953 2.6083 0.121240 0.946255 0.128630 0.948519
41 5.4397 2.4042 2.6773 0.121276 0.947660 0.127760 0.948679
42 5.5209 2.4303 2.7216 0.123041 0.947571 0.133281 0.944275
43 5.4930 2.4507 2.6815 0.121793 0.948808 0.128443 0.946277
44 5.4781 2.5519 2.5619 0.123790 0.949030 0.130180 0.946037
45 5.5370 2.4825 2.7016 0.122044 0.949644 0.127299 0.946918
46 5.4031 2.3648 2.6741 0.124435 0.950026 0.126928 0.947158
47 5.3631 2.3466 2.6523 0.122083 0.950738 0.124672 0.947878
48 5.5669 2.4831 2.6884 0.123172 0.951254 0.123809 0.948439
49 5.4643 2.4343 2.6757 0.121017 0.952028 0.122461 0.949239
