epoch time fwd_time bwd_time loss acc val_loss val_acc
0 5.6002 2.5138 2.6832 0.652582 0.483175 0.653252 0.820737
1 5.5642 2.5658 2.6466 0.525234 0.824407 0.535174 0.820737
2 5.5043 2.5533 2.6086 0.467103 0.824407 0.485962 0.820737
3 5.5739 2.5427 2.6907 0.450946 0.824407 0.474415 0.820737
4 5.6265 2.5558 2.6754 0.446020 0.824407 0.471899 0.820737
5 5.5025 2.5427 2.5992 0.444644 0.824407 0.471559 0.820737
6 5.4667 2.4685 2.6469 0.444191 0.824407 0.471491 0.820737
7 5.5204 2.5587 2.6183 0.443919 0.824407 0.471394 0.820737
8 5.5960 2.5760 2.6744 0.443696 0.824407 0.471280 0.820737
9 5.4591 2.4802 2.6299 0.443499 0.824407 0.471152 0.820737
10 5.4419 2.4727 2.6278 0.443313 0.824407 0.470997 0.820737
11 5.5037 2.5024 2.6523 0.443118 0.824407 0.470803 0.820737
12 5.4932 2.5129 2.6357 0.442899 0.824407 0.470560 0.820737
13 5.4483 2.4865 2.6257 0.442636 0.824407 0.470261 0.820737
14 5.5865 2.5832 2.6437 0.442316 0.824407 0.469898 0.820737
15 5.5303 2.5407 2.6389 0.441920 0.824407 0.469454 0.820737
16 5.5456 2.5684 2.6360 0.441430 0.824407 0.468909 0.820737
17 5.5993 2.5427 2.7114 0.440813 0.824407 0.468223 0.820737
18 5.5535 2.5910 2.6192 0.440012 0.824407 0.467325 0.820737
19 5.5154 2.5158 2.6505 0.438827 0.824407 0.465979 0.820737
20 5.4516 2.4992 2.6186 0.436475 0.824407 0.463512 0.820737
21 5.4356 2.4818 2.6170 0.433637 0.824407 0.459981 0.820737
22 5.5159 2.5412 2.6215 0.429005 0.824407 0.455083 0.820737
23 5.5251 2.5329 2.6429 0.423071 0.824407 0.448586 0.820737
24 5.5813 2.5692 2.6734 0.413515 0.824407 0.437921 0.820737
25 5.5933 2.5517 2.6503 0.397504 0.824407 0.419998 0.820737
26 5.8206 2.6864 2.7803 0.363137 0.824407 0.379071 0.820737
27 5.6529 2.5864 2.7269 0.351880 0.824407 0.369900 0.820737
28 6.0465 2.8010 2.8695 0.346259 0.824407 0.364222 0.820737
29 5.6347 2.5832 2.7035 0.338217 0.824407 0.358412 0.820737
30 5.6297 2.5792 2.6975 0.332849 0.824407 0.354419 0.820737
31 5.4543 2.4591 2.6500 0.327986 0.824345 0.349670 0.820737
32 5.5529 2.5480 2.6511 0.316822 0.824300 0.339551 0.820817
33 5.5823 2.5615 2.6708 0.311812 0.824665 0.333742 0.820897
34 5.4602 2.4955 2.6320 0.305052 0.827903 0.325965 0.834908
35 5.5850 2.6189 2.6237 0.294861 0.841406 0.313867 0.846517
36 5.4532 2.4769 2.6348 0.287241 0.857702 0.300368 0.865172
37 5.5977 2.5941 2.6476 0.275390 0.869035 0.287021 0.869736
38 5.4391 2.5264 2.5744 0.270373 0.874541 0.277223 0.876461
39 5.5333 2.4982 2.6939 0.270180 0.877120 0.271103 0.879504
40 5.4939 2.5018 2.6510 0.268577 0.878811 0.269526 0.878943
41 5.5960 2.5939 2.6618 0.262609 0.881061 0.267906 0.880304
42 5.3767 2.4554 2.5762 0.257241 0.882858 0.262547 0.883507
43 5.6229 2.5972 2.6732 0.253849 0.884744 0.257457 0.885348
44 5.5765 2.5717 2.6544 0.250863 0.886710 0.253340 0.887270
45 5.5066 2.5580 2.6108 0.248004 0.888053 0.249639 0.888471
46 5.4524 2.4851 2.6201 0.245247 0.889378 0.246194 0.890793
47 5.6169 2.6005 2.6522 0.242586 0.890695 0.242948 0.892074
48 5.4380 2.4551 2.6422 0.240016 0.891922 0.239868 0.893515
49 5.5163 2.5379 2.6360 0.237531 0.893096 0.236936 0.894556
