epoch time fwd_time bwd_time loss acc val_loss val_acc
0 5.4889 2.5024 2.6391 0.663556 0.303080 0.663402 0.820737
1 5.4903 2.5131 2.6334 0.530588 0.824407 0.540577 0.820737
2 5.4472 2.4854 2.6221 0.479524 0.824407 0.496153 0.820737
3 5.4743 2.5382 2.5858 0.459144 0.824407 0.479909 0.820737
4 5.3744 2.4677 2.5783 0.450498 0.824407 0.473964 0.820737
5 5.5963 2.5796 2.6717 0.446846 0.824407 0.472022 0.820737
6 5.5800 2.5570 2.6830 0.445300 0.824407 0.471498 0.820737
7 5.6070 2.5872 2.6754 0.444621 0.824407 0.471386 0.820737
8 5.5102 2.5076 2.6182 0.444288 0.824407 0.471340 0.820737
9 5.5170 2.5449 2.6274 0.444082 0.824407 0.471263 0.820737
10 5.5346 2.4874 2.6922 0.443904 0.824407 0.471129 0.820737
11 5.5614 2.5407 2.6819 0.443697 0.824407 0.470932 0.820737
12 5.5350 2.5901 2.5950 0.443431 0.824407 0.470667 0.820737
13 5.4432 2.5224 2.5750 0.443101 0.824407 0.470335 0.820737
14 5.4786 2.5323 2.5988 0.442715 0.824407 0.469937 0.820737
15 5.4388 2.4907 2.5994 0.442276 0.824407 0.469467 0.820737
16 5.5543 2.5591 2.6542 0.441779 0.824407 0.468918 0.820737
17 5.3806 2.4535 2.5894 0.441206 0.824407 0.468270 0.820737
18 5.5000 2.4829 2.6861 0.440531 0.824407 0.467492 0.820737
19 5.5694 2.5533 2.6676 0.439709 0.824407 0.466531 0.820737
20 5.4759 2.5468 2.5881 0.438666 0.824407 0.465280 0.820737
21 5.5417 2.5839 2.6182 0.437065 0.824407 0.463275 0.820737
22 5.6288 2.5957 2.6853 0.432780 0.824407 0.458602 0.820737
23 5.4911 2.4709 2.6817 0.429251 0.824407 0.455187 0.820737
24 5.4659 2.5304 2.5872 0.425944 0.824407 0.451782 0.820737
25 5.5053 2.4961 2.6682 0.422293 0.824407 0.447868 0.820737
26 5.5729 2.5720 2.6406 0.418068 0.824407 0.443269 0.820737
27 5.5260 2.5342 2.6359 0.413135 0.824407 0.437877 0.820737
28 5.5754 2.5311 2.6895 0.407405 0.824407 0.431613 0.820737
29 5.5623 2.5697 2.6425 0.400826 0.824407 0.424439 0.820737
30 5.5125 2.5408 2.6251 0.393407 0.824407 0.416381 0.820737
31 5.5106 2.5315 2.6302 0.385248 0.824407 0.407565 0.820737
32 5.8617 2.7005 2.7952 0.376568 0.824407 0.398249 0.820737
33 5.6852 2.5687 2.7324 0.367725 0.824407 0.388829 0.820737
34 5.5106 2.5529 2.6130 0.359185 0.824407 0.379806 0.820737
35 5.5864 2.5599 2.6791 0.351444 0.824407 0.371684 0.820737
36 5.4888 2.5166 2.6210 0.344898 0.824407 0.364837 0.820737
37 5.5089 2.5068 2.6559 0.339721 0.824407 0.359404 0.820737
38 5.5084 2.4972 2.6635 0.335827 0.824407 0.355281 0.820737
39 5.4579 2.4631 2.6368 0.332947 0.824407 0.352209 0.820737
40 5.5490 2.5613 2.6436 0.330774 0.824407 0.349889 0.820737
41 5.5397 2.5963 2.5978 0.329055 0.824407 0.348068 0.820737
42 5.7446 2.7377 2.6517 0.327621 0.824407 0.346564 0.820737
43 5.3821 2.4433 2.5987 0.326367 0.824407 0.345262 0.820737
44 5.4750 2.5001 2.6365 0.325231 0.824407 0.344088 0.820737
45 5.6908 2.6680 2.6720 0.324175 0.824407 0.342999 0.820737
46 5.4249 2.4944 2.5859 0.323177 0.824407 0.341968 0.820737
47 5.4554 2.4903 2.6145 0.322220 0.824407 0.340977 0.820737
48 5.6697 2.6319 2.6871 0.321294 0.824407 0.340015 0.820737
49 5.5246 2.4935 2.6820 0.320391 0.824407 0.339075 0.820737
