epoch time fwd_time bwd_time loss acc val_loss val_acc
0 6.1921 2.7882 2.9981 0.514363 0.823802 0.533346 0.826181
1 5.3652 2.4059 2.6175 0.476486 0.823802 0.502116 0.826181
2 5.4000 2.4242 2.6262 0.448314 0.823802 0.480591 0.826181
3 5.8818 2.5896 2.9216 0.428387 0.823802 0.467772 0.826181
4 5.4723 2.4890 2.6387 0.420944 0.823802 0.464561 0.826181
5 5.3979 2.4172 2.6297 0.418972 0.823802 0.464142 0.826181
6 5.4874 2.4328 2.7005 0.418466 0.823802 0.464082 0.826181
7 5.4519 2.4877 2.6144 0.418339 0.823802 0.464057 0.826181
8 5.5068 2.5007 2.6606 0.418473 0.823802 0.463959 0.826181
9 5.3192 2.3940 2.5822 0.418543 0.823802 0.463613 0.826181
10 5.4170 2.4801 2.5937 0.418726 0.823802 0.461581 0.826181
11 5.5117 2.4797 2.6833 0.379588 0.823802 0.388413 0.826181
12 5.4345 2.4092 2.6797 0.367716 0.823802 0.371130 0.826181
13 5.4875 2.4923 2.6514 0.354401 0.823802 0.355018 0.826181
14 5.3933 2.3827 2.6657 0.345708 0.823802 0.344838 0.826181
15 5.3188 2.3944 2.5749 0.334854 0.823873 0.332328 0.826982
16 5.4575 2.4935 2.6118 0.326951 0.827111 0.320402 0.834027
17 5.4473 2.4137 2.6485 0.318914 0.846147 0.309904 0.855564
18 5.4614 2.4568 2.6620 0.309997 0.865565 0.298727 0.872778
19 5.5088 2.4253 2.7264 0.294090 0.877912 0.290355 0.882146
20 5.5144 2.5113 2.6412 0.281597 0.885260 0.282660 0.887590
21 5.6699 2.6005 2.6768 0.272931 0.888969 0.275036 0.890713
22 5.4207 2.4345 2.6404 0.265922 0.891940 0.268133 0.893835
23 5.4484 2.4166 2.6797 0.259681 0.894386 0.261642 0.896077
24 5.4346 2.4647 2.6205 0.253784 0.896601 0.255270 0.899119
25 5.5595 2.5345 2.6803 0.248118 0.899145 0.248787 0.900240
26 5.4824 2.4620 2.6573 0.243228 0.901965 0.242299 0.901761
27 5.4485 2.4372 2.6566 0.239365 0.904002 0.237181 0.902482
28 5.5450 2.5367 2.6501 0.234809 0.905354 0.232847 0.903203
29 5.4128 2.4086 2.6623 0.230065 0.906893 0.228871 0.904564
30 5.4292 2.3988 2.6736 0.225891 0.908343 0.225430 0.905845
31 5.4785 2.4628 2.6489 0.222485 0.909526 0.222477 0.907446
32 5.5748 2.5285 2.6897 0.219848 0.910576 0.219989 0.907766
33 5.6457 2.5779 2.7030 0.217744 0.911661 0.217863 0.908887
34 5.3247 2.3705 2.6019 0.215945 0.912435 0.215984 0.910248
35 5.5257 2.4826 2.6974 0.214352 0.913369 0.214287 0.911209
36 5.4929 2.4327 2.6945 0.212910 0.914392 0.212734 0.912650
37 5.3926 2.4107 2.6348 0.211574 0.915023 0.211294 0.913291
38 5.3678 2.3672 2.6485 0.210306 0.915708 0.209948 0.914091
39 5.5150 2.5103 2.6399 0.209080 0.916180 0.208680 0.914732
40 5.5720 2.5458 2.6735 0.207879 0.916713 0.207476 0.915612
41 5.4611 2.4526 2.6546 0.206688 0.917363 0.206320 0.916173
42 5.6150 2.5950 2.6729 0.205495 0.918003 0.205194 0.916894
43 5.4355 2.4799 2.6002 0.204290 0.918706 0.204082 0.917374
44 5.4928 2.4458 2.7035 0.203068 0.919320 0.202975 0.918415
45 5.4203 2.4272 2.6242 0.201829 0.919996 0.201874 0.919536
46 5.5370 2.4840 2.6495 0.200585 0.920521 0.200788 0.919776
47 5.5577 2.5330 2.6671 0.199338 0.921170 0.199720 0.920336
48 5.4407 2.4850 2.6044 0.198081 0.921766 0.198664 0.921377
49 5.4496 2.4067 2.6989 0.196811 0.922202 0.197618 0.921857
