epoch time fwd_time bwd_time loss acc val_loss val_acc
0 5.4770 2.5044 2.6274 0.492872 0.824407 0.507291 0.820737
1 5.5516 2.5527 2.6538 0.459902 0.824407 0.480231 0.820737
2 5.6561 2.6527 2.6545 0.449113 0.824407 0.473034 0.820737
3 5.6606 2.6915 2.6143 0.446013 0.824407 0.471705 0.820737
4 5.5284 2.5179 2.6619 0.445060 0.824407 0.471492 0.820737
5 5.5243 2.5038 2.6654 0.444667 0.824407 0.471322 0.820737
6 5.5212 2.5409 2.6389 0.444325 0.824407 0.470937 0.820737
7 5.5068 2.5447 2.6125 0.443875 0.824407 0.470408 0.820737
8 5.4908 2.4821 2.6282 0.443295 0.824407 0.469788 0.820737
9 5.5674 2.5454 2.6707 0.442583 0.824407 0.468984 0.820737
10 5.5172 2.4955 2.6854 0.441491 0.824407 0.467716 0.820737
11 5.5513 2.5513 2.6614 0.440188 0.824407 0.466271 0.820737
12 5.5124 2.5095 2.6181 0.438219 0.824407 0.463377 0.820737
13 5.4515 2.4690 2.6316 0.404501 0.824407 0.419056 0.820737
14 5.4375 2.4611 2.6344 0.376261 0.819461 0.388673 0.812010
15 5.4357 2.4584 2.6322 0.361863 0.810504 0.375435 0.808327
16 5.5797 2.5941 2.6385 0.349413 0.813688 0.364980 0.816733
17 5.4142 2.4547 2.6099 0.340708 0.824140 0.357795 0.820737
18 5.5271 2.5232 2.6627 0.335067 0.824407 0.352851 0.820737
19 5.5136 2.5016 2.6681 0.330891 0.824407 0.348838 0.820737
20 5.6272 2.5913 2.6479 0.327247 0.824407 0.345062 0.820737
21 5.4205 2.4634 2.6068 0.323686 0.824407 0.341162 0.820737
22 5.4856 2.4890 2.6518 0.319903 0.824407 0.336803 0.820737
23 5.5656 2.5511 2.6533 0.315342 0.824416 0.331178 0.820897
24 5.5027 2.4941 2.6747 0.308016 0.828259 0.321649 0.838511
25 5.4020 2.4614 2.5929 0.296484 0.841326 0.307960 0.851721
26 5.5613 2.5490 2.6583 0.275974 0.859054 0.282773 0.869576
27 5.5727 2.5539 2.6769 0.245591 0.885357 0.247365 0.903443
28 5.4308 2.4786 2.6055 0.228734 0.907649 0.223592 0.911609
29 5.4563 2.4709 2.6488 0.221381 0.913858 0.213654 0.915773
30 5.5379 2.5403 2.6505 0.217318 0.915851 0.208859 0.917134
31 5.5153 2.5490 2.6178 0.214854 0.917140 0.205198 0.917694
32 5.4730 2.4712 2.6511 0.213294 0.918021 0.202290 0.918094
33 5.5363 2.5392 2.6390 0.211986 0.918733 0.199974 0.918415
34 5.5432 2.5301 2.6724 0.210670 0.919329 0.198073 0.918895
35 5.4924 2.4767 2.6711 0.209220 0.919933 0.196433 0.919616
36 5.4970 2.4879 2.6633 0.207609 0.920449 0.194923 0.919135
37 5.5724 2.5208 2.6615 0.205943 0.921010 0.193473 0.919776
38 5.6213 2.5998 2.6751 0.204359 0.921330 0.192075 0.920336
39 5.5235 2.5182 2.6570 0.202929 0.921721 0.190744 0.920657
40 5.5263 2.4970 2.6939 0.201651 0.922077 0.189479 0.921057
41 5.4907 2.4946 2.6656 0.200496 0.922433 0.188275 0.921137
42 5.5496 2.6116 2.5829 0.199435 0.922682 0.187118 0.921297
43 5.6253 2.6055 2.6686 0.198439 0.923065 0.185998 0.921217
44 5.6229 2.6415 2.6445 0.197490 0.923412 0.184907 0.921777
45 5.4959 2.5151 2.6378 0.196570 0.923767 0.183838 0.922178
46 5.4791 2.5304 2.6043 0.195669 0.924212 0.182786 0.923058
47 5.4571 2.5104 2.5985 0.194775 0.924630 0.181748 0.923379
48 5.5545 2.5367 2.6812 0.193884 0.925004 0.180723 0.923699
49 5.5030 2.4856 2.6676 0.192991 0.925208 0.179711 0.924099
