epoch time fwd_time bwd_time loss acc val_loss val_acc
0 5.5088 2.4624 2.6798 0.780103 0.176198 0.772626 0.173819
1 5.3778 2.3745 2.6384 0.679893 0.268709 0.680399 0.826181
2 5.3312 2.3722 2.6012 0.599065 0.823802 0.607365 0.826181
3 5.4485 2.4797 2.6184 0.535393 0.823802 0.551350 0.826181
4 5.4857 2.4313 2.6989 0.480294 0.823802 0.505067 0.826181
5 5.4908 2.4609 2.6724 0.442368 0.823802 0.476369 0.826181
6 5.5258 2.4959 2.6776 0.426620 0.823802 0.466811 0.826181
7 5.4706 2.4344 2.6813 0.421245 0.823802 0.464590 0.826181
8 5.4471 2.5066 2.5881 0.419354 0.823802 0.464128 0.826181
9 5.5128 2.4536 2.6929 0.418659 0.823802 0.464020 0.826181
10 5.4664 2.4171 2.6961 0.418401 0.823802 0.463970 0.826181
11 5.4543 2.4425 2.6303 0.418302 0.823802 0.463919 0.826181
12 5.5148 2.4636 2.6842 0.418248 0.823802 0.463847 0.826181
13 5.4145 2.4426 2.6127 0.418184 0.823802 0.463718 0.826181
14 5.6979 2.6104 2.7137 0.418046 0.823802 0.463390 0.826181
15 5.5290 2.5367 2.6364 0.417393 0.823802 0.461411 0.826181
16 5.5408 2.4631 2.6845 0.399996 0.823802 0.408081 0.826181
17 5.3262 2.3844 2.5946 0.365735 0.823802 0.389011 0.826181
18 5.4557 2.4918 2.6057 0.361542 0.823802 0.374837 0.826181
19 5.4132 2.4588 2.5950 0.352865 0.823802 0.364287 0.826181
20 5.4405 2.4238 2.6709 0.343924 0.823802 0.352229 0.826181
21 5.5112 2.5101 2.6472 0.331666 0.823838 0.338824 0.826581
22 5.4918 2.5003 2.6265 0.315528 0.826746 0.327663 0.832186
23 5.5994 2.5529 2.6807 0.301207 0.838906 0.313788 0.843715
24 5.5306 2.4788 2.6943 0.286222 0.855798 0.301584 0.855164
25 5.4452 2.4321 2.6514 0.271634 0.870938 0.291006 0.865012
26 5.4946 2.4610 2.6730 0.259801 0.881355 0.278735 0.876301
27 5.4198 2.4833 2.5804 0.250334 0.889165 0.269401 0.882546
28 5.4635 2.4830 2.6235 0.243284 0.894173 0.261111 0.888231
29 5.3734 2.3584 2.6570 0.238114 0.897419 0.255131 0.891513
30 5.4922 2.4626 2.6711 0.234292 0.899510 0.250995 0.894876
31 5.3957 2.3938 2.6481 0.231369 0.901129 0.248086 0.896237
32 5.4267 2.4418 2.6314 0.229077 0.902161 0.245907 0.897358
33 5.5325 2.4709 2.7062 0.227242 0.903086 0.244129 0.898239
34 5.4933 2.5278 2.6039 0.225733 0.903842 0.242572 0.898719
35 5.5727 2.5550 2.6519 0.224457 0.904607 0.241147 0.899039
36 5.5146 2.4958 2.6663 0.223349 0.905132 0.239791 0.900080
37 5.5110 2.5385 2.6032 0.222356 0.905728 0.238440 0.900560
38 5.3599 2.3897 2.6172 0.221405 0.905986 0.237021 0.901521
39 5.4853 2.4175 2.7041 0.220360 0.906448 0.235453 0.902482
40 5.4933 2.5161 2.6192 0.219228 0.906555 0.233921 0.904003
41 5.4777 2.4631 2.6554 0.218218 0.906964 0.232586 0.904404
42 5.4513 2.4004 2.6951 0.217317 0.907240 0.231405 0.905044
43 5.4692 2.5190 2.5898 0.216490 0.907640 0.230315 0.905364
44 5.4421 2.4148 2.6741 0.215719 0.907925 0.229273 0.905604
45 5.5604 2.4899 2.6759 0.214992 0.908183 0.228256 0.905444
46 5.4547 2.4002 2.6863 0.214300 0.908565 0.227255 0.906165
47 5.4242 2.4465 2.6158 0.213634 0.909019 0.226265 0.907046
48 5.4361 2.4503 2.6255 0.212985 0.909312 0.225290 0.906886
49 5.4463 2.4800 2.5978 0.212346 0.909651 0.224330 0.906725
