epoch time fwd_time bwd_time loss acc val_loss val_acc
0 5.5360 2.4508 2.7131 0.451635 0.486315 0.481975 0.826181
1 5.4907 2.4168 2.7073 0.418144 0.823802 0.464055 0.826181
2 5.5950 2.5620 2.6600 0.417941 0.823802 0.463569 0.826181
3 5.4218 2.4218 2.6462 0.416621 0.823802 0.460802 0.826181
4 5.4447 2.3926 2.7014 0.413015 0.823802 0.456737 0.826181
5 5.4313 2.4073 2.6661 0.407431 0.823802 0.449696 0.826181
6 5.4485 2.4183 2.6840 0.387267 0.823802 0.426665 0.826181
7 5.4372 2.4455 2.6398 0.324724 0.823802 0.337943 0.826181
8 5.4538 2.4375 2.6500 0.271166 0.840676 0.282218 0.876701
9 5.4263 2.4302 2.6402 0.232536 0.894751 0.247354 0.903683
10 5.5022 2.5166 2.6312 0.226774 0.901716 0.239646 0.903923
11 5.5064 2.4470 2.6515 0.223505 0.903735 0.227859 0.907366
12 5.4779 2.4720 2.6454 0.220189 0.906315 0.222470 0.908247
13 5.5143 2.5314 2.6341 0.217481 0.907978 0.218484 0.910488
14 5.4755 2.4126 2.7091 0.215248 0.908992 0.215569 0.910408
15 5.5740 2.5275 2.6903 0.212920 0.909953 0.213588 0.911769
16 5.4375 2.4059 2.6640 0.210270 0.910665 0.212050 0.911209
17 5.4083 2.4227 2.6260 0.207473 0.911376 0.210284 0.912010
18 5.4692 2.4859 2.6258 0.204749 0.912017 0.207988 0.912570
19 5.4772 2.4258 2.6845 0.202322 0.912835 0.205285 0.913771
20 5.3985 2.3959 2.6394 0.200300 0.913742 0.202600 0.914732
21 5.5921 2.5169 2.7113 0.198293 0.914739 0.200342 0.916573
22 5.5360 2.4567 2.7147 0.195997 0.915557 0.198483 0.916653
23 5.5725 2.5169 2.6979 0.193620 0.916393 0.196791 0.918575
24 5.4598 2.4258 2.6713 0.191333 0.917247 0.195136 0.918895
25 5.3884 2.3845 2.6519 0.189177 0.918030 0.193459 0.919055
26 5.4133 2.4138 2.6316 0.187137 0.918777 0.191770 0.920016
27 5.4811 2.4682 2.6612 0.185199 0.919604 0.190149 0.920016
28 5.4722 2.4128 2.6935 0.183410 0.920583 0.188692 0.920256
29 5.4283 2.4145 2.6402 0.181832 0.921428 0.187426 0.920336
30 5.4787 2.4868 2.6248 0.180407 0.922406 0.186297 0.920977
31 5.6041 2.5364 2.7000 0.178999 0.922878 0.185234 0.921217
32 5.3959 2.3770 2.6557 0.177540 0.923527 0.184188 0.921537
33 5.5533 2.5097 2.6852 0.176048 0.924292 0.183133 0.921938
34 5.4163 2.4104 2.6527 0.174578 0.924942 0.182048 0.921857
35 5.5774 2.5246 2.6892 0.173194 0.925618 0.180908 0.922098
36 5.5067 2.4853 2.6630 0.171950 0.926400 0.179674 0.922738
37 5.5554 2.4746 2.7159 0.170909 0.927201 0.178261 0.923139
38 5.5454 2.4931 2.6876 0.170314 0.928135 0.176009 0.923779
39 5.6044 2.5851 2.6691 0.171058 0.929451 0.169334 0.926261
40 5.5509 2.5033 2.6907 0.161400 0.931035 0.160676 0.930905
41 5.4832 2.4319 2.6997 0.149760 0.933312 0.156552 0.932266
42 5.5014 2.5098 2.6270 0.145837 0.935447 0.152047 0.934748
43 5.4055 2.3970 2.6561 0.141213 0.937350 0.148218 0.937230
44 5.4878 2.4812 2.6088 0.138189 0.938863 0.145509 0.937790
45 5.4725 2.4446 2.6712 0.136688 0.940135 0.143493 0.938751
46 5.3285 2.3611 2.6148 0.135906 0.941078 0.141877 0.939712
47 5.5310 2.4359 2.7243 0.135299 0.941674 0.140482 0.940913
48 5.4074 2.4055 2.6415 0.134553 0.942136 0.139206 0.941473
49 5.5217 2.5016 2.6518 0.133827 0.942572 0.138028 0.941793
