epoch time fwd_time bwd_time loss acc val_loss val_acc
0 5.3541 2.3736 2.6236 0.430056 0.776657 0.468348 0.826181
1 5.5164 2.4639 2.6885 0.417597 0.823802 0.462981 0.826181
2 5.3693 2.4074 2.6051 0.415930 0.823802 0.461228 0.826181
3 5.5050 2.4614 2.6916 0.413682 0.823802 0.458198 0.826181
4 5.5024 2.5099 2.6233 0.405484 0.823802 0.446619 0.826181
5 5.3388 2.3702 2.6101 0.356025 0.823784 0.379323 0.826181
6 5.4941 2.4537 2.6773 0.347440 0.824104 0.363345 0.826101
7 5.5026 2.4750 2.6594 0.304406 0.831390 0.314938 0.853883
8 5.4752 2.5398 2.5770 0.260485 0.871196 0.279024 0.880224
9 5.4494 2.4036 2.6865 0.275059 0.882796 0.268696 0.886789
10 5.4226 2.4721 2.5965 0.248558 0.886968 0.262477 0.892394
11 5.4852 2.4365 2.6893 0.244142 0.889858 0.258387 0.891593
12 5.4463 2.4431 2.6395 0.240575 0.892011 0.255873 0.891433
13 5.5627 2.5185 2.6760 0.237709 0.893603 0.253947 0.891433
14 5.4351 2.3912 2.6866 0.235164 0.895196 0.251048 0.892874
15 5.5742 2.5234 2.6790 0.232730 0.896388 0.248223 0.893355
16 5.5367 2.5203 2.6624 0.230325 0.897348 0.245366 0.894155
17 5.3782 2.3652 2.6553 0.227570 0.898709 0.242327 0.895917
18 5.4767 2.4548 2.6702 0.224590 0.899528 0.239316 0.898399
19 5.3584 2.3963 2.6069 0.222191 0.900835 0.236600 0.899600
20 5.3324 2.3705 2.6033 0.220181 0.901689 0.233864 0.901281
21 5.5470 2.4984 2.6811 0.218498 0.902428 0.231095 0.902802
22 5.3875 2.4093 2.6215 0.217114 0.903095 0.228439 0.903283
23 5.5786 2.5170 2.6980 0.215788 0.903922 0.226052 0.904323
24 5.3681 2.4082 2.5741 0.214028 0.904589 0.223967 0.905124
25 5.5229 2.5008 2.6572 0.211754 0.905443 0.221944 0.905524
26 5.4072 2.4317 2.6164 0.209197 0.906253 0.219828 0.906005
27 5.4196 2.4000 2.6620 0.206465 0.907133 0.217604 0.906805
28 5.3476 2.3909 2.5966 0.203642 0.907907 0.215257 0.908086
29 5.5173 2.4524 2.7046 0.200775 0.908610 0.212798 0.909448
30 5.5140 2.4562 2.6933 0.197877 0.909695 0.210249 0.910248
31 5.4821 2.5322 2.5870 0.194957 0.910647 0.207624 0.911049
32 5.4300 2.4380 2.6420 0.192029 0.911652 0.204927 0.911369
33 5.3884 2.4230 2.6107 0.189118 0.912737 0.202161 0.912570
34 5.2683 2.3387 2.5702 0.186253 0.913609 0.199337 0.913611
35 5.4935 2.4440 2.6927 0.183466 0.914934 0.196477 0.915372
36 5.5917 2.5656 2.6586 0.180789 0.915904 0.193628 0.916733
37 5.4070 2.3944 2.6610 0.178235 0.916785 0.190859 0.919135
38 5.4984 2.4463 2.6940 0.175795 0.917994 0.188245 0.920016
39 5.4447 2.4130 2.6783 0.173439 0.919062 0.185834 0.921297
40 5.5472 2.5893 2.6050 0.171155 0.920067 0.183639 0.922258
41 5.4170 2.3888 2.6707 0.168950 0.921054 0.181644 0.923219
42 5.4912 2.4852 2.6542 0.166848 0.921997 0.179824 0.923859
43 5.4390 2.4536 2.6221 0.164875 0.922824 0.178140 0.924660
44 5.4509 2.4657 2.6187 0.163050 0.923447 0.176544 0.925620
45 5.5259 2.5576 2.6067 0.161379 0.924132 0.174985 0.926181
46 5.5129 2.4615 2.6839 0.159851 0.924853 0.173426 0.926821
47 5.4600 2.4480 2.6561 0.158431 0.925600 0.171865 0.928263
48 5.4928 2.4547 2.6872 0.157079 0.926178 0.170325 0.929384
49 5.4899 2.4761 2.6572 0.155760 0.926916 0.168805 0.929864
