epoch time fwd_time bwd_time loss acc val_loss val_acc
0 5.5359 2.5041 2.6729 0.443835 0.824407 0.470972 0.820737
1 5.5581 2.5009 2.7075 0.411258 0.824407 0.432427 0.820737
2 5.5891 2.5213 2.6846 0.345386 0.824407 0.364520 0.820737
3 5.5324 2.5052 2.6742 0.334308 0.824407 0.353971 0.820737
4 5.6519 2.6489 2.6467 0.316545 0.824407 0.335802 0.820737
5 5.5158 2.5524 2.6118 0.265288 0.844217 0.375295 0.789111
6 5.6288 2.5396 2.6932 0.226802 0.887875 0.227200 0.901761
7 5.5486 2.5372 2.6640 0.217338 0.901084 0.225151 0.902402
8 5.5317 2.5540 2.6231 0.210319 0.906671 0.215996 0.906725
9 5.5054 2.5404 2.6130 0.205095 0.908565 0.216646 0.905524
10 5.6266 2.6055 2.6645 0.220424 0.909535 0.198807 0.914011
11 5.5589 2.5681 2.6336 0.218336 0.912799 0.192472 0.919215
12 5.5150 2.5622 2.5990 0.204498 0.914187 0.188390 0.919936
13 5.4867 2.5436 2.6069 0.200372 0.915859 0.185350 0.921617
14 5.6445 2.6234 2.6650 0.197142 0.917131 0.182732 0.921938
15 5.4368 2.5016 2.5754 0.195034 0.918172 0.180419 0.922658
16 5.5122 2.4999 2.6615 0.193545 0.919346 0.178250 0.924179
17 5.4698 2.4861 2.6307 0.192475 0.920209 0.176132 0.925540
18 5.5872 2.5762 2.6692 0.191802 0.921125 0.174008 0.926101
19 5.4607 2.5033 2.6148 0.191421 0.922006 0.171843 0.927142
20 5.5449 2.5700 2.6205 0.190805 0.922673 0.169728 0.928503
21 5.5017 2.5559 2.5976 0.189322 0.923634 0.167877 0.928983
22 5.5463 2.5297 2.6786 0.187475 0.924354 0.166291 0.929784
23 5.5245 2.4934 2.6784 0.185907 0.924906 0.164864 0.931065
24 5.4726 2.5441 2.5814 0.184635 0.925840 0.163558 0.932106
25 5.4994 2.4999 2.6483 0.183567 0.926667 0.162360 0.932106
26 5.6278 2.6013 2.6728 0.182628 0.927236 0.161261 0.933467
27 5.4870 2.5582 2.5733 0.181760 0.927788 0.160251 0.934508
28 5.4837 2.4784 2.6566 0.180910 0.928295 0.159316 0.935228
29 5.4501 2.4685 2.6310 0.180047 0.928740 0.158442 0.935869
30 5.5676 2.5821 2.6336 0.179168 0.929140 0.157613 0.936189
31 5.5560 2.5203 2.6449 0.178287 0.929540 0.156819 0.936589
32 5.4847 2.5010 2.6338 0.177424 0.930092 0.156057 0.936910
33 5.4655 2.4730 2.6401 0.176586 0.930492 0.155336 0.937230
34 5.6165 2.5665 2.6871 0.175767 0.930857 0.154667 0.937630
35 5.4406 2.4991 2.5925 0.174960 0.931266 0.154053 0.938271
36 5.5655 2.5499 2.6616 0.174163 0.931506 0.153486 0.938431
37 5.5278 2.4894 2.6863 0.173375 0.931729 0.152957 0.938271
38 5.6702 2.6490 2.6647 0.172602 0.931951 0.152453 0.938271
39 5.5699 2.5573 2.6644 0.171849 0.932191 0.151964 0.938511
40 5.5656 2.5876 2.6184 0.171119 0.932556 0.151485 0.938671
41 5.4285 2.4606 2.6275 0.170400 0.932912 0.151014 0.938911
42 5.5384 2.5002 2.6863 0.169676 0.933010 0.150551 0.938991
43 5.3965 2.4619 2.5921 0.168928 0.933285 0.150095 0.938911
44 5.4426 2.5030 2.5978 0.168148 0.933454 0.149650 0.939071
45 5.5173 2.5770 2.5804 0.167339 0.933819 0.149216 0.938911
46 5.5400 2.5003 2.6939 0.166512 0.934077 0.148788 0.939311
47 5.6289 2.5697 2.7085 0.165665 0.934228 0.148364 0.939311
48 5.4825 2.4628 2.6736 0.164789 0.934388 0.147940 0.939472
49 5.5343 2.5091 2.6799 0.163882 0.934628 0.147504 0.939552
