epoch time fwd_time bwd_time loss acc val_loss val_acc
0 5.6391 2.6386 2.6331 0.444580 0.688896 0.471943 0.820737
1 5.6027 2.5426 2.6612 0.444587 0.824407 0.471063 0.820737
2 5.4876 2.4950 2.6346 0.434023 0.824407 0.460928 0.820737
3 5.5126 2.5000 2.6530 0.406679 0.824407 0.430755 0.820737
4 5.6081 2.6326 2.6153 0.347011 0.824407 0.366016 0.820737
5 5.5742 2.5648 2.6581 0.336685 0.824407 0.357112 0.820737
6 5.5449 2.5545 2.6398 0.328885 0.824407 0.348779 0.820737
7 5.5246 2.5362 2.6263 0.323400 0.824407 0.342624 0.820737
8 5.5672 2.5218 2.6910 0.317451 0.824407 0.336111 0.820737
9 5.5506 2.5392 2.6619 0.310201 0.824407 0.329199 0.820737
10 5.5536 2.5170 2.6888 0.300198 0.825092 0.318466 0.822498
11 5.5791 2.5733 2.6549 0.284575 0.829077 0.303249 0.834347
12 5.4550 2.4788 2.6299 0.255833 0.844315 0.274985 0.863811
13 5.4233 2.4662 2.6074 0.218456 0.888667 0.227809 0.911129
14 5.5416 2.5139 2.6718 0.207592 0.917060 0.206409 0.919536
15 5.6130 2.5440 2.7184 0.200074 0.920360 0.199590 0.925140
16 5.6548 2.5823 2.7196 0.198000 0.923945 0.188649 0.927382
17 5.4149 2.4684 2.5908 0.194836 0.924888 0.182695 0.929143
18 5.4704 2.5268 2.5883 0.191484 0.926987 0.179091 0.930504
19 5.5902 2.5610 2.6699 0.188618 0.927832 0.176264 0.930504
20 5.4714 2.4888 2.6399 0.186184 0.928802 0.173928 0.930985
21 5.5278 2.5529 2.6071 0.184006 0.929407 0.171928 0.931545
22 5.5905 2.5377 2.6611 0.182087 0.930074 0.170170 0.932186
23 5.5099 2.5220 2.6306 0.180385 0.930537 0.168595 0.932586
24 5.4632 2.4631 2.6512 0.178843 0.931097 0.167159 0.933147
25 5.6476 2.6292 2.6562 0.177418 0.931471 0.165835 0.933387
26 5.6389 2.6812 2.5708 0.176088 0.931809 0.164603 0.933867
27 5.4098 2.4642 2.6001 0.174840 0.932182 0.163447 0.933947
28 5.6782 2.6538 2.6619 0.173663 0.932689 0.162357 0.934027
29 5.5855 2.5668 2.6646 0.172551 0.933045 0.161325 0.934668
30 5.6844 2.5919 2.7434 0.171497 0.933365 0.160343 0.935148
31 5.5413 2.5361 2.6488 0.170496 0.933792 0.159407 0.935308
32 5.6357 2.6062 2.6706 0.169546 0.934095 0.158513 0.935388
33 5.5069 2.5240 2.6270 0.168644 0.934379 0.157656 0.935629
34 5.5368 2.5667 2.5810 0.167785 0.934735 0.156834 0.936109
35 5.4772 2.5387 2.5917 0.166967 0.935002 0.156044 0.936509
36 5.4796 2.4977 2.6298 0.166185 0.935233 0.155283 0.936509
37 5.5408 2.5243 2.6677 0.165437 0.935491 0.154549 0.936589
38 5.6052 2.6009 2.6559 0.164717 0.935749 0.153841 0.936910
39 5.5026 2.5181 2.6341 0.164023 0.935954 0.153156 0.937150
40 5.4697 2.4602 2.6673 0.163353 0.936132 0.152493 0.937310
41 5.5425 2.5208 2.6660 0.162701 0.936372 0.151850 0.937550
42 5.5177 2.5180 2.6571 0.162068 0.936523 0.151225 0.937870
43 5.4866 2.4824 2.6468 0.161449 0.936701 0.150618 0.937950
44 5.4667 2.4922 2.6323 0.160845 0.936879 0.150027 0.938191
45 5.5335 2.5787 2.5944 0.160252 0.937066 0.149452 0.938591
46 5.5565 2.5926 2.6062 0.159672 0.937253 0.148892 0.938911
47 5.5025 2.5023 2.6502 0.159102 0.937315 0.148345 0.939151
48 5.5854 2.5702 2.6520 0.158543 0.937457 0.147812 0.939151
49 5.5568 2.5173 2.6726 0.157995 0.937644 0.147292 0.939151
