epoch time fwd_time bwd_time loss acc val_loss val_acc
0 5.5122 2.4319 2.7145 0.418656 0.823802 0.464103 0.826181
1 5.5099 2.4739 2.6785 0.418579 0.823802 0.463576 0.826181
2 5.4067 2.4239 2.6196 0.389812 0.823802 0.431342 0.826181
3 5.5841 2.5104 2.7019 0.324496 0.823802 0.360511 0.826181
4 5.4224 2.3833 2.6810 0.300978 0.823802 0.331030 0.826181
5 5.5100 2.4835 2.6623 0.261571 0.836567 0.290717 0.864452
6 5.5220 2.4554 2.7022 0.242325 0.888364 0.269261 0.893515
7 5.4991 2.4716 2.6741 0.237708 0.896343 0.253589 0.897038
8 5.4278 2.4377 2.6326 0.233032 0.897553 0.245265 0.897598
9 5.2588 2.3222 2.5826 0.226823 0.899065 0.240877 0.900000
10 5.5855 2.4991 2.6928 0.237016 0.904340 0.217770 0.907206
11 5.5566 2.5059 2.6895 0.212233 0.909802 0.201184 0.918335
12 5.5013 2.4495 2.6988 0.197162 0.915361 0.197217 0.919856
13 5.4444 2.4879 2.5997 0.187002 0.918306 0.191353 0.922418
14 5.5115 2.4488 2.7054 0.179543 0.920307 0.187287 0.924179
15 5.5285 2.4910 2.6719 0.170088 0.922344 0.183014 0.925220
16 5.6915 2.6213 2.7045 0.156498 0.925787 0.177574 0.925460
17 5.4420 2.4391 2.6430 0.152822 0.928624 0.167764 0.931625
18 5.5698 2.5067 2.7104 0.142403 0.931907 0.164954 0.931545
19 5.4074 2.4498 2.6002 0.141504 0.933970 0.173725 0.929784
20 5.7425 2.6697 2.6983 0.133754 0.936932 0.165960 0.931946
21 5.6498 2.5649 2.7200 0.129948 0.938258 0.162932 0.933547
22 5.4313 2.4191 2.6543 0.127452 0.939485 0.161689 0.934187
23 5.3839 2.4393 2.5823 0.128371 0.940233 0.162138 0.933387
24 5.4085 2.3992 2.6441 0.130500 0.941184 0.155137 0.935148
25 5.4507 2.4605 2.6307 0.127157 0.942385 0.150060 0.937230
26 5.4227 2.4538 2.6105 0.126283 0.943782 0.147804 0.936990
27 5.5653 2.5341 2.6839 0.124622 0.944627 0.146128 0.937790
28 5.6869 2.6372 2.6905 0.124172 0.945587 0.141926 0.940512
29 5.4458 2.4305 2.6565 0.124671 0.946682 0.135727 0.943475
30 5.5043 2.4904 2.6510 0.124605 0.947553 0.131175 0.946357
31 5.5184 2.4791 2.6824 0.123162 0.948523 0.129000 0.946998
32 5.3827 2.3812 2.6386 0.121981 0.949163 0.127134 0.948439
33 5.4076 2.4214 2.6378 0.121931 0.949724 0.124688 0.949079
34 5.5140 2.4441 2.7122 0.120259 0.950533 0.123981 0.949480
35 5.4979 2.4898 2.6463 0.120957 0.951138 0.121439 0.949960
36 5.4266 2.4214 2.6349 0.124156 0.951627 0.116799 0.951481
37 5.3781 2.3946 2.6314 0.124353 0.952152 0.112894 0.953643
38 5.4990 2.4735 2.6776 0.121905 0.952917 0.113380 0.953163
39 5.3938 2.4350 2.6067 0.120411 0.953469 0.113374 0.953563
40 5.4424 2.4686 2.6182 0.120745 0.953664 0.111825 0.954123
41 5.3923 2.3957 2.6392 0.120493 0.953985 0.110538 0.954444
42 5.4077 2.3813 2.6606 0.120045 0.954349 0.109474 0.954764
43 5.6517 2.5729 2.6782 0.119497 0.954438 0.108392 0.955244
44 5.3716 2.4047 2.6074 0.118772 0.954598 0.107459 0.955885
45 5.5040 2.4768 2.6698 0.117973 0.954910 0.106729 0.956445
46 5.3985 2.3911 2.6385 0.117182 0.955043 0.106147 0.956845
47 5.5256 2.5051 2.6675 0.116413 0.955132 0.105684 0.956845
48 5.4606 2.4143 2.6766 0.115648 0.955292 0.105317 0.957086
49 5.3457 2.3713 2.6163 0.114888 0.955541 0.105039 0.957406
