epoch time fwd_time bwd_time loss acc val_loss val_acc
0 5.4897 2.4630 2.6579 0.417948 0.823802 0.463903 0.826181
1 5.4859 2.4713 2.6597 0.359000 0.823802 0.379127 0.826181
2 5.3802 2.3814 2.6442 0.358610 0.823802 0.377282 0.826181
3 5.4232 2.4060 2.6477 0.353774 0.823802 0.376676 0.826181
4 5.3895 2.4176 2.6223 0.353194 0.823802 0.375836 0.826181
5 5.4334 2.4214 2.6511 0.359434 0.823802 0.375640 0.826181
6 5.3366 2.3870 2.5958 0.361805 0.823802 0.373614 0.826181
7 5.3854 2.4391 2.5888 0.339944 0.823802 0.351233 0.826181
8 5.5383 2.4790 2.7092 0.328393 0.823802 0.349131 0.826181
9 5.4439 2.4385 2.6442 0.304576 0.825670 0.306608 0.837630
10 5.5516 2.4559 2.6904 0.211230 0.877307 0.217716 0.908006
11 5.3603 2.4129 2.5929 0.192232 0.910585 0.208998 0.908727
12 5.4507 2.4526 2.6346 0.185675 0.915521 0.198621 0.915212
13 5.4202 2.4557 2.6060 0.181464 0.918884 0.194995 0.915773
14 5.4667 2.5023 2.5876 0.176965 0.921410 0.189453 0.918735
15 5.3906 2.3717 2.6646 0.172650 0.923803 0.184417 0.921377
16 5.4436 2.4006 2.6849 0.168652 0.925520 0.180687 0.924019
17 5.3907 2.4179 2.6247 0.165100 0.927067 0.178197 0.924980
18 5.3452 2.3782 2.6156 0.161985 0.928909 0.178120 0.925620
19 5.5197 2.4553 2.7047 0.159280 0.930448 0.181916 0.925220
20 5.4665 2.4530 2.6563 0.155660 0.931542 0.190482 0.921137
21 5.5600 2.4808 2.7123 0.150916 0.932645 0.200618 0.917694
22 5.4526 2.4669 2.6219 0.146660 0.934050 0.207692 0.915052
23 5.4165 2.4472 2.6185 0.143126 0.934851 0.213875 0.912810
24 5.4662 2.4707 2.6401 0.184795 0.933730 0.155671 0.935949
25 5.4283 2.4019 2.6660 0.150790 0.934255 0.171668 0.930504
26 5.4114 2.4082 2.6397 0.149109 0.935776 0.170806 0.930745
27 5.5147 2.5101 2.6425 0.147621 0.936843 0.170000 0.930104
28 5.4689 2.4834 2.6177 0.146344 0.937706 0.170586 0.930024
29 5.4921 2.4254 2.7104 0.147052 0.938658 0.173403 0.928343
30 5.5393 2.4808 2.6866 0.143935 0.939370 0.173855 0.928583
31 5.6096 2.5307 2.6916 0.141978 0.939361 0.171464 0.928183
32 5.4530 2.4599 2.6270 0.144127 0.940384 0.170886 0.931065
33 5.4314 2.4569 2.6125 0.149557 0.940197 0.146831 0.938511
34 5.4081 2.4006 2.6377 0.146730 0.940437 0.145086 0.939792
35 5.5617 2.5434 2.6418 0.146320 0.941647 0.151706 0.936749
36 5.4670 2.4834 2.6245 0.141521 0.942314 0.149989 0.940112
37 5.4389 2.4350 2.6423 0.138769 0.943186 0.140595 0.943475
38 5.4984 2.4429 2.7065 0.156140 0.942581 0.148723 0.936749
39 5.5360 2.4793 2.6881 0.154165 0.942403 0.132322 0.945877
40 5.5039 2.4725 2.6482 0.158771 0.943230 0.129945 0.946918
41 5.4819 2.4637 2.6536 0.163123 0.944404 0.129471 0.946357
42 5.4387 2.4081 2.6715 0.152531 0.945161 0.130034 0.945316
43 5.5024 2.4884 2.6522 0.143246 0.945721 0.143781 0.940432
44 5.4463 2.3931 2.6838 0.141168 0.946344 0.146929 0.940352
45 5.6401 2.6188 2.6532 0.145977 0.946459 0.146662 0.941313
46 5.3597 2.4160 2.5912 0.149214 0.946815 0.141783 0.942434
47 5.4937 2.5230 2.6131 0.144745 0.947126 0.141903 0.941553
48 5.4869 2.4314 2.6948 0.145888 0.947607 0.139529 0.942114
49 5.5567 2.5129 2.6805 0.146866 0.947891 0.137352 0.942914
