epoch time fwd_time bwd_time loss acc val_loss val_acc
0 5.7735 2.7457 2.6268 0.438784 0.800692 0.466294 0.820737
1 5.5346 2.5893 2.5959 0.352202 0.824407 0.382853 0.820737
2 5.5491 2.5071 2.6838 0.332736 0.824407 0.355945 0.820737
3 5.3822 2.4530 2.5783 0.320724 0.824407 0.340697 0.820737
4 5.5598 2.5724 2.6419 0.309795 0.824665 0.329655 0.821777
5 5.4095 2.4657 2.5984 0.289782 0.827102 0.311558 0.831065
6 5.5229 2.5456 2.6123 0.261095 0.842162 0.277514 0.859167
7 5.4924 2.5430 2.5954 0.217030 0.889031 0.221962 0.913611
8 5.5313 2.5388 2.6010 0.210178 0.912017 0.205511 0.914171
9 5.6355 2.6422 2.6311 0.200580 0.913965 0.196483 0.917854
10 5.4751 2.4904 2.6341 0.197864 0.917692 0.191571 0.919456
11 5.4883 2.4855 2.6478 0.194447 0.919551 0.187002 0.921297
12 5.4870 2.4970 2.6481 0.191322 0.920859 0.183284 0.922258
13 5.4901 2.4822 2.6626 0.188505 0.922291 0.180181 0.924740
14 5.5899 2.5642 2.6685 0.185914 0.923100 0.177491 0.926021
15 5.6811 2.6935 2.6392 0.183502 0.924274 0.175098 0.926581
16 5.5482 2.5396 2.6584 0.181239 0.925111 0.172931 0.927702
17 5.5583 2.5385 2.6721 0.179110 0.926116 0.170950 0.929063
18 5.5396 2.5017 2.6844 0.177105 0.926729 0.169126 0.929944
19 5.5286 2.5526 2.6274 0.175214 0.927637 0.167440 0.930905
20 5.5603 2.5333 2.6710 0.173430 0.928313 0.165878 0.930825
21 5.4411 2.4943 2.6024 0.171746 0.928953 0.164426 0.931065
22 5.4818 2.5189 2.6083 0.170155 0.929647 0.163073 0.931865
23 5.6425 2.6274 2.6617 0.168652 0.930074 0.161810 0.932346
24 5.4917 2.5081 2.6311 0.167231 0.930403 0.160628 0.932346
25 5.5701 2.5652 2.6487 0.165887 0.931008 0.159519 0.932346
26 5.5010 2.4868 2.6588 0.164615 0.931382 0.158476 0.932426
27 5.4869 2.4961 2.6357 0.163412 0.931684 0.157494 0.932906
28 5.5356 2.4940 2.6790 0.162274 0.932138 0.156566 0.933147
29 5.6902 2.6770 2.6634 0.161197 0.932583 0.155688 0.933147
30 5.4228 2.4953 2.5807 0.160179 0.933036 0.154855 0.933387
31 5.5595 2.5447 2.6669 0.159215 0.933365 0.154064 0.933867
32 5.4067 2.4635 2.5880 0.158303 0.933819 0.153310 0.934267
33 5.5380 2.5564 2.5792 0.157440 0.934175 0.152592 0.935068
34 5.5483 2.5105 2.6740 0.156624 0.934602 0.151906 0.935629
35 5.5598 2.5507 2.6497 0.155853 0.934949 0.151250 0.936189
36 5.5032 2.4879 2.6566 0.155123 0.935233 0.150623 0.936189
37 5.4727 2.5079 2.6085 0.154434 0.935536 0.150021 0.936509
38 5.5013 2.4867 2.6610 0.153783 0.935856 0.149444 0.936589
39 5.5654 2.5431 2.6561 0.153167 0.936105 0.148891 0.936669
40 5.4709 2.4747 2.6493 0.152586 0.936283 0.148359 0.936990
41 5.5456 2.5711 2.6258 0.152037 0.936568 0.147848 0.937470
42 5.5248 2.5627 2.6018 0.151520 0.936879 0.147357 0.937710
43 5.5642 2.5541 2.6543 0.151032 0.937164 0.146885 0.937950
44 5.4544 2.4650 2.6434 0.150573 0.937422 0.146432 0.938271
45 5.5210 2.5153 2.6551 0.150141 0.937626 0.145995 0.938591
46 5.4626 2.4842 2.6297 0.149734 0.937875 0.145576 0.938591
47 5.4793 2.5303 2.6011 0.149352 0.938196 0.145172 0.938591
48 5.5368 2.5000 2.6759 0.148996 0.938462 0.144784 0.938751
49 5.5173 2.5397 2.6250 0.148660 0.938756 0.144411 0.938751
