epoch time fwd_time bwd_time loss acc val_loss val_acc
0 5.5008 2.4810 2.6665 0.440953 0.761544 0.469754 0.820737
1 5.4541 2.5181 2.5852 0.419376 0.824407 0.445061 0.820737
2 5.5348 2.5138 2.6777 0.337701 0.824407 0.365478 0.820737
3 5.5437 2.5374 2.6550 0.327180 0.824407 0.346326 0.820737
4 5.5891 2.6007 2.6350 0.316827 0.824407 0.336277 0.820737
5 5.4991 2.4923 2.6623 0.304345 0.824425 0.323119 0.821057
6 5.4392 2.4818 2.6052 0.284044 0.828748 0.304539 0.836349
7 5.5500 2.5000 2.6901 0.254104 0.848282 0.268578 0.871177
8 5.5616 2.5212 2.6855 0.214083 0.897927 0.212094 0.914572
9 5.4968 2.4730 2.6690 0.204341 0.916678 0.195558 0.922578
10 5.5629 2.5428 2.6647 0.194219 0.920903 0.187092 0.925781
11 5.4718 2.4934 2.6214 0.189561 0.925004 0.181567 0.927142
12 5.5644 2.5623 2.6452 0.185493 0.926294 0.177553 0.929223
13 5.4523 2.4731 2.6306 0.182245 0.927236 0.174405 0.931065
14 5.4833 2.4762 2.6601 0.179446 0.928197 0.171786 0.931785
15 5.4441 2.4808 2.6095 0.176903 0.928580 0.169515 0.932106
16 5.5014 2.5027 2.6537 0.174550 0.929033 0.167492 0.932586
17 5.5219 2.5315 2.5932 0.172370 0.929718 0.165659 0.932506
18 5.5334 2.5724 2.6012 0.170358 0.930519 0.163982 0.933707
19 5.5868 2.6296 2.5987 0.168503 0.930981 0.162439 0.934508
20 5.5082 2.5166 2.6328 0.166794 0.931373 0.161015 0.934668
21 5.6406 2.6525 2.6330 0.165213 0.931791 0.159703 0.934988
22 5.4849 2.4595 2.6712 0.163746 0.932262 0.158494 0.935228
23 5.5032 2.4804 2.6636 0.162375 0.932725 0.157384 0.935949
24 5.5061 2.4749 2.6753 0.161089 0.933036 0.156365 0.936749
25 5.4482 2.4691 2.5984 0.159878 0.933383 0.155431 0.936509
26 5.5456 2.5566 2.6347 0.158734 0.933819 0.154574 0.936669
27 5.5356 2.5138 2.6713 0.157652 0.934148 0.153786 0.937630
28 5.5930 2.5767 2.6697 0.156628 0.934397 0.153056 0.937950
29 5.4977 2.5039 2.6477 0.155658 0.934815 0.152376 0.937630
30 5.4867 2.4870 2.6584 0.154740 0.935064 0.151737 0.938271
31 5.5403 2.5520 2.6288 0.153871 0.935474 0.151132 0.938351
32 5.4270 2.4713 2.6026 0.153048 0.935669 0.150553 0.938110
33 5.4337 2.4965 2.5960 0.152270 0.936078 0.149996 0.938591
34 5.4854 2.5444 2.5877 0.151532 0.936390 0.149458 0.938671
35 5.4691 2.5261 2.5875 0.150833 0.936728 0.148932 0.939071
36 5.5318 2.5036 2.6707 0.150169 0.937004 0.148419 0.938671
37 5.5553 2.5197 2.6851 0.149540 0.937244 0.147915 0.938831
38 5.5932 2.5994 2.6497 0.148942 0.937519 0.147418 0.938831
39 5.6237 2.5972 2.6783 0.148373 0.937893 0.146931 0.939392
40 5.4383 2.5028 2.5839 0.147831 0.938320 0.146451 0.939392
41 5.5519 2.5318 2.6727 0.147315 0.938614 0.145977 0.939632
42 5.4478 2.5053 2.5850 0.146822 0.938880 0.145512 0.939552
43 5.6015 2.6038 2.6439 0.146351 0.939032 0.145055 0.939872
44 5.6289 2.6175 2.6600 0.145902 0.939316 0.144606 0.939952
45 5.5110 2.5228 2.6386 0.145472 0.939512 0.144167 0.940032
46 5.4814 2.5471 2.5829 0.145060 0.939663 0.143738 0.940112
47 5.5710 2.5455 2.6714 0.144666 0.939912 0.143320 0.940032
48 5.5047 2.5070 2.6472 0.144288 0.940001 0.142913 0.940272
49 5.5752 2.5348 2.6951 0.143926 0.940233 0.142518 0.940592
