epoch time fwd_time bwd_time loss acc val_loss val_acc
0 5.5085 2.4632 2.6872 0.418120 0.787580 0.461862 0.826181
1 5.4188 2.4050 2.6254 0.384355 0.823802 0.425262 0.826181
2 5.4583 2.4873 2.5950 0.305211 0.823802 0.344432 0.826181
3 5.3679 2.3945 2.6180 0.278315 0.832030 0.291284 0.866533
4 5.4293 2.4210 2.6592 0.246202 0.882787 0.259246 0.896878
5 5.4892 2.4439 2.6835 0.241537 0.892536 0.249177 0.894235
6 5.3854 2.4177 2.6168 0.236833 0.895961 0.243402 0.899199
7 5.3372 2.3769 2.5945 0.235707 0.898869 0.247980 0.895036
8 5.5561 2.4961 2.6956 0.230721 0.902499 0.228911 0.906405
9 5.5711 2.5161 2.6896 0.219560 0.904571 0.227768 0.902402
10 5.3422 2.3524 2.6350 0.209076 0.906235 0.218170 0.905685
11 5.4628 2.4705 2.6271 0.206234 0.909837 0.208910 0.912410
12 5.5761 2.5432 2.6756 0.206372 0.911625 0.209414 0.912090
13 5.4364 2.4155 2.6555 0.194747 0.913965 0.201349 0.917854
14 5.4789 2.4524 2.6753 0.210324 0.916126 0.196075 0.918495
15 5.3275 2.3798 2.5960 0.185634 0.918510 0.200720 0.918575
16 5.4984 2.4852 2.6561 0.183708 0.919747 0.178527 0.928663
17 5.4614 2.4320 2.6648 0.189468 0.921268 0.181177 0.925861
18 5.4767 2.4795 2.6376 0.192276 0.923127 0.187518 0.922738
19 5.4339 2.4193 2.6545 0.186953 0.926712 0.199183 0.919616
20 5.4630 2.3999 2.6954 0.163832 0.922709 0.170240 0.931785
21 5.4858 2.4792 2.6498 0.163995 0.930332 0.174625 0.932906
22 5.4732 2.4254 2.6935 0.158663 0.927859 0.157134 0.938110
23 5.3549 2.4028 2.5949 0.154026 0.928962 0.153964 0.938271
24 5.4757 2.4405 2.6778 0.166757 0.929834 0.184109 0.924179
25 5.4487 2.4135 2.6811 0.145514 0.933819 0.165868 0.932986
26 5.4383 2.4359 2.6119 0.147061 0.933828 0.153974 0.937950
27 5.4890 2.4462 2.6746 0.139497 0.927317 0.154783 0.936589
28 5.5149 2.5306 2.6190 0.133060 0.936158 0.141475 0.942114
29 5.4253 2.4463 2.6202 0.135693 0.936007 0.143892 0.942354
30 5.4447 2.4198 2.6664 0.132670 0.935580 0.139418 0.943235
31 5.3429 2.3607 2.6326 0.134112 0.936612 0.147770 0.938671
32 5.4286 2.3948 2.6783 0.128885 0.938676 0.137037 0.944035
33 5.4179 2.4726 2.5890 0.127349 0.938480 0.134362 0.944996
34 5.5259 2.4258 2.7087 0.126882 0.939850 0.139123 0.941553
35 5.5087 2.4563 2.6938 0.125677 0.940037 0.132920 0.945717
36 5.4527 2.4347 2.6447 0.123918 0.940971 0.136859 0.942994
37 5.4271 2.3942 2.6759 0.122580 0.940695 0.132848 0.944596
38 5.4680 2.4749 2.6432 0.121841 0.940731 0.131826 0.944756
39 5.5287 2.5396 2.6298 0.121499 0.941229 0.131607 0.945156
40 5.5695 2.4688 2.7317 0.121402 0.941932 0.131727 0.945316
41 5.4748 2.4533 2.6727 0.120721 0.942439 0.131141 0.945797
42 5.5026 2.4979 2.6542 0.120186 0.942572 0.129829 0.945717
43 5.4661 2.4503 2.6594 0.119602 0.942785 0.128138 0.947078
44 5.5333 2.5013 2.6714 0.118969 0.942732 0.126174 0.948839
45 5.4785 2.4235 2.6922 0.118787 0.943150 0.125193 0.950520
46 5.5994 2.5218 2.7147 0.119177 0.944057 0.125328 0.950280
47 5.3986 2.4098 2.6315 0.118878 0.943737 0.124693 0.950600
48 5.4452 2.4110 2.6762 0.119130 0.944556 0.124614 0.950040
49 5.5327 2.4761 2.6990 0.119391 0.944218 0.124459 0.950280
