epoch time fwd_time bwd_time loss acc val_loss val_acc
0 6.8586 3.5640 2.9400 0.496971 0.824336 0.468488 0.821377
1 6.6353 3.3443 2.9363 0.440722 0.824336 0.429395 0.821377
2 6.4674 3.2084 2.9072 0.348113 0.824336 0.344752 0.821377
3 6.5302 3.2784 2.9000 0.320480 0.829895 0.304505 0.847078
4 6.5046 3.2053 2.9439 0.290441 0.862621 0.278961 0.876221
5 6.5184 3.2542 2.9139 0.267028 0.882618 0.255251 0.890873
6 6.4915 3.2246 2.9219 0.250803 0.892892 0.239662 0.898959
7 6.6410 3.3253 2.9633 0.239727 0.899216 0.229487 0.903923
8 6.4678 3.1861 2.9419 0.229642 0.903513 0.217525 0.911129
9 6.5612 3.2374 2.9628 0.222962 0.906422 0.213483 0.913611
10 6.5433 3.2612 2.9279 0.215868 0.908592 0.210803 0.915773
11 6.5276 3.2688 2.9093 0.212126 0.910407 0.206080 0.917694
12 6.6929 3.3601 2.9824 0.206409 0.911430 0.205074 0.917774
13 6.4679 3.2050 2.9164 0.202759 0.913004 0.200441 0.919055
14 6.6382 3.3274 2.9545 0.198599 0.913894 0.200092 0.919376
15 6.5348 3.2966 2.8804 0.195306 0.915023 0.196576 0.920336
16 6.5392 3.2477 2.9394 0.192006 0.915913 0.195301 0.920817
17 6.5534 3.2674 2.9369 0.189080 0.917149 0.192491 0.921457
18 6.5108 3.2595 2.9039 0.186236 0.917994 0.190419 0.922178
19 6.5971 3.2918 2.9540 0.183595 0.919204 0.187830 0.922738
20 6.9383 3.4723 3.0628 0.181050 0.920200 0.185479 0.923779
21 7.2081 3.6894 3.1503 0.178664 0.921303 0.182965 0.924980
22 6.8943 3.4132 3.1207 0.176410 0.922237 0.180504 0.926261
23 6.9373 3.4614 3.1105 0.174337 0.922967 0.177966 0.926902
24 6.6652 3.3031 2.9708 0.172459 0.923661 0.175406 0.927702
25 6.4865 3.2247 2.9021 0.170827 0.924755 0.172820 0.929223
26 6.4016 3.1805 2.8718 0.169491 0.925582 0.170244 0.931145
27 6.7176 3.3906 2.9702 0.168523 0.926534 0.167717 0.931465
28 6.6429 3.3059 2.9791 0.168004 0.927423 0.165279 0.932586
29 6.4747 3.1927 2.9240 0.168004 0.928171 0.162964 0.933787
30 6.5557 3.2634 2.9403 0.168533 0.929051 0.160788 0.934748
31 6.4025 3.1559 2.8864 0.169527 0.929825 0.158740 0.935789
32 6.6243 3.3122 2.9526 0.170938 0.930715 0.156788 0.936749
33 6.6572 3.3459 2.9569 0.172866 0.931497 0.154903 0.937630
34 6.7285 3.3970 2.9607 0.175673 0.932040 0.153076 0.938431
35 6.6512 3.3762 2.9047 0.180108 0.932698 0.151386 0.938751
36 6.6240 3.3746 2.8869 0.186495 0.933757 0.150845 0.938271
37 6.6212 3.2985 2.9567 0.186911 0.934664 0.159181 0.935709
38 6.5797 3.3135 2.9062 0.179106 0.935153 0.175446 0.925620
39 6.6437 3.3263 2.9574 0.173547 0.935358 0.186852 0.920176
40 6.5083 3.2162 2.9277 0.176592 0.935634 0.175633 0.925540
41 6.5412 3.2396 2.9401 0.168540 0.936319 0.192025 0.916733
42 6.4933 3.2100 2.9266 0.180682 0.936336 0.155026 0.936749
43 6.4646 3.2139 2.8935 0.163942 0.937786 0.195087 0.914492
44 6.5340 3.2400 2.9414 0.177937 0.937973 0.152059 0.937310
45 6.5812 3.2683 2.9517 0.158729 0.938676 0.200713 0.912250
46 6.5181 3.2228 2.9403 0.147276 0.940766 0.236690 0.893275
47 6.3744 3.1472 2.8718 0.143087 0.942456 0.249361 0.887830
48 6.4305 3.1732 2.8949 0.152294 0.941967 0.226299 0.898399
49 6.5195 3.2210 2.9076 0.142159 0.941327 0.217105 0.904484
