epoch time fwd_time bwd_time loss acc val_loss val_acc
0 6.7971 3.5223 2.9124 0.499728 0.819915 0.475376 0.821377
1 6.4875 3.1966 2.9343 0.428887 0.824336 0.411852 0.821377
2 6.6431 3.3131 2.9636 0.320942 0.832466 0.319202 0.854444
3 6.4843 3.2320 2.9000 0.259838 0.882974 0.248802 0.898559
4 6.5707 3.2327 2.9722 0.264656 0.900675 0.251651 0.892154
5 6.4202 3.1745 2.8891 0.265003 0.902481 0.221495 0.911849
6 6.6278 3.3461 2.9224 0.221771 0.904678 0.220247 0.909768
7 6.4687 3.2056 2.8773 0.230697 0.908681 0.209545 0.914572
8 6.4510 3.1905 2.9107 0.208101 0.909490 0.203075 0.919215
9 6.6557 3.3197 2.9769 0.221819 0.911358 0.197823 0.918895
10 6.5964 3.3245 2.9029 0.194991 0.912435 0.194266 0.920737
11 6.5390 3.2484 2.8992 0.219012 0.915326 0.187098 0.923219
12 6.6142 3.2960 2.9597 0.183999 0.915530 0.188147 0.922178
13 6.4952 3.2441 2.8976 0.183278 0.918368 0.179776 0.926902
14 6.5823 3.2902 2.9348 0.196287 0.919960 0.174708 0.929784
15 6.5734 3.2638 2.9209 0.199073 0.921455 0.171271 0.931625
16 6.5437 3.2069 2.9823 0.196847 0.922522 0.168093 0.932266
17 6.6672 3.3386 2.9562 0.203713 0.924337 0.165049 0.933867
18 6.6167 3.2747 2.9828 0.207800 0.926036 0.164504 0.932826
19 6.6048 3.3217 2.9262 0.183444 0.927841 0.204448 0.912010
20 6.4754 3.1884 2.9331 0.173570 0.928562 0.221842 0.903683
21 6.6010 3.2853 2.9547 0.192311 0.929407 0.176993 0.926982
22 6.4871 3.2333 2.8906 0.174573 0.930225 0.210016 0.909768
23 6.5319 3.2059 2.9641 0.163002 0.931346 0.228649 0.899199
24 6.8304 3.3893 3.0705 0.182226 0.932974 0.191416 0.919215
25 6.6663 3.3220 2.9776 0.180460 0.932022 0.185881 0.922178
26 6.5393 3.2054 2.9686 0.195438 0.936327 0.165081 0.933307
27 6.6861 3.3545 2.9592 0.151047 0.933881 0.230899 0.897038
28 6.4323 3.1666 2.9050 0.193238 0.938160 0.156342 0.937790
29 6.5183 3.2001 2.9598 0.145711 0.935705 0.225711 0.901281
30 6.6175 3.2734 2.9819 0.185213 0.939681 0.149532 0.940913
31 6.5871 3.2701 2.9507 0.150209 0.935918 0.195446 0.916333
32 6.5214 3.2446 2.9238 0.152233 0.937537 0.180053 0.924179
33 6.4598 3.1777 2.9230 0.158862 0.938044 0.158197 0.937070
34 6.4550 3.1893 2.9118 0.166580 0.938934 0.139464 0.945797
35 6.5418 3.2828 2.9004 0.159290 0.940428 0.145294 0.942674
36 6.5842 3.2622 2.9235 0.162744 0.940357 0.134493 0.948279
37 6.3819 3.1468 2.8701 0.160183 0.941238 0.132947 0.948359
38 6.5103 3.2114 2.9407 0.156989 0.941860 0.131636 0.949880
39 6.4324 3.1588 2.9187 0.152893 0.942554 0.130667 0.949720
40 6.7109 3.3777 2.9768 0.148928 0.943337 0.129761 0.950360
41 6.6307 3.3261 2.9391 0.144650 0.943924 0.128737 0.951321
42 6.5430 3.2473 2.9342 0.139778 0.944662 0.127353 0.951001
43 6.6372 3.3337 2.9487 0.135326 0.945934 0.125406 0.951161
44 6.6080 3.2782 2.9722 0.132175 0.947340 0.121503 0.952922
45 6.6125 3.3049 2.9454 0.130878 0.949902 0.118036 0.954524
46 6.8859 3.4516 3.0747 0.125232 0.951254 0.118005 0.953163
47 7.5200 3.7976 3.3448 0.124199 0.952908 0.119676 0.951801
48 6.8738 3.4161 3.0971 0.123984 0.954198 0.118539 0.952602
49 6.9845 3.4695 3.1433 0.121310 0.954376 0.115121 0.953883
