epoch time fwd_time bwd_time loss acc val_loss val_acc
0 6.7550 3.4990 2.9002 0.528735 0.739172 0.469080 0.821377
1 6.4843 3.1740 2.9487 0.492088 0.824336 0.468822 0.821377
2 6.6511 3.3269 2.9572 0.491398 0.824336 0.468245 0.821377
3 6.6568 3.3100 2.9578 0.466081 0.824336 0.452003 0.821377
4 6.5865 3.2799 2.9449 0.379746 0.824487 0.381156 0.825781
5 6.6221 3.2782 2.9793 0.324298 0.832964 0.312506 0.860048
6 6.5600 3.3071 2.8852 0.299970 0.847615 0.301464 0.872218
7 6.5349 3.2173 2.9067 0.260110 0.884726 0.247782 0.893915
8 6.6795 3.3507 2.9644 0.246112 0.893532 0.250789 0.889592
9 6.6229 3.3158 2.9457 0.239043 0.896281 0.249660 0.889912
10 6.6074 3.2874 2.9632 0.234529 0.897793 0.246131 0.891513
11 7.7794 3.9752 3.4192 0.228156 0.898789 0.244235 0.894716
12 6.6827 3.3105 3.0121 0.221575 0.901307 0.244782 0.896237
13 6.7297 3.3326 3.0210 0.216953 0.904304 0.242780 0.898159
14 6.5218 3.2612 2.9032 0.211851 0.907026 0.239567 0.899840
15 6.6443 3.2934 2.9909 0.210356 0.909562 0.233434 0.902082
16 6.5896 3.2751 2.9585 0.205669 0.911536 0.231059 0.902402
17 6.5086 3.2335 2.9184 0.204017 0.913547 0.225793 0.905524
18 6.6285 3.2820 2.9717 0.202703 0.915255 0.220596 0.907686
19 6.5241 3.2667 2.9053 0.200806 0.916731 0.216969 0.909047
20 6.4773 3.2091 2.9146 0.198618 0.917834 0.214757 0.909928
21 6.5987 3.2692 2.9684 0.195093 0.919133 0.214921 0.910889
22 6.4263 3.1723 2.9058 0.192270 0.920396 0.213488 0.911529
23 6.5920 3.2993 2.9387 0.188297 0.922024 0.210939 0.912250
24 6.5528 3.2512 2.9432 0.184448 0.923776 0.216934 0.905204
25 6.8055 3.4666 2.9727 0.177555 0.926525 0.248722 0.892074
26 6.7755 3.4111 2.9985 0.188684 0.927148 0.232513 0.901201
27 6.5745 3.2921 2.9264 0.201546 0.928242 0.168907 0.931865
28 6.5738 3.2515 2.9663 0.192668 0.930119 0.177536 0.927782
29 6.4961 3.2354 2.8956 0.182908 0.931835 0.193634 0.919776
30 6.6963 3.3561 2.9721 0.174781 0.932796 0.213688 0.912490
31 6.4924 3.1949 2.9454 0.176262 0.933908 0.196439 0.919936
32 6.6963 3.3603 2.9813 0.183189 0.934922 0.167864 0.932026
33 6.6746 3.3386 2.9701 0.173575 0.936007 0.179402 0.925300
34 6.5012 3.2145 2.9282 0.171957 0.937012 0.173294 0.927702
35 6.5606 3.2480 2.9511 0.163923 0.937671 0.186161 0.924179
36 6.7286 3.3809 2.9558 0.146155 0.939548 0.197354 0.918895
37 6.4215 3.1768 2.8973 0.137808 0.942403 0.184826 0.922818
38 6.6016 3.2834 2.9603 0.132811 0.944796 0.176443 0.926741
39 6.6097 3.2936 2.9621 0.126644 0.946851 0.188873 0.920657
40 6.6925 3.3510 2.9781 0.123058 0.948123 0.188881 0.919616
41 6.5880 3.2495 2.9705 0.118720 0.949946 0.176196 0.927142
42 6.5946 3.3214 2.9131 0.115983 0.951405 0.168223 0.929143
43 6.4549 3.2080 2.8827 0.114880 0.952508 0.162058 0.930985
44 6.5582 3.2340 2.9604 0.113805 0.953540 0.144855 0.940192
45 6.6528 3.3382 2.9604 0.111218 0.954874 0.137823 0.944035
46 6.6013 3.3022 2.9370 0.107166 0.956004 0.158941 0.932746
47 6.5191 3.2556 2.9109 0.105488 0.956369 0.143438 0.943955
48 6.5910 3.3334 2.8961 0.103563 0.958014 0.162423 0.930825
49 6.4619 3.2079 2.8991 0.103727 0.956938 0.190572 0.914892
