epoch time fwd_time bwd_time loss acc val_loss val_acc
0 6.9368 3.6236 2.9611 0.538132 0.743931 0.469879 0.821377
1 6.6069 3.3075 2.9423 0.492130 0.824336 0.468771 0.821377
2 6.5273 3.2162 2.9537 0.491269 0.824336 0.467857 0.821377
3 6.7060 3.3801 2.9695 0.479242 0.824336 0.457778 0.821377
4 6.4984 3.1909 2.9529 0.373580 0.824336 0.358833 0.821377
5 6.5366 3.2466 2.9255 0.347684 0.824336 0.333342 0.821377
6 6.7168 3.3896 2.9610 0.324613 0.824336 0.307421 0.821377
7 6.6667 3.3290 2.9688 0.277337 0.862247 0.262090 0.888231
8 6.6787 3.3640 2.9538 0.242515 0.891780 0.242869 0.898799
9 6.6579 3.3362 2.9562 0.259138 0.904945 0.222761 0.909688
10 6.5295 3.2360 2.9390 0.222816 0.907996 0.219304 0.910408
11 6.7050 3.3919 2.9505 0.216144 0.912150 0.219479 0.908327
12 6.5094 3.2738 2.8785 0.208417 0.914392 0.215778 0.910408
13 6.5988 3.2769 2.9671 0.201534 0.916927 0.208984 0.913371
14 6.6123 3.2802 2.9738 0.195398 0.918146 0.211398 0.912330
15 6.5178 3.2327 2.9209 0.190998 0.919711 0.211802 0.912890
16 6.6043 3.2754 2.9632 0.186979 0.921170 0.210115 0.912570
17 6.8880 3.4307 3.0877 0.183166 0.922727 0.209336 0.912730
18 6.6554 3.3142 2.9875 0.179123 0.924052 0.207584 0.912170
19 6.5271 3.2446 2.9279 0.174885 0.925911 0.201235 0.915532
20 6.5138 3.2017 2.9507 0.171629 0.927592 0.182790 0.924259
21 6.6383 3.3115 2.9595 0.173933 0.929158 0.166509 0.930184
22 6.6097 3.2864 2.9640 0.167963 0.929932 0.166920 0.930264
23 6.5738 3.3177 2.9019 0.176351 0.931115 0.158695 0.933227
24 6.6198 3.2825 2.9774 0.159246 0.932147 0.181602 0.923058
25 6.5013 3.2524 2.8849 0.157649 0.933107 0.200421 0.913211
26 6.6090 3.2890 2.9640 0.164869 0.934842 0.153153 0.936829
27 6.6021 3.2720 2.9714 0.170839 0.936105 0.149708 0.938351
28 6.6177 3.3167 2.9150 0.155482 0.936843 0.151579 0.936509
29 6.5981 3.2569 2.9845 0.147096 0.937653 0.157437 0.933547
30 6.6034 3.2823 2.9635 0.149295 0.941682 0.259640 0.886309
31 6.4552 3.1793 2.9191 0.141329 0.937938 0.176338 0.922658
32 6.4984 3.1924 2.9003 0.145761 0.944511 0.242355 0.894956
33 6.5531 3.2472 2.9396 0.142353 0.942136 0.213015 0.904884
34 6.5929 3.2671 2.9670 0.138581 0.946824 0.229118 0.900480
35 6.6401 3.3129 2.9720 0.136519 0.946548 0.249652 0.889191
36 6.5583 3.2810 2.9209 0.132633 0.947384 0.235649 0.897198
37 6.6581 3.3549 2.9350 0.131067 0.948674 0.225976 0.899359
38 6.7551 3.3935 3.0033 0.130581 0.950160 0.223896 0.899520
39 6.6262 3.2939 2.9743 0.132873 0.950934 0.196836 0.911689
40 6.5648 3.2652 2.9519 0.130110 0.952695 0.193663 0.913531
41 6.5835 3.2831 2.9390 0.128997 0.953433 0.182980 0.920016
42 6.5016 3.1898 2.9497 0.129558 0.954163 0.164280 0.929303
43 6.5815 3.2390 2.9747 0.123635 0.955328 0.175085 0.924660
44 6.4815 3.2168 2.9085 0.127338 0.955737 0.128951 0.946837
45 6.4671 3.1962 2.9198 0.123825 0.956858 0.123062 0.949720
46 6.6616 3.3276 2.9721 0.121908 0.957605 0.124648 0.948279
47 6.4609 3.2192 2.8804 0.119262 0.957988 0.123922 0.948519
48 6.6536 3.3220 2.9742 0.117604 0.958824 0.121379 0.949560
49 6.5852 3.2875 2.9376 0.115492 0.959099 0.119911 0.949800
