epoch time fwd_time bwd_time loss acc val_loss val_acc
0 6.7869 3.5737 2.8802 0.533138 0.824336 0.490917 0.821377
1 6.5124 3.2446 2.9443 0.491476 0.824336 0.470936 0.821377
2 6.3409 3.1489 2.8748 0.491769 0.824336 0.468897 0.821377
3 6.4852 3.2513 2.8965 0.492096 0.824336 0.468876 0.821377
4 6.5474 3.2737 2.9442 0.492113 0.824336 0.468851 0.821377
5 6.4674 3.2590 2.8870 0.492081 0.824336 0.468819 0.821377
6 6.6477 3.3499 2.9639 0.492020 0.824336 0.468774 0.821377
7 6.5516 3.2780 2.9445 0.491819 0.824336 0.468636 0.821377
8 6.5357 3.2878 2.9287 0.490609 0.824336 0.467640 0.821377
9 6.4945 3.2245 2.9484 0.471469 0.824336 0.452153 0.821377
10 6.4986 3.2177 2.9399 0.395568 0.824336 0.391310 0.821377
11 6.4105 3.2046 2.8738 0.377368 0.824336 0.368676 0.821377
12 6.5509 3.2852 2.9372 0.369306 0.824336 0.351706 0.821377
13 6.6052 3.2930 2.9882 0.343288 0.824336 0.327641 0.821377
14 6.5313 3.2428 2.9596 0.314749 0.835313 0.301706 0.874940
15 6.4095 3.1899 2.8932 0.310116 0.879842 0.285089 0.885829
16 6.5387 3.2436 2.9628 0.289876 0.887563 0.273031 0.889351
17 6.5931 3.2369 2.9799 0.276923 0.890410 0.264661 0.889672
18 6.5690 3.2802 2.9456 0.269038 0.892963 0.257729 0.891593
19 6.5702 3.3011 2.9379 0.263020 0.895329 0.251026 0.894636
20 6.3963 3.1721 2.8971 0.257769 0.897722 0.246349 0.896717
21 6.4914 3.2927 2.8655 0.249790 0.899795 0.246544 0.897278
22 6.4261 3.1926 2.9090 0.243571 0.902152 0.243734 0.899760
23 6.5373 3.2575 2.9355 0.237725 0.904091 0.237507 0.899840
24 6.5334 3.2968 2.9067 0.233321 0.905914 0.233494 0.900801
25 6.5132 3.2406 2.9512 0.233344 0.908094 0.229191 0.900160
26 6.5226 3.2784 2.9167 0.230069 0.909677 0.230708 0.899440
27 6.4822 3.2431 2.9073 0.227184 0.911554 0.233059 0.897518
28 6.4654 3.2491 2.8921 0.221438 0.913129 0.232088 0.896317
29 6.6942 3.4136 2.9508 0.211070 0.914836 0.211247 0.916013
30 6.5269 3.2506 2.9414 0.209026 0.916624 0.209683 0.916974
31 6.5943 3.2843 2.9834 0.206019 0.917683 0.207488 0.917854
32 6.4370 3.2061 2.9052 0.203260 0.918893 0.205683 0.918255
33 6.6477 3.3674 2.9556 0.200216 0.920031 0.204169 0.918014
34 6.4645 3.1867 2.9573 0.197268 0.921446 0.202114 0.918575
35 6.5885 3.2946 2.9599 0.194515 0.922211 0.199734 0.918575
36 6.5752 3.2605 2.9836 0.191928 0.923447 0.197516 0.919536
37 6.5720 3.2745 2.9729 0.189506 0.924790 0.195629 0.920016
38 6.5505 3.2565 2.9634 0.187239 0.926142 0.194152 0.921137
39 6.4711 3.2270 2.9196 0.185102 0.927076 0.193290 0.920817
40 6.6495 3.3485 2.9713 0.183074 0.928162 0.193078 0.919776
41 6.5527 3.2805 2.9443 0.181136 0.928953 0.193267 0.918895
42 6.4036 3.1726 2.8966 0.179267 0.929798 0.193650 0.917774
43 6.4377 3.1790 2.9178 0.177451 0.930901 0.194138 0.916413
44 6.7352 3.3812 3.0074 0.175682 0.931640 0.194681 0.915612
45 6.7476 3.3935 3.0095 0.173964 0.932289 0.195226 0.913531
46 6.6076 3.3271 2.9428 0.172308 0.933081 0.195757 0.912650
47 6.5596 3.2603 2.9583 0.170735 0.933979 0.196377 0.911849
48 6.5231 3.2463 2.9391 0.169301 0.934762 0.197385 0.911049
49 6.4195 3.1847 2.8929 0.167861 0.935491 0.198558 0.910248
