epoch time fwd_time bwd_time loss acc val_loss val_acc
0 6.9274 3.5738 2.9694 0.584810 0.552327 0.570394 0.821377
1 6.6922 3.3672 2.9776 0.525627 0.824336 0.513299 0.821377
2 6.5386 3.2225 2.9840 0.502904 0.824336 0.486986 0.821377
3 6.4053 3.1535 2.9142 0.494210 0.824336 0.475706 0.821377
4 6.6387 3.3023 2.9921 0.491450 0.824336 0.471150 0.821377
5 6.8470 3.4390 3.0613 0.490962 0.824336 0.469463 0.821377
6 7.6401 3.8395 3.4262 0.491177 0.824336 0.468915 0.821377
7 6.7912 3.3875 3.0571 0.491494 0.824336 0.468772 0.821377
8 6.6777 3.3244 2.9680 0.491730 0.824336 0.468750 0.821377
9 6.6372 3.3197 2.9742 0.491840 0.824336 0.468737 0.821377
10 6.6616 3.3332 2.9791 0.422568 0.824336 0.417299 0.821377
11 6.5335 3.2405 2.9469 0.348475 0.852409 0.345386 0.865653
12 6.7306 3.3947 2.9894 0.313346 0.876738 0.314570 0.881185
13 6.4250 3.1681 2.9096 0.298421 0.886140 0.298760 0.884948
14 6.6283 3.3271 2.9525 0.289955 0.890294 0.289995 0.885348
15 6.6152 3.3439 2.9278 0.281829 0.892340 0.280272 0.886950
16 6.5724 3.2636 2.9624 0.275682 0.893870 0.272829 0.889432
17 6.8607 3.4095 3.0978 0.270221 0.895365 0.266913 0.891673
18 6.6200 3.3074 2.9671 0.265047 0.896254 0.261807 0.892794
19 6.5974 3.2803 2.9692 0.260005 0.897900 0.257135 0.894876
20 6.5681 3.3443 2.8778 0.255341 0.899465 0.252453 0.896958
21 6.4205 3.1930 2.8880 0.251479 0.901040 0.247362 0.899760
22 6.9499 3.4645 3.1304 0.248357 0.902641 0.242342 0.901201
23 6.5379 3.2393 2.9509 0.245474 0.904215 0.237748 0.903443
24 6.4324 3.1900 2.9081 0.242771 0.905461 0.233454 0.905124
25 6.4013 3.1600 2.9023 0.240269 0.906573 0.229412 0.907286
26 6.5489 3.2743 2.9207 0.237938 0.907631 0.225676 0.908567
27 6.6027 3.2881 2.9640 0.235683 0.908886 0.222341 0.911049
28 6.5753 3.2595 2.9718 0.233357 0.910042 0.219462 0.912490
29 6.6102 3.3152 2.9552 0.230930 0.911011 0.216988 0.914251
30 6.5105 3.2007 2.9579 0.228507 0.912221 0.214792 0.915372
31 6.4420 3.1732 2.9292 0.226173 0.913209 0.212744 0.915773
32 6.5346 3.2424 2.9421 0.223980 0.914472 0.210755 0.916573
33 6.4978 3.1962 2.9198 0.221966 0.915682 0.208791 0.916333
34 6.5225 3.2442 2.9401 0.220144 0.916900 0.206867 0.916733
35 6.6194 3.2944 2.9809 0.218508 0.917692 0.205020 0.917374
36 6.4082 3.1621 2.9024 0.217037 0.918492 0.203282 0.918175
37 6.5676 3.2641 2.9629 0.215710 0.919231 0.201676 0.918415
38 6.4915 3.2347 2.9106 0.214503 0.919925 0.200208 0.918655
39 6.6629 3.4195 2.8925 0.213395 0.920440 0.198877 0.918815
40 6.5258 3.2446 2.9385 0.212368 0.920867 0.197677 0.918975
41 6.5088 3.2156 2.9499 0.211403 0.921294 0.196602 0.919215
42 6.5921 3.2587 2.9802 0.210488 0.921748 0.195642 0.918895
43 6.5739 3.2733 2.9547 0.209611 0.922317 0.194792 0.919215
44 6.6421 3.3249 2.9619 0.208762 0.922789 0.194042 0.919456
45 6.7243 3.3975 2.9852 0.207934 0.923358 0.193386 0.919616
46 6.5321 3.2118 2.9755 0.207119 0.923919 0.192820 0.920176
47 6.4178 3.1725 2.9022 0.206313 0.924265 0.192332 0.920737
48 6.5543 3.2351 2.9621 0.205510 0.924577 0.191923 0.921377
49 6.4863 3.2212 2.9281 0.204708 0.925057 0.191585 0.921217
