epoch time fwd_time bwd_time loss acc val_loss val_acc
0 6.9344 3.6227 2.9627 0.487141 0.812612 0.469976 0.821377
1 6.5367 3.2308 2.9529 0.490627 0.824336 0.467086 0.821377
2 6.6671 3.3328 2.9717 0.391118 0.824336 0.371398 0.821377
3 6.5264 3.2347 2.9505 0.340089 0.824336 0.334867 0.821537
4 6.4554 3.2248 2.8901 0.284495 0.868181 0.289785 0.868054
5 6.5337 3.2543 2.9320 0.257727 0.887412 0.250405 0.893435
6 6.5143 3.2670 2.9000 0.284881 0.893568 0.242631 0.900080
7 6.6161 3.3185 2.9395 0.235347 0.896530 0.234724 0.903283
8 6.5079 3.2134 2.9423 0.257385 0.899723 0.231824 0.896958
9 6.4691 3.1846 2.9382 0.255570 0.904331 0.237171 0.900240
10 6.4303 3.1761 2.9086 0.263940 0.905407 0.209575 0.911289
11 6.6633 3.3437 2.9700 0.197169 0.912275 0.290420 0.869175
12 6.5118 3.2632 2.8963 0.226418 0.909384 0.201615 0.913611
13 6.6312 3.3182 2.9633 0.210543 0.916900 0.236318 0.897758
14 6.4418 3.1848 2.9129 0.183960 0.920387 0.191930 0.917614
15 6.6115 3.3186 2.9456 0.180764 0.924043 0.181051 0.923299
16 6.5388 3.2268 2.9251 0.178011 0.926925 0.175075 0.925060
17 6.5811 3.3025 2.9235 0.168447 0.927984 0.182305 0.922258
18 6.6771 3.3649 2.9634 0.223562 0.925938 0.182376 0.926261
19 6.4786 3.2215 2.9126 0.192442 0.926979 0.206136 0.912330
20 6.6076 3.2771 2.9836 0.168192 0.931631 0.170236 0.925781
21 6.4853 3.2385 2.9009 0.174241 0.932965 0.222399 0.901121
22 6.5513 3.2171 2.9870 0.185157 0.929718 0.193376 0.918415
23 6.5063 3.2207 2.9422 0.156259 0.934050 0.241904 0.891593
24 6.5763 3.3275 2.9007 0.218958 0.931960 0.154599 0.938511
25 6.4155 3.1966 2.8770 0.211324 0.933997 0.153102 0.939231
26 6.6623 3.3384 2.9704 0.213183 0.935216 0.150909 0.939792
27 6.6358 3.3304 2.9563 0.212384 0.935865 0.149748 0.940272
28 6.5313 3.2795 2.9028 0.211625 0.936657 0.149208 0.940592
29 6.4746 3.2136 2.9053 0.210436 0.937377 0.148974 0.939872
30 6.6449 3.3209 2.9677 0.208909 0.938009 0.148907 0.939552
31 6.4937 3.2210 2.9189 0.207107 0.938569 0.148904 0.939472
32 6.7230 3.4045 2.9593 0.205100 0.938791 0.148908 0.939632
33 6.5059 3.2055 2.9480 0.202983 0.939405 0.148882 0.939872
34 6.4124 3.1614 2.8987 0.200883 0.940126 0.148804 0.939552
35 6.6512 3.3361 2.9578 0.198945 0.940597 0.148730 0.938991
36 6.5934 3.2517 2.9946 0.197284 0.940900 0.148800 0.938271
37 6.4660 3.2061 2.9161 0.195966 0.941042 0.149175 0.938191
38 6.4980 3.1996 2.9444 0.194992 0.941496 0.149952 0.937390
39 6.4858 3.2164 2.9287 0.194270 0.941745 0.151066 0.936589
40 6.5854 3.3123 2.9280 0.193647 0.942083 0.152298 0.935629
41 6.5233 3.2201 2.9578 0.192970 0.942189 0.153376 0.934988
42 6.4904 3.2474 2.8987 0.192037 0.942216 0.154020 0.934588
43 6.4370 3.2000 2.8828 0.190820 0.942421 0.153724 0.934908
44 6.5040 3.2046 2.9476 0.190009 0.942990 0.151589 0.935709
45 6.5754 3.2639 2.9164 0.190401 0.943470 0.146001 0.940272
46 6.5635 3.2211 2.9852 0.164897 0.944965 0.139870 0.940512
47 6.6006 3.2755 2.9645 0.152685 0.942234 0.134416 0.943795
48 6.6171 3.2804 2.9879 0.151554 0.942323 0.127795 0.948599
49 6.6666 3.3376 2.9762 0.147250 0.943702 0.125899 0.949960
