epoch time fwd_time bwd_time loss acc val_loss val_acc
0 6.8995 3.5892 2.9606 0.579466 0.586191 0.557111 0.821377
1 6.5617 3.2335 2.9747 0.508803 0.824336 0.494024 0.821377
2 6.7107 3.3846 2.9665 0.494892 0.824336 0.476694 0.821377
3 6.5885 3.2858 2.9607 0.491413 0.824336 0.471083 0.821377
4 6.5217 3.2269 2.9452 0.490985 0.824336 0.469344 0.821377
5 6.5430 3.2418 2.9446 0.491290 0.824336 0.468880 0.821377
6 6.6685 3.3418 2.9792 0.491621 0.824336 0.468788 0.821377
7 6.5420 3.2768 2.9232 0.491829 0.824336 0.468781 0.821377
8 6.5916 3.2633 2.9873 0.491931 0.824336 0.468783 0.821377
9 6.4460 3.1794 2.9156 0.491971 0.824336 0.468780 0.821377
10 6.4355 3.1626 2.9177 0.491979 0.824336 0.468771 0.821377
11 6.4574 3.1890 2.9210 0.491971 0.824336 0.468758 0.821377
12 6.4539 3.1836 2.8800 0.491952 0.824336 0.468740 0.821377
13 6.3730 3.1491 2.8784 0.491924 0.824336 0.468715 0.821377
14 6.4904 3.2351 2.9091 0.491879 0.824336 0.468678 0.821377
15 6.5371 3.2506 2.9367 0.491800 0.824336 0.468616 0.821377
16 6.5680 3.2646 2.9494 0.491628 0.824336 0.468487 0.821377
17 6.5234 3.2473 2.9294 0.491045 0.824336 0.468055 0.821377
18 6.5461 3.2795 2.9165 0.481560 0.824336 0.459726 0.821377
19 6.6281 3.2925 2.9804 0.406892 0.824336 0.390787 0.821377
20 6.5450 3.2415 2.9531 0.383675 0.824336 0.373043 0.821377
21 6.5019 3.2009 2.9519 0.367850 0.824336 0.356331 0.821377
22 6.6063 3.3160 2.9435 0.341262 0.824336 0.324104 0.821617
23 6.5275 3.2161 2.9602 0.307907 0.837465 0.289175 0.865653
24 6.6143 3.3158 2.9479 0.287940 0.890090 0.267301 0.898239
25 6.4744 3.2237 2.9152 0.270695 0.899261 0.260030 0.899680
26 6.6250 3.3101 2.9557 0.258137 0.901876 0.257191 0.897998
27 6.5196 3.2309 2.9418 0.249215 0.903913 0.250336 0.899359
28 6.6257 3.3136 2.9602 0.244195 0.905754 0.252328 0.896878
29 6.5063 3.2667 2.8909 0.241568 0.907080 0.247623 0.898159
30 6.4204 3.2032 2.8766 0.241887 0.908957 0.240561 0.900881
31 6.5157 3.2397 2.9214 0.241220 0.910335 0.232018 0.903923
32 6.5672 3.2664 2.9559 0.239358 0.911803 0.225598 0.908487
33 6.5581 3.2447 2.9580 0.236988 0.913120 0.220490 0.909688
34 6.6062 3.3072 2.9500 0.234219 0.914712 0.216404 0.910969
35 6.6692 3.3394 2.9829 0.231165 0.916589 0.213112 0.913451
36 6.6461 3.3541 2.9383 0.228129 0.918306 0.210126 0.914732
37 6.5187 3.2342 2.8890 0.225385 0.919747 0.206975 0.916333
38 6.4431 3.1693 2.9109 0.222507 0.921143 0.203962 0.917854
39 6.4970 3.2337 2.9136 0.218282 0.922326 0.202262 0.918495
40 6.5644 3.2631 2.9519 0.214208 0.923856 0.200269 0.918575
41 6.6300 3.3045 2.9658 0.211340 0.925431 0.196963 0.919536
42 6.4129 3.1632 2.9048 0.209060 0.926374 0.192810 0.921457
43 6.5122 3.2683 2.8965 0.206901 0.927548 0.188759 0.924980
44 6.5652 3.2834 2.9273 0.204711 0.928624 0.185252 0.927542
45 6.6908 3.3793 2.9645 0.202477 0.929443 0.182174 0.928743
46 6.4605 3.2085 2.9094 0.200195 0.930572 0.179963 0.928903
47 6.5597 3.2965 2.9135 0.197847 0.931035 0.179256 0.928903
48 6.5493 3.2601 2.9423 0.194727 0.931773 0.177841 0.929544
49 6.6550 3.3314 2.9264 0.192278 0.932956 0.171362 0.931305
