epoch time fwd_time bwd_time loss acc val_loss val_acc
0 6.9401 3.6043 2.9590 0.503628 0.824336 0.470116 0.821377
1 6.4644 3.2282 2.8883 0.472361 0.824336 0.453397 0.821377
2 6.4647 3.2041 2.9208 0.437203 0.824336 0.444267 0.821377
3 6.4911 3.2252 2.9287 0.378905 0.824336 0.372383 0.821377
4 6.5305 3.2563 2.9325 0.368615 0.824336 0.358820 0.821377
5 6.5392 3.2516 2.9425 0.339722 0.824336 0.319954 0.821377
6 6.8766 3.4353 3.0901 0.316257 0.843078 0.293615 0.867654
7 6.4545 3.1964 2.9073 0.285658 0.883454 0.285039 0.884307
8 6.7490 3.3917 3.0044 0.273534 0.893924 0.266666 0.893755
9 6.7388 3.3500 3.0457 0.263062 0.896877 0.252523 0.898559
10 6.5903 3.2970 2.9602 0.255390 0.900880 0.255220 0.894235
11 6.3911 3.1637 2.8910 0.252597 0.903059 0.241613 0.902322
12 6.5014 3.2378 2.9296 0.245747 0.904669 0.237202 0.903443
13 6.4307 3.1760 2.9198 0.240307 0.906190 0.232234 0.906886
14 6.6000 3.3137 2.9510 0.236459 0.907373 0.228127 0.908086
15 6.5273 3.2295 2.9622 0.232970 0.908129 0.224978 0.908647
16 6.7589 3.4483 2.9701 0.231429 0.909464 0.221503 0.909848
17 6.5207 3.2176 2.9697 0.231490 0.910113 0.218613 0.910328
18 6.5546 3.2831 2.9208 0.225777 0.910825 0.218142 0.909287
19 6.5218 3.2551 2.9294 0.220574 0.911474 0.220948 0.909367
20 6.4915 3.2392 2.9104 0.224221 0.913102 0.213463 0.911449
21 6.6077 3.3096 2.9243 0.216517 0.913075 0.219726 0.908167
22 6.4600 3.1911 2.9211 0.218854 0.914401 0.211576 0.912010
23 6.4684 3.1764 2.9558 0.215472 0.914934 0.213182 0.911609
24 6.4965 3.2290 2.9209 0.216824 0.915486 0.207961 0.913611
25 6.5576 3.2413 2.9346 0.214568 0.916020 0.207534 0.914492
26 6.5637 3.2901 2.9364 0.212951 0.916793 0.206948 0.914972
27 6.7350 3.3979 2.9924 0.212624 0.917389 0.204619 0.916173
28 7.4566 3.8539 3.2441 0.211775 0.917861 0.203877 0.916333
29 6.6295 3.3234 2.9679 0.210139 0.918546 0.205761 0.915292
30 6.5427 3.2825 2.9233 0.207072 0.919035 0.210193 0.912650
31 6.4855 3.2026 2.9369 0.206380 0.919693 0.208901 0.912810
32 6.5623 3.2771 2.9481 0.204915 0.920263 0.209565 0.912650
33 6.5461 3.2840 2.9183 0.202974 0.920761 0.211301 0.911689
34 6.4775 3.2328 2.9040 0.200678 0.921375 0.213239 0.909688
35 6.3912 3.1908 2.8594 0.198259 0.921793 0.215853 0.908487
36 6.6456 3.3146 2.9853 0.196356 0.922139 0.216809 0.907606
37 6.4835 3.2575 2.8878 0.194930 0.922735 0.216548 0.908086
38 6.6544 3.3342 2.9735 0.193731 0.923296 0.215592 0.908407
39 6.6926 3.3870 2.9593 0.192690 0.923910 0.214712 0.908567
40 6.4686 3.2400 2.8950 0.191788 0.924301 0.214329 0.908967
41 6.4913 3.2195 2.9313 0.190964 0.924701 0.214114 0.909127
42 6.5045 3.2635 2.8998 0.190168 0.925057 0.213633 0.909047
43 6.6347 3.3202 2.9675 0.189350 0.925422 0.212865 0.909367
44 6.5666 3.2644 2.9570 0.188395 0.925644 0.212120 0.910008
45 6.7252 3.3837 2.9889 0.187229 0.926071 0.211753 0.909928
46 6.5648 3.2385 2.9731 0.185947 0.926418 0.211733 0.910008
47 6.4296 3.1719 2.9096 0.184711 0.926729 0.211782 0.909688
48 6.5892 3.2839 2.9594 0.183626 0.927121 0.211686 0.910088
49 6.5416 3.2627 2.9315 0.182689 0.927406 0.211397 0.909848
