epoch time fwd_time bwd_time loss acc val_loss val_acc
0 6.8128 3.5165 2.9493 0.542018 0.818438 0.523734 0.821377
1 6.4838 3.2382 2.9056 0.494187 0.824336 0.475858 0.821377
2 6.4858 3.1851 2.9478 0.490630 0.824336 0.469436 0.821377
3 6.6297 3.3001 2.9813 0.488075 0.824336 0.467338 0.821377
4 6.5372 3.2369 2.9183 0.410495 0.824852 0.396002 0.824259
5 6.5320 3.2162 2.9705 0.342746 0.838728 0.334942 0.869416
6 6.4291 3.1682 2.9130 0.312030 0.881461 0.298307 0.881986
7 6.4675 3.2154 2.9050 0.296760 0.887074 0.283845 0.885028
8 6.6916 3.3430 3.0021 0.282829 0.891113 0.269895 0.890312
9 6.6332 3.3266 2.9585 0.269737 0.894671 0.260958 0.894155
10 6.6799 3.3673 2.9665 0.261028 0.896574 0.255363 0.897038
11 6.5989 3.2905 2.9535 0.253549 0.898505 0.251749 0.898479
12 6.6101 3.3403 2.9246 0.249333 0.899714 0.247092 0.899840
13 6.7065 3.4147 2.9449 0.245284 0.900613 0.241498 0.900240
14 6.5060 3.2624 2.9003 0.242265 0.901796 0.237993 0.902082
15 6.5476 3.2393 2.9588 0.239040 0.903086 0.235229 0.904003
16 6.5281 3.2571 2.9242 0.234878 0.904367 0.232554 0.905124
17 6.5905 3.3074 2.9361 0.231090 0.905541 0.229643 0.906805
18 6.5855 3.2787 2.9594 0.227796 0.906457 0.226583 0.908247
19 6.4408 3.1918 2.9006 0.225044 0.907747 0.223411 0.909688
20 6.5877 3.2883 2.9605 0.222947 0.908939 0.220144 0.911209
21 6.5008 3.2396 2.9096 0.221052 0.910140 0.217063 0.912810
22 6.4762 3.1852 2.9448 0.219155 0.911118 0.214048 0.913611
23 6.5355 3.2513 2.9411 0.217580 0.912212 0.210885 0.915212
24 6.6070 3.3090 2.9464 0.216759 0.913306 0.207888 0.916573
25 6.4350 3.2030 2.8898 0.216375 0.914472 0.206383 0.917614
26 6.4847 3.2580 2.8759 0.214078 0.915646 0.207380 0.918655
27 6.5157 3.2441 2.9244 0.210199 0.916776 0.208880 0.917934
28 6.7408 3.3981 2.9923 0.207268 0.917763 0.208118 0.917134
29 6.5649 3.2363 2.9780 0.204726 0.918572 0.206795 0.918094
30 6.6692 3.3628 2.9491 0.202675 0.919533 0.205211 0.918575
31 6.6888 3.3388 2.9838 0.200739 0.920467 0.203969 0.918735
32 6.6067 3.2955 2.9635 0.198760 0.921339 0.203113 0.918975
33 6.4550 3.2094 2.8650 0.196673 0.922148 0.202667 0.918815
34 6.6073 3.2984 2.9611 0.194482 0.922904 0.202539 0.918335
35 6.5746 3.2463 2.9694 0.192280 0.923696 0.202524 0.918014
36 6.4797 3.1893 2.9403 0.190109 0.924230 0.202534 0.917294
37 6.6042 3.2991 2.9438 0.187993 0.924861 0.202586 0.916894
38 6.4595 3.2071 2.9050 0.185989 0.925440 0.202715 0.916093
39 6.6294 3.3103 2.9658 0.184216 0.925760 0.202715 0.915372
40 6.5640 3.2416 2.9776 0.182689 0.926338 0.202387 0.915612
41 6.5411 3.2405 2.9162 0.181334 0.926712 0.201794 0.915212
42 6.4417 3.2240 2.8724 0.180107 0.927263 0.201017 0.916413
43 6.4961 3.2288 2.9219 0.178990 0.927566 0.200106 0.916333
44 6.5033 3.2346 2.9059 0.177962 0.928179 0.199100 0.916894
45 6.5540 3.2589 2.9451 0.177006 0.928678 0.198038 0.917534
46 6.4824 3.2037 2.9324 0.176108 0.929211 0.196954 0.917854
47 6.5580 3.2665 2.9381 0.175258 0.929496 0.195879 0.918575
48 6.6425 3.3211 2.9759 0.174446 0.929852 0.194841 0.918735
49 6.6461 3.3337 2.9612 0.173668 0.930163 0.193859 0.919055
