epoch time fwd_time bwd_time loss acc val_loss val_acc
0 6.7835 3.5095 2.9200 0.490509 0.819630 0.468274 0.821377
1 6.4785 3.2377 2.8797 0.386455 0.824336 0.369861 0.821377
2 6.4665 3.1855 2.8789 0.332593 0.824336 0.353378 0.821377
3 6.5782 3.2558 2.9578 0.309478 0.833845 0.282573 0.860849
4 6.4369 3.1769 2.8993 0.249058 0.890045 0.250394 0.901361
5 6.6184 3.2586 2.9949 0.279214 0.902036 0.237607 0.909448
6 6.5914 3.3384 2.8907 0.214746 0.907578 0.220441 0.909287
7 6.5510 3.2251 2.9646 0.205576 0.913929 0.221238 0.907366
8 6.4054 3.1635 2.8834 0.200384 0.917443 0.186522 0.924339
9 6.6411 3.3053 2.9647 0.181962 0.921019 0.172849 0.927622
10 6.6436 3.3333 2.9509 0.170373 0.925698 0.165491 0.932666
11 6.5865 3.2994 2.9356 0.195852 0.921793 0.221382 0.904884
12 6.5561 3.2248 2.9741 0.163486 0.926614 0.215738 0.907606
13 6.5755 3.2237 2.9915 0.160355 0.930083 0.179909 0.924900
14 6.6257 3.3313 2.9418 0.154067 0.930750 0.188809 0.919776
15 6.5440 3.2514 2.9470 0.150644 0.934148 0.185416 0.923058
16 6.5965 3.2683 2.9609 0.152481 0.935376 0.143067 0.942354
17 6.6044 3.3348 2.9089 0.133205 0.940410 0.168887 0.929063
18 6.5908 3.2471 2.9772 0.124849 0.941149 0.227184 0.903203
19 6.5566 3.2920 2.9068 0.160432 0.944627 0.117704 0.950520
20 6.4454 3.1651 2.9214 0.117862 0.948078 0.127906 0.948439
21 6.7147 3.3732 2.9773 0.118359 0.951850 0.102986 0.957166
22 6.5698 3.2452 2.9661 0.115834 0.956342 0.097956 0.959488
23 6.5223 3.2366 2.8827 0.101343 0.957231 0.120485 0.947958
24 6.6184 3.3079 2.9459 0.128521 0.955835 0.092982 0.963010
25 6.6550 3.3148 2.9768 0.122001 0.955221 0.106496 0.953403
26 6.5837 3.2783 2.9430 0.110833 0.957160 0.102722 0.955004
27 6.5618 3.2610 2.9438 0.122320 0.957667 0.097283 0.958767
28 6.4624 3.1859 2.9210 0.105283 0.959838 0.104842 0.955484
29 6.6755 3.3569 2.9569 0.113858 0.959064 0.093146 0.961890
30 6.6395 3.3073 2.9682 0.100207 0.961697 0.097395 0.960048
31 6.6576 3.3273 2.9804 0.113845 0.959446 0.095810 0.960689
32 6.5887 3.2549 2.9730 0.100225 0.963040 0.094986 0.960849
33 6.5705 3.3215 2.8719 0.101952 0.961928 0.096160 0.959888
34 6.5978 3.2711 2.9584 0.098569 0.962586 0.096159 0.959648
35 6.6797 3.3497 2.9674 0.097835 0.962275 0.096723 0.958767
36 6.6006 3.2910 2.9501 0.095246 0.962542 0.097005 0.959007
37 6.5423 3.2336 2.9516 0.093543 0.962916 0.097866 0.958927
38 6.6281 3.3003 2.9619 0.091719 0.963013 0.098839 0.958127
39 6.6454 3.3344 2.9561 0.090240 0.963120 0.099550 0.957726
40 6.4835 3.2091 2.9208 0.089412 0.963129 0.099774 0.957806
41 6.5543 3.2445 2.9526 0.088641 0.963200 0.099890 0.957646
42 6.5440 3.2513 2.9287 0.087770 0.963351 0.099821 0.957326
43 6.6701 3.3303 2.9720 0.085918 0.963681 0.098912 0.957726
44 6.6524 3.3357 2.9569 0.083557 0.963885 0.098407 0.957966
45 6.6776 3.3332 2.9770 0.083095 0.963947 0.100278 0.957406
46 6.5842 3.2746 2.9560 0.082760 0.963752 0.099009 0.957806
47 6.5444 3.2978 2.8947 0.089543 0.963396 0.091232 0.961809
48 6.5098 3.1998 2.9527 0.093143 0.964045 0.092310 0.960608
49 6.6634 3.3278 2.9705 0.085019 0.964099 0.093562 0.960368
