epoch time fwd_time bwd_time loss acc val_loss val_acc
0 6.8334 3.5558 2.9164 0.515812 0.716525 0.468985 0.821377
1 6.5329 3.2246 2.9453 0.492197 0.824336 0.468797 0.821377
2 6.6927 3.3700 2.9621 0.492207 0.824336 0.468797 0.821377
3 6.5374 3.2589 2.9101 0.492219 0.824336 0.468798 0.821377
4 6.6005 3.2794 2.9560 0.492234 0.824336 0.468799 0.821377
5 6.5561 3.2535 2.9474 0.492251 0.824336 0.468801 0.821377
6 6.6203 3.3012 2.9572 0.492269 0.824336 0.468804 0.821377
7 6.5750 3.3010 2.9111 0.492287 0.824336 0.468806 0.821377
8 6.5914 3.2502 2.9791 0.492304 0.824336 0.468808 0.821377
9 6.6392 3.2968 2.9852 0.492318 0.824336 0.468809 0.821377
10 6.6853 3.3687 2.9629 0.492329 0.824336 0.468809 0.821377
11 6.5130 3.2300 2.9280 0.492334 0.824336 0.468808 0.821377
12 6.6116 3.3258 2.9255 0.489805 0.824336 0.466490 0.821377
13 6.6253 3.3403 2.9208 0.356075 0.824336 0.346865 0.821377
14 6.5854 3.2919 2.9439 0.306588 0.833658 0.308649 0.842114
15 6.5108 3.2050 2.9551 0.276641 0.882813 0.255965 0.885829
16 6.6425 3.2980 2.9802 0.280051 0.896272 0.237999 0.898159
17 6.5939 3.2841 2.9554 0.258045 0.899857 0.240082 0.892634
18 6.5417 3.2534 2.9205 0.257397 0.903255 0.223496 0.901361
19 6.7269 3.3130 3.0080 0.223238 0.904162 0.245887 0.893995
20 6.9652 3.5063 3.0790 0.210749 0.906457 0.229065 0.903523
21 6.5079 3.2010 2.9444 0.206898 0.908290 0.215997 0.909688
22 6.5794 3.2489 2.9740 0.203693 0.909873 0.224004 0.907126
23 6.5896 3.2831 2.9536 0.198775 0.911047 0.217204 0.910088
24 6.4831 3.1861 2.9454 0.196798 0.914187 0.227737 0.907206
25 6.5938 3.2503 2.9809 0.191856 0.916091 0.231772 0.903923
26 6.5698 3.2797 2.9402 0.187555 0.917603 0.231923 0.902802
27 6.4683 3.2015 2.8709 0.183559 0.919542 0.226345 0.907046
28 6.3906 3.1537 2.8816 0.179562 0.921348 0.220959 0.911049
29 6.5238 3.2057 2.9581 0.179967 0.922397 0.183065 0.929143
30 6.5531 3.2425 2.9556 0.168285 0.925333 0.189783 0.924580
31 6.6123 3.2998 2.9640 0.164677 0.927236 0.168368 0.933467
32 6.5439 3.2394 2.9330 0.163838 0.928428 0.197532 0.919776
33 6.6176 3.3076 2.9532 0.162103 0.929807 0.156931 0.936429
34 6.6532 3.3288 2.9632 0.156470 0.931480 0.154322 0.937950
35 6.4974 3.2367 2.9038 0.173376 0.934255 0.159623 0.936029
36 6.3846 3.1569 2.8793 0.152810 0.933303 0.150424 0.939311
37 6.6117 3.3251 2.9350 0.159687 0.936176 0.149823 0.939392
38 6.5912 3.2899 2.9367 0.161791 0.936585 0.140524 0.943955
39 6.6505 3.3458 2.9460 0.160148 0.939023 0.147880 0.939632
40 6.3881 3.1620 2.8717 0.150914 0.940900 0.169729 0.929944
41 6.4271 3.1720 2.8993 0.146702 0.941407 0.170247 0.929143
42 6.5522 3.2573 2.9346 0.144671 0.942465 0.134414 0.945877
43 6.5202 3.2596 2.8980 0.123123 0.945410 0.160080 0.932586
44 6.6584 3.3412 2.9615 0.115702 0.949555 0.175050 0.925861
45 6.8761 3.4407 3.0745 0.131210 0.953157 0.165179 0.933387
46 6.6194 3.2826 2.9824 0.102291 0.954323 0.186708 0.920576
47 6.5370 3.2255 2.9580 0.126170 0.958432 0.115280 0.952442
48 6.6470 3.3455 2.9383 0.140337 0.957329 0.097512 0.959728
49 6.5183 3.2542 2.9142 0.105424 0.959589 0.167610 0.927062
