epoch time fwd_time bwd_time loss acc val_loss val_acc
0 6.8678 3.5457 2.9524 0.437009 0.824336 0.397922 0.821377
1 6.5360 3.2487 2.9188 0.311953 0.828161 0.312419 0.851161
2 6.5832 3.2432 2.9635 0.251706 0.875955 0.304292 0.849480
3 6.6488 3.3149 2.9625 0.281013 0.894733 0.229986 0.903763
4 6.4789 3.2339 2.8759 0.222870 0.901965 0.260479 0.884708
5 6.8821 3.4359 3.0705 0.215416 0.905959 0.280439 0.874540
6 6.6607 3.3018 2.9521 0.204816 0.908512 0.227725 0.906005
7 6.7104 3.3650 2.9658 0.205966 0.915343 0.191053 0.919856
8 6.5953 3.2491 2.9807 0.190166 0.917461 0.199087 0.917454
9 6.6257 3.2870 2.9664 0.226274 0.915441 0.219411 0.902562
10 6.6216 3.3468 2.9107 0.184103 0.920823 0.210003 0.911369
11 6.6775 3.3389 2.9599 0.185341 0.922816 0.218393 0.908086
12 6.5036 3.2371 2.8916 0.196032 0.921463 0.175582 0.926982
13 6.6136 3.2882 2.9445 0.190560 0.926205 0.169837 0.928102
14 6.5278 3.2776 2.8856 0.268341 0.920770 0.234105 0.905925
15 6.6024 3.2869 2.9512 0.178782 0.923091 0.177535 0.925460
16 6.4733 3.1714 2.9176 0.189453 0.929193 0.160061 0.932186
17 6.6158 3.2892 2.9430 0.181289 0.930537 0.223835 0.906805
18 6.5459 3.2053 2.9204 0.178085 0.930999 0.230527 0.903603
19 6.5536 3.2419 2.9314 0.161502 0.932805 0.229272 0.901201
20 6.5604 3.2672 2.9090 0.151441 0.933748 0.161176 0.932666
21 6.5839 3.2457 2.9610 0.167699 0.933285 0.160699 0.932186
22 6.6825 3.3365 2.9717 0.154112 0.934824 0.148270 0.938671
23 6.5818 3.2946 2.9210 0.157709 0.935616 0.254022 0.885829
24 6.6381 3.3111 2.9533 0.150837 0.937333 0.163962 0.930584
25 6.5595 3.2182 2.9654 0.215267 0.936701 0.233141 0.898078
26 6.5757 3.2328 2.9695 0.146864 0.935651 0.151002 0.938110
27 6.4968 3.1927 2.9255 0.139133 0.938053 0.236204 0.895036
28 6.6350 3.2920 2.9638 0.139690 0.937297 0.214343 0.906325
29 6.6395 3.2915 2.9605 0.135464 0.941300 0.151995 0.935789
30 6.6218 3.2959 2.9565 0.157715 0.941816 0.128655 0.945076
31 6.6237 3.2785 2.9686 0.149523 0.943204 0.131507 0.944676
32 6.6676 3.3349 2.9407 0.154706 0.936399 0.223389 0.900801
33 6.5381 3.2565 2.9134 0.154716 0.942047 0.134325 0.944836
34 6.6704 3.3315 2.9594 0.185433 0.944814 0.126743 0.946357
35 6.6865 3.3363 2.9430 0.208591 0.943595 0.132038 0.945877
36 6.5128 3.2184 2.9162 0.172066 0.943568 0.130104 0.944756
37 6.4982 3.1658 2.9537 0.138198 0.944520 0.133420 0.944916
38 6.6740 3.3255 2.9772 0.136800 0.942367 0.180736 0.922578
39 6.5812 3.3042 2.9071 0.179564 0.941851 0.124082 0.948999
40 6.4748 3.2204 2.8829 0.136598 0.943328 0.182241 0.919456
41 6.6219 3.2635 2.9803 0.140232 0.942946 0.167039 0.927382
42 6.5945 3.2408 2.9679 0.157968 0.943115 0.129126 0.946998
43 6.6862 3.3530 2.9508 0.135299 0.944734 0.137799 0.942434
44 6.5379 3.2660 2.8942 0.214827 0.940206 0.163374 0.930264
45 6.5473 3.2164 2.9458 0.214795 0.943639 0.123537 0.947798
46 6.6733 3.3206 2.9615 0.163115 0.944645 0.119992 0.949960
47 6.5613 3.2828 2.9042 0.173074 0.947874 0.117867 0.950520
48 6.5024 3.2184 2.9166 0.151967 0.950720 0.143380 0.942274
49 6.6420 3.3156 2.9598 0.131247 0.954109 0.108336 0.960128
