epoch time fwd_time bwd_time loss acc val_loss val_acc
0 6.9400 3.6250 2.9543 0.506043 0.824336 0.469280 0.821377
1 6.6288 3.2817 2.9709 0.492197 0.824336 0.468802 0.821377
2 6.6194 3.2864 2.9319 0.492201 0.824336 0.468792 0.821377
3 6.6149 3.2875 2.9679 0.490966 0.824336 0.467688 0.821377
4 6.6009 3.2679 2.9668 0.351278 0.824336 0.352109 0.821377
5 6.7244 3.4406 2.9110 0.303086 0.830749 0.300996 0.849560
6 6.6871 3.3408 2.9726 0.245473 0.885802 0.268860 0.877982
7 6.4998 3.2419 2.8838 0.281724 0.893808 0.242272 0.894075
8 6.5699 3.2443 2.9530 0.220646 0.896423 0.233469 0.896397
9 6.5644 3.2439 2.9503 0.213462 0.899101 0.227315 0.900400
10 6.6949 3.3343 2.9426 0.204769 0.902134 0.216435 0.906325
11 6.5067 3.2441 2.8947 0.198611 0.904980 0.213632 0.908247
12 6.6374 3.3205 2.9387 0.192730 0.906760 0.215870 0.906405
13 6.5624 3.2562 2.9370 0.187931 0.908859 0.215794 0.907126
14 6.6575 3.3389 2.9424 0.184594 0.910842 0.203170 0.913771
15 6.5177 3.2053 2.9310 0.216190 0.914347 0.198244 0.918735
16 6.6614 3.2924 2.9914 0.227443 0.917852 0.190132 0.924580
17 6.5450 3.2232 2.9373 0.184104 0.922157 0.193685 0.917614
18 6.5684 3.2452 2.9528 0.167919 0.927281 0.203037 0.915612
19 6.4324 3.1918 2.8839 0.164445 0.928589 0.194846 0.920256
20 6.5632 3.2929 2.9063 0.169756 0.930590 0.162242 0.932186
21 6.6887 3.3281 2.9760 0.162914 0.931604 0.172792 0.928343
22 6.6793 3.3443 2.9627 0.162919 0.933437 0.155249 0.935308
23 6.6458 3.3358 2.9454 0.156133 0.935207 0.149022 0.937230
24 6.5243 3.2329 2.9146 0.159010 0.935989 0.146139 0.938591
25 6.6765 3.3282 2.9713 0.158680 0.937181 0.144022 0.939311
26 6.6920 3.3457 2.9723 0.153208 0.935954 0.159381 0.934988
27 6.4562 3.1819 2.9103 0.151041 0.938284 0.163390 0.933467
28 6.6273 3.3068 2.9436 0.154637 0.938774 0.139355 0.943235
29 6.5393 3.2111 2.9528 0.178084 0.934824 0.153068 0.937470
30 6.5287 3.2306 2.9269 0.149289 0.941549 0.147123 0.939872
31 6.6615 3.2989 2.9380 0.151140 0.941389 0.138132 0.943155
32 6.6624 3.3261 2.9592 0.152362 0.940677 0.137005 0.943715
33 6.4466 3.1873 2.8902 0.163216 0.942358 0.132776 0.945236
34 6.7202 3.3623 2.9877 0.150113 0.942501 0.135238 0.944436
35 6.5038 3.2436 2.8844 0.157754 0.942563 0.132384 0.945396
36 6.6803 3.3497 2.9519 0.148263 0.943631 0.135658 0.944355
37 6.5580 3.2323 2.9525 0.153384 0.943462 0.131563 0.945877
38 6.4704 3.2131 2.8947 0.159733 0.943728 0.130450 0.945717
39 6.6212 3.2726 2.9619 0.148243 0.943568 0.132881 0.945476
40 6.5319 3.2681 2.9013 0.149322 0.943693 0.132335 0.945637
41 6.7191 3.3600 2.9747 0.150515 0.943791 0.131609 0.945877
42 6.6973 3.3449 2.9658 0.151127 0.944182 0.131208 0.945797
43 6.6709 3.3636 2.9348 0.151268 0.944556 0.131194 0.945637
44 6.6647 3.3374 2.9470 0.148692 0.944565 0.131856 0.945957
45 6.5572 3.2689 2.9100 0.152846 0.945241 0.129811 0.946277
46 6.6434 3.2915 2.9758 0.150602 0.944814 0.130976 0.946437
47 6.6253 3.3121 2.9326 0.152860 0.945712 0.129612 0.946277
48 6.6690 3.3080 2.9907 0.153330 0.945089 0.130632 0.946117
49 6.5720 3.2404 2.9550 0.148976 0.945739 0.130553 0.946277
