epoch time fwd_time bwd_time loss acc val_loss val_acc
0 6.8647 3.5932 2.9100 0.487227 0.824336 0.461948 0.821377
1 6.7008 3.3620 2.9766 0.361113 0.824336 0.356908 0.821377
2 6.7630 3.4368 2.9558 0.324791 0.831923 0.308158 0.848038
3 6.5423 3.2209 2.9606 0.252506 0.868403 0.250570 0.892234
4 6.6146 3.2938 2.9604 0.233391 0.897597 0.271507 0.887270
5 6.4838 3.1971 2.9264 0.221162 0.904927 0.246996 0.898159
6 6.6963 3.3410 2.9934 0.214355 0.908378 0.228749 0.907126
7 6.6186 3.3072 2.9529 0.222766 0.911812 0.246607 0.896397
8 6.7224 3.3728 2.9768 0.198725 0.913467 0.297468 0.869335
9 6.6266 3.3047 2.9655 0.210030 0.915904 0.191777 0.920016
10 6.5920 3.2661 2.9665 0.186292 0.918670 0.237801 0.897838
11 6.5704 3.2848 2.9223 0.182083 0.919151 0.194530 0.919616
12 6.6366 3.2903 2.9807 0.264400 0.920325 0.203609 0.912250
13 6.6485 3.3138 2.9683 0.258950 0.920556 0.195531 0.920096
14 6.6091 3.2909 2.9577 0.208259 0.922744 0.229727 0.904644
15 6.7287 3.3893 2.9777 0.238084 0.921428 0.206836 0.906005
16 6.5834 3.2574 2.9688 0.182209 0.928509 0.199728 0.917374
17 7.0296 3.5142 3.1488 0.165869 0.925698 0.300095 0.861649
18 6.6142 3.2730 2.9771 0.197931 0.930919 0.208580 0.910248
19 6.8653 3.4305 3.0457 0.203435 0.933401 0.146782 0.938751
20 6.5625 3.2354 2.9605 0.151328 0.936167 0.144796 0.939792
21 6.7457 3.3567 3.0287 0.163779 0.935625 0.156071 0.933627
22 6.9561 3.4517 3.1383 0.175408 0.937813 0.193325 0.921297
23 6.7820 3.4066 3.0179 0.144468 0.940010 0.242203 0.892794
24 6.9723 3.4929 3.1138 0.143087 0.937635 0.180187 0.924500
25 6.5982 3.2673 2.9705 0.144904 0.940553 0.223336 0.905364
26 6.4844 3.1807 2.9490 0.133951 0.943284 0.148761 0.938191
27 6.6570 3.3469 2.9544 0.145854 0.944511 0.113397 0.952762
28 6.5105 3.2298 2.9167 0.184934 0.947358 0.133277 0.945316
29 6.5953 3.3002 2.9342 0.125222 0.952223 0.101320 0.957006
30 6.6264 3.3157 2.9549 0.126029 0.952864 0.189953 0.919135
31 6.6307 3.3189 2.9485 0.150913 0.952588 0.107030 0.959167
32 6.5719 3.2433 2.9646 0.130288 0.955177 0.142634 0.939792
33 6.6430 3.3036 2.9790 0.114352 0.957658 0.170681 0.926021
34 6.7311 3.3865 2.9815 0.117042 0.957747 0.141650 0.939071
35 6.6351 3.3305 2.9409 0.107400 0.959767 0.100511 0.958287
36 6.4221 3.1667 2.8917 0.145557 0.957365 0.096703 0.963891
37 6.5309 3.2121 2.9569 0.092196 0.954260 0.091826 0.963811
38 6.6132 3.3554 2.8897 0.099877 0.961848 0.183115 0.922338
39 6.5691 3.2610 2.9484 0.109989 0.962462 0.147325 0.935709
40 6.6854 3.3322 2.9542 0.110521 0.960905 0.134131 0.940352
41 6.6361 3.3369 2.9361 0.103642 0.961270 0.167974 0.928263
42 6.4793 3.2086 2.9174 0.095508 0.961626 0.104134 0.956605
43 6.5981 3.2936 2.9454 0.100706 0.961412 0.173700 0.926741
44 6.6656 3.3296 2.9326 0.099694 0.962702 0.110483 0.953323
45 6.4811 3.2338 2.8826 0.106242 0.961492 0.127764 0.943715
46 6.3998 3.1583 2.8861 0.102649 0.962889 0.157356 0.932506
47 6.5402 3.2663 2.9149 0.084960 0.958183 0.157853 0.932106
48 6.6253 3.2943 2.9717 0.130266 0.957294 0.094795 0.962930
49 6.5718 3.2250 2.9799 0.093202 0.963031 0.164490 0.930024
