epoch time fwd_time bwd_time loss acc val_loss val_acc
0 7.0913 3.6735 3.0331 0.499053 0.823197 0.468880 0.821377
1 6.6311 3.2803 2.9818 0.492334 0.824336 0.468812 0.821377
2 6.6409 3.2878 2.9760 0.492355 0.824336 0.468809 0.821377
3 6.6183 3.2427 2.9970 0.492352 0.824336 0.468803 0.821377
4 6.7639 3.3610 3.0227 0.492335 0.824336 0.468786 0.821377
5 6.6733 3.3045 2.9811 0.440944 0.824336 0.419781 0.821377
6 6.6037 3.2658 2.9582 0.338324 0.824336 0.339058 0.821377
7 6.6666 3.3032 2.9769 0.297108 0.832866 0.309227 0.870937
8 6.6405 3.2853 2.9750 0.248093 0.877245 0.285129 0.868375
9 6.6559 3.3044 2.9671 0.291968 0.894377 0.231709 0.903122
10 6.5892 3.2604 2.9577 0.245178 0.898718 0.278760 0.876141
11 6.5834 3.2482 2.9614 0.218529 0.898345 0.219431 0.905604
12 6.5958 3.2402 2.9615 0.213253 0.902854 0.219091 0.905845
13 6.7033 3.3614 2.9666 0.209462 0.904660 0.215513 0.907846
14 6.5822 3.2630 2.9377 0.204980 0.906146 0.215182 0.907766
15 6.6220 3.2746 2.9473 0.200665 0.907649 0.212852 0.909848
16 6.5297 3.2354 2.9144 0.196348 0.909517 0.210057 0.911689
17 6.6095 3.2927 2.9363 0.192140 0.911252 0.206731 0.914171
18 6.6778 3.2596 2.9944 0.187789 0.912826 0.205437 0.915612
19 6.5837 3.2471 2.9515 0.182962 0.914409 0.199666 0.919055
20 6.6010 3.2749 2.9345 0.179066 0.916544 0.185418 0.923779
21 6.6151 3.2594 2.9860 0.200118 0.919222 0.179588 0.924420
22 6.6512 3.3299 2.9433 0.215356 0.921757 0.175225 0.928263
23 6.6001 3.2732 2.9467 0.206961 0.922077 0.171779 0.929464
24 6.7746 3.4014 2.9959 0.201647 0.923643 0.168873 0.930504
25 6.5875 3.2521 2.9557 0.194699 0.924550 0.165807 0.931545
26 6.7253 3.3364 3.0109 0.189840 0.925911 0.163148 0.932266
27 6.5495 3.2018 2.9736 0.186419 0.926863 0.160801 0.932746
28 6.7365 3.3271 3.0222 0.183770 0.928046 0.158708 0.933627
29 6.5705 3.2215 2.9643 0.181464 0.928998 0.156767 0.935228
30 6.7521 3.3756 2.9943 0.179557 0.929781 0.154954 0.935949
31 6.5810 3.2236 2.9730 0.180983 0.930795 0.154938 0.935709
32 6.6477 3.2554 3.0072 0.177951 0.931328 0.151720 0.937950
33 6.6590 3.2656 3.0086 0.176961 0.932191 0.150428 0.938110
34 6.6864 3.3256 2.9788 0.175725 0.932867 0.149009 0.938591
35 6.6638 3.2575 3.0225 0.174184 0.933499 0.147450 0.940112
36 6.7014 3.3048 3.0206 0.173200 0.934210 0.147042 0.940753
37 6.6580 3.2849 3.0002 0.171797 0.934771 0.145405 0.942114
38 6.7533 3.3878 2.9831 0.170203 0.935580 0.143057 0.942674
39 6.6069 3.2427 2.9867 0.168477 0.936274 0.140833 0.943715
40 6.6942 3.3050 3.0112 0.166690 0.936790 0.138936 0.944035
41 6.7155 3.3129 3.0028 0.165029 0.937457 0.137376 0.943555
42 6.7857 3.3684 3.0402 0.163518 0.937813 0.136069 0.943795
43 6.6856 3.3079 3.0082 0.162086 0.938222 0.134950 0.944676
44 6.7666 3.3306 3.0451 0.160713 0.938391 0.133981 0.944836
45 6.7039 3.2698 3.0585 0.159391 0.938783 0.133128 0.944996
46 6.5884 3.2021 3.0175 0.158125 0.939165 0.132367 0.945156
47 6.6170 3.1968 3.0022 0.156926 0.939379 0.131680 0.945797
48 6.7525 3.2947 3.0733 0.155786 0.939601 0.131053 0.946037
49 6.6190 3.2276 3.0173 0.154709 0.939752 0.130478 0.945717
