epoch time fwd_time bwd_time loss acc val_loss val_acc
0 6.9060 3.5508 2.9910 0.516557 0.712202 0.468792 0.821377
1 6.7079 3.3539 2.9757 0.492341 0.824336 0.468804 0.821377
2 6.6210 3.2932 2.9544 0.492301 0.824336 0.468789 0.821377
3 6.6873 3.3598 2.9548 0.492250 0.824336 0.468776 0.821377
4 6.6743 3.3362 2.9609 0.492192 0.824336 0.468765 0.821377
5 6.4961 3.1938 2.9332 0.492133 0.824336 0.468757 0.821377
6 6.4992 3.1763 2.9446 0.492075 0.824336 0.468752 0.821377
7 6.6014 3.2362 2.9970 0.492019 0.824336 0.468748 0.821377
8 6.7225 3.3542 2.9997 0.491966 0.824336 0.468747 0.821377
9 6.5770 3.2509 2.9562 0.491915 0.824336 0.468747 0.821377
10 6.5958 3.2517 2.9591 0.491867 0.824336 0.468749 0.821377
11 6.6386 3.2661 2.9926 0.491822 0.824336 0.468752 0.821377
12 6.5869 3.2415 2.9670 0.491780 0.824336 0.468756 0.821377
13 6.4812 3.1756 2.9332 0.491739 0.824336 0.468758 0.821377
14 6.5562 3.2516 2.8912 0.488829 0.824336 0.464820 0.821377
15 6.5421 3.2587 2.9028 0.337254 0.824336 0.348961 0.821377
16 6.6024 3.2268 2.9932 0.337000 0.828356 0.302725 0.839472
17 6.5837 3.2355 2.9730 0.275050 0.869390 0.254309 0.891193
18 6.5988 3.2647 2.9609 0.236310 0.895712 0.272510 0.882946
19 6.4212 3.1577 2.8827 0.244434 0.898434 0.310864 0.873098
20 6.5294 3.2756 2.8694 0.300335 0.898113 0.228521 0.903683
21 6.6550 3.3578 2.9144 0.272759 0.903682 0.243886 0.899680
22 6.6884 3.3231 2.9899 0.252396 0.903691 0.225537 0.902002
23 6.6073 3.2710 2.9603 0.216992 0.905256 0.217543 0.908167
24 6.6323 3.2479 3.0140 0.214942 0.907427 0.214518 0.908887
25 6.6663 3.2877 3.0060 0.211906 0.908814 0.211229 0.910568
26 6.5658 3.2518 2.9425 0.209989 0.910175 0.208144 0.911930
27 6.6143 3.2785 2.9571 0.209675 0.911661 0.205221 0.913371
28 6.6826 3.3627 2.9397 0.229465 0.913084 0.202155 0.914492
29 6.6491 3.2894 2.9827 0.244045 0.915619 0.218464 0.911369
30 6.7282 3.3542 2.9914 0.215817 0.915993 0.265376 0.890152
31 6.6796 3.3480 2.9539 0.224178 0.916776 0.227639 0.907686
32 6.6598 3.2953 2.9914 0.200835 0.918475 0.253434 0.895677
33 6.5502 3.2149 2.9542 0.202980 0.919996 0.235563 0.905204
34 6.6827 3.3088 3.0061 0.195043 0.921668 0.235019 0.905524
35 6.6142 3.2552 2.9862 0.177072 0.924550 0.282743 0.879263
36 6.4340 3.1672 2.8928 0.169193 0.926872 0.301075 0.867734
37 6.6580 3.3079 2.9681 0.166578 0.927646 0.309642 0.865653
38 6.6493 3.2362 3.0286 0.166112 0.928437 0.290592 0.876301
39 6.6588 3.2565 2.9771 0.173646 0.930679 0.259914 0.892634
40 6.6405 3.3090 2.9563 0.184440 0.935064 0.174039 0.928823
41 6.4935 3.1499 2.9605 0.171632 0.937324 0.163479 0.933147
42 6.6565 3.3118 2.9731 0.168724 0.939103 0.161370 0.934508
43 6.5661 3.2334 2.9146 0.166312 0.940099 0.160925 0.935388
44 6.5526 3.2410 2.9428 0.164435 0.940829 0.160281 0.935388
45 6.5237 3.1872 2.9564 0.162778 0.941238 0.159416 0.935068
46 6.6277 3.2383 3.0106 0.160703 0.942038 0.155027 0.936829
47 6.7495 3.3453 3.0210 0.153617 0.942501 0.147980 0.939151
48 6.5966 3.2646 2.9605 0.152274 0.943257 0.145880 0.939792
49 6.6394 3.2761 2.9850 0.167082 0.944600 0.144566 0.937870
