epoch time fwd_time bwd_time loss acc val_loss val_acc
0 6.9298 3.5965 2.9475 0.447061 0.824336 0.431755 0.821377
1 6.6664 3.3435 2.9466 0.327456 0.824336 0.317679 0.821377
2 6.6541 3.3142 2.9600 0.246539 0.872691 0.242754 0.897758
3 6.5994 3.2233 2.9886 0.287176 0.897935 0.229195 0.899520
4 6.5466 3.2137 2.9652 0.211344 0.908307 0.225973 0.902962
5 6.7140 3.3734 2.9261 0.220228 0.909401 0.223442 0.898959
6 6.5776 3.2444 2.9539 0.192252 0.917772 0.299942 0.857086
7 6.5824 3.2289 2.9724 0.186757 0.927423 0.162465 0.931946
8 6.5954 3.2707 2.9366 0.175026 0.929389 0.211300 0.907126
9 6.7223 3.3805 2.9609 0.134040 0.938516 0.133272 0.945797
10 6.5599 3.2461 2.9346 0.143505 0.942972 0.122752 0.950600
11 6.4274 3.1627 2.8748 0.125930 0.945854 0.125164 0.948999
12 6.6584 3.3091 2.9662 0.105930 0.950186 0.120296 0.951001
13 6.5040 3.2103 2.9131 0.111026 0.953237 0.125037 0.948359
14 6.4733 3.1916 2.8995 0.094129 0.953042 0.192111 0.916173
15 6.4335 3.1672 2.8945 0.096135 0.956271 0.129978 0.947318
16 6.5544 3.2479 2.9098 0.103518 0.959046 0.094854 0.961729
17 6.6505 3.2986 2.9664 0.091098 0.953006 0.196660 0.918014
18 6.7163 3.3958 2.9381 0.088761 0.959197 0.199548 0.916093
19 6.4822 3.1794 2.9203 0.085256 0.960380 0.198220 0.916333
20 6.6522 3.3046 2.9679 0.105210 0.961732 0.093255 0.961249
21 6.6901 3.3602 2.9406 0.089349 0.960265 0.182696 0.923779
22 6.5254 3.2075 2.9362 0.102829 0.961697 0.091254 0.962530
23 6.6349 3.2952 2.9404 0.080075 0.956849 0.122648 0.949239
24 6.6655 3.3179 2.9679 0.091633 0.959820 0.132174 0.945156
25 6.6020 3.2558 2.9576 0.089105 0.962666 0.089480 0.964051
26 6.6176 3.3305 2.8821 0.080549 0.961519 0.190719 0.922498
27 6.5205 3.1963 2.9405 0.079734 0.960194 0.144726 0.940272
28 6.5584 3.2126 2.9573 0.096549 0.961875 0.102890 0.957406
29 6.5419 3.2010 2.9551 0.073576 0.961474 0.089441 0.963010
30 6.6150 3.2521 2.9457 0.091796 0.962400 0.129270 0.946037
31 6.4946 3.1792 2.9172 0.072036 0.961359 0.089586 0.963010
32 6.6407 3.3128 2.9371 0.086765 0.960603 0.176930 0.928903
33 6.5511 3.2630 2.8956 0.071558 0.963431 0.090380 0.961489
34 6.6995 3.3799 2.8984 0.087861 0.963191 0.093354 0.961970
35 6.4250 3.1609 2.8874 0.075783 0.962079 0.141459 0.940913
36 6.5994 3.2691 2.9388 0.074938 0.961964 0.087298 0.964131
37 6.6518 3.2857 2.9851 0.071244 0.962907 0.093614 0.961569
38 6.6614 3.3477 2.9324 0.084100 0.965113 0.098567 0.958847
39 6.5977 3.2878 2.9154 0.070890 0.962738 0.103532 0.955965
40 6.6548 3.3002 2.9683 0.072175 0.963013 0.107677 0.953002
41 6.5536 3.2883 2.8809 0.071180 0.962400 0.134649 0.940753
42 6.6956 3.3571 2.9398 0.070734 0.964339 0.094851 0.960689
43 6.6209 3.3033 2.9402 0.076263 0.962542 0.127080 0.942994
44 6.6838 3.3418 2.9537 0.075588 0.964979 0.088207 0.963171
45 6.5961 3.3168 2.8844 0.077541 0.962515 0.123196 0.945877
46 6.5824 3.2273 2.9745 0.076295 0.964490 0.087494 0.963491
47 6.4929 3.2384 2.8885 0.078283 0.962569 0.123052 0.945797
48 6.6033 3.3114 2.9145 0.075289 0.964846 0.089693 0.962370
49 6.6054 3.2574 2.9659 0.077628 0.962738 0.116416 0.949319
