epoch time fwd_time bwd_time loss acc val_loss val_acc
0 6.8366 3.5244 2.9319 0.493160 0.824336 0.468579 0.821377
1 6.5483 3.2324 2.9479 0.396413 0.824336 0.382511 0.821377
2 6.7050 3.3276 2.9953 0.337762 0.824336 0.327780 0.821377
3 6.7198 3.3333 2.9973 0.253868 0.864649 0.262231 0.892554
4 6.5551 3.2123 2.9571 0.243975 0.899030 0.282522 0.865973
5 6.5825 3.2146 2.9333 0.207713 0.908085 0.293179 0.851401
6 6.6560 3.3644 2.9084 0.219983 0.916002 0.186397 0.925460
7 6.5968 3.2366 2.9741 0.178625 0.922024 0.249151 0.879824
8 6.7543 3.3916 2.9778 0.173492 0.922389 0.251914 0.877102
9 6.6309 3.2956 2.9546 0.201106 0.927032 0.158624 0.937390
10 6.5203 3.2673 2.8801 0.188059 0.932271 0.176834 0.922978
11 6.6014 3.2638 2.9558 0.205593 0.931773 0.154765 0.938110
12 6.5691 3.2031 2.9629 0.156842 0.932591 0.165922 0.928343
13 6.7407 3.4002 2.9664 0.199494 0.934735 0.162139 0.930024
14 6.5776 3.2266 2.9608 0.153119 0.933837 0.206052 0.905845
15 6.6782 3.3581 2.9242 0.146962 0.936577 0.183281 0.917054
16 6.4812 3.2104 2.8839 0.173857 0.936434 0.236271 0.886069
17 6.6141 3.3229 2.9069 0.144173 0.938044 0.179862 0.918335
18 6.5867 3.2675 2.9347 0.157458 0.938071 0.212019 0.900480
19 6.6557 3.3073 2.9557 0.143227 0.940410 0.169334 0.924820
20 6.6309 3.2861 2.9675 0.144108 0.939637 0.212874 0.899920
21 6.5426 3.2537 2.9162 0.143521 0.940490 0.215730 0.898479
22 7.0919 3.5465 3.1475 0.140237 0.941140 0.202152 0.906325
23 7.5739 3.8182 3.3453 0.139782 0.941754 0.169526 0.924580
24 6.7936 3.3424 3.0631 0.139579 0.942581 0.169659 0.924660
25 6.7666 3.3628 3.0259 0.139592 0.942714 0.160977 0.928663
26 6.6511 3.2859 2.9891 0.139615 0.943026 0.162321 0.927942
27 6.6958 3.2771 3.0333 0.139526 0.943097 0.159682 0.929143
28 6.7627 3.3946 2.9920 0.137510 0.943017 0.173366 0.922818
29 6.6962 3.3522 2.9555 0.140207 0.943470 0.149081 0.935388
30 6.6749 3.3287 2.9641 0.139407 0.943773 0.154623 0.932826
31 6.8263 3.4122 3.0181 0.139263 0.943648 0.152494 0.933307
32 6.6549 3.2680 2.9983 0.139254 0.943906 0.150509 0.933947
33 6.7155 3.3345 2.9936 0.139285 0.944093 0.148759 0.935388
34 6.7288 3.3409 2.9995 0.139361 0.944138 0.147220 0.936429
35 6.6915 3.3515 2.9502 0.139458 0.944404 0.145259 0.937150
36 6.7148 3.3028 3.0229 0.137484 0.944502 0.147948 0.935949
37 6.5961 3.2827 2.9123 0.139116 0.944387 0.140003 0.940192
38 6.7040 3.3267 2.9572 0.141024 0.944698 0.137911 0.941393
39 6.7955 3.4050 3.0023 0.143135 0.944947 0.137538 0.941393
40 6.6802 3.2999 3.0063 0.144437 0.945027 0.137830 0.941473
41 6.7469 3.3514 3.0151 0.144636 0.945143 0.138061 0.941153
42 6.7540 3.3662 3.0035 0.144292 0.945401 0.138299 0.941313
43 6.6346 3.2288 3.0182 0.143740 0.945561 0.138623 0.940592
44 6.5367 3.2280 2.9342 0.143099 0.945668 0.138965 0.940352
45 6.6874 3.3135 2.9906 0.142441 0.945721 0.139293 0.939712
46 6.6037 3.2348 2.9778 0.141803 0.945774 0.139617 0.939151
47 6.6746 3.3153 2.9802 0.141202 0.945961 0.139954 0.938991
48 6.8182 3.4071 3.0203 0.140654 0.946059 0.140305 0.938911
49 6.7949 3.3983 3.0116 0.140169 0.946201 0.140647 0.938030
