epoch time fwd_time bwd_time loss acc val_loss val_acc
0 6.9488 3.5733 2.9870 0.507219 0.780829 0.468943 0.821377
1 6.6774 3.2921 2.9682 0.492349 0.824336 0.468812 0.821377
2 6.4341 3.1608 2.8779 0.492339 0.824336 0.468799 0.821377
3 6.5679 3.2113 2.9801 0.492302 0.824336 0.468783 0.821377
4 6.5111 3.1897 2.9378 0.492238 0.824336 0.468756 0.821377
5 6.6646 3.3417 2.9389 0.491709 0.824336 0.468333 0.821377
6 6.6143 3.2817 2.9450 0.356885 0.824336 0.353984 0.821377
7 6.6848 3.3236 2.9797 0.339854 0.824336 0.329412 0.821377
8 6.4791 3.2307 2.8815 0.305099 0.826951 0.325223 0.833867
9 6.6623 3.3505 2.9356 0.248357 0.880465 0.234481 0.906966
10 6.6020 3.2699 2.9446 0.248519 0.904927 0.256756 0.882866
11 6.5949 3.3084 2.9042 0.222245 0.911421 0.223561 0.909287
12 6.6668 3.3140 2.9694 0.206701 0.914641 0.260047 0.887350
13 6.7140 3.3725 2.9539 0.195254 0.918421 0.223286 0.902962
14 6.5526 3.2333 2.9482 0.181280 0.922816 0.224391 0.906165
15 6.6513 3.3268 2.9446 0.191935 0.925493 0.285237 0.876301
16 6.5349 3.2227 2.9392 0.161704 0.929211 0.201976 0.916333
17 6.5051 3.2155 2.9130 0.179202 0.929540 0.263222 0.879904
18 6.4336 3.1582 2.9042 0.158294 0.933739 0.208050 0.910649
19 6.6956 3.3341 2.9717 0.152129 0.935198 0.196606 0.911049
20 6.6714 3.3286 2.9583 0.122455 0.944235 0.165431 0.928823
21 6.7367 3.3566 3.0000 0.112182 0.948612 0.141808 0.936589
22 6.6685 3.3203 2.9322 0.106534 0.952899 0.148968 0.941553
23 6.4931 3.1955 2.9203 0.097955 0.954652 0.205496 0.909688
24 6.5721 3.2369 2.9570 0.114850 0.953389 0.122817 0.952202
25 6.6814 3.2998 2.9938 0.115162 0.957392 0.121710 0.950200
26 6.5244 3.1945 2.9082 0.125386 0.957329 0.116062 0.955645
27 6.5359 3.1818 2.9699 0.117996 0.958130 0.098231 0.963171
28 6.6417 3.2777 2.9873 0.085817 0.955897 0.135441 0.944916
29 6.6698 3.2925 2.9933 0.085015 0.957276 0.104902 0.959087
30 6.5609 3.2356 2.9513 0.083621 0.957943 0.099530 0.958927
31 6.5869 3.2459 2.9702 0.086350 0.958655 0.119928 0.953163
32 6.5740 3.2141 2.9697 0.083936 0.959055 0.130350 0.947958
33 6.6947 3.3230 2.9844 0.075910 0.959891 0.095539 0.961009
34 6.7612 3.3710 3.0009 0.079202 0.959571 0.153948 0.938191
35 6.6882 3.3142 2.9880 0.076496 0.959509 0.091519 0.961089
36 6.6510 3.2572 3.0127 0.082241 0.960807 0.099502 0.959728
37 6.6232 3.2562 2.9830 0.074899 0.961225 0.108637 0.956125
38 6.5605 3.2207 2.9573 0.075490 0.961279 0.089559 0.962610
39 6.5558 3.2227 2.9529 0.076176 0.961661 0.091284 0.962290
40 6.7307 3.3611 2.9808 0.078031 0.961937 0.094442 0.961249
41 6.7262 3.3320 3.0105 0.072042 0.962053 0.093766 0.961890
42 6.7419 3.3767 2.9778 0.075086 0.962515 0.112297 0.953002
43 6.6367 3.2942 2.9572 0.071426 0.962533 0.102759 0.957886
44 6.6264 3.2628 2.9814 0.072028 0.962720 0.087572 0.963171
45 6.6812 3.3066 2.9909 0.073229 0.962898 0.114440 0.951641
46 6.6870 3.3010 2.9913 0.071338 0.962880 0.126507 0.947238
47 6.5944 3.1940 3.0207 0.070046 0.962907 0.088104 0.964211
48 6.6492 3.2786 2.9889 0.073019 0.963431 0.109564 0.953803
49 6.7077 3.3216 3.0077 0.069956 0.963734 0.098913 0.959408
