epoch time loss acc val_loss val_acc
0 11.2213 0.466902 0.823766 0.464058 0.824420
1 11.2792 0.447167 0.823998 0.459626 0.824420
2 11.4639 0.363933 0.823962 0.369093 0.824259
3 11.3629 0.345457 0.821738 0.348780 0.822738
4 11.2249 0.286066 0.831078 0.314614 0.875100
5 11.2702 0.204454 0.873589 0.232303 0.897918
6 11.3019 0.178504 0.903548 0.200163 0.914732
7 11.2532 0.183522 0.910576 0.223153 0.901041
8 11.3045 0.164239 0.913289 0.182985 0.921217
9 11.2295 0.152541 0.915762 0.180239 0.920737
10 11.3997 0.149445 0.918510 0.176939 0.923058
11 11.4155 0.148859 0.920663 0.177061 0.921537
12 11.4463 0.145894 0.921784 0.175039 0.923139
13 11.2920 0.144219 0.922940 0.173111 0.924580
14 11.2998 0.141450 0.923927 0.170966 0.924820
15 11.4316 0.137387 0.924648 0.169958 0.926181
16 11.2467 0.133644 0.925493 0.166262 0.928343
17 11.4200 0.129211 0.927192 0.160172 0.932506
18 11.4212 0.126205 0.931471 0.150103 0.936669
19 11.3537 0.122988 0.936843 0.146181 0.938911
20 11.3443 0.117242 0.938658 0.143833 0.939311
21 11.2614 0.113103 0.940161 0.145484 0.938351
22 11.3551 0.112561 0.940909 0.143180 0.939792
23 11.4301 0.111836 0.941594 0.140578 0.940993
24 11.2468 0.110712 0.942519 0.138563 0.941393
25 11.4384 0.109659 0.942946 0.136962 0.941393
26 11.1794 0.108793 0.943711 0.135599 0.942434
27 11.3054 0.108107 0.944520 0.134377 0.943155
28 11.4243 0.107564 0.945249 0.133244 0.943074
29 11.2617 0.107144 0.945730 0.132168 0.943635
30 11.4052 0.106842 0.946130 0.131127 0.944355
31 11.4642 0.106655 0.946735 0.130109 0.944836
32 11.3639 0.106552 0.947295 0.129112 0.946197
33 11.3747 0.106469 0.947749 0.128148 0.946277
34 11.3827 0.106352 0.948265 0.127241 0.946597
35 11.3387 0.106189 0.948647 0.126402 0.946837
36 11.3006 0.106043 0.949039 0.125594 0.947398
37 11.3177 0.105995 0.949324 0.124752 0.947238
38 11.2965 0.105863 0.949626 0.123942 0.948279
39 11.4283 0.105394 0.949902 0.123433 0.948759
40 11.3469 0.105032 0.950258 0.122778 0.949319
41 11.1567 0.104315 0.950498 0.122360 0.949159
42 11.3481 0.103956 0.950800 0.121664 0.949400
43 11.2308 0.103106 0.951023 0.121340 0.948919
44 11.4489 0.102957 0.951325 0.120619 0.949319
45 11.2238 0.102200 0.951530 0.120398 0.949319
46 11.1794 0.102199 0.951850 0.119819 0.949640
47 11.4272 0.101744 0.952117 0.119621 0.949800
48 11.3037 0.101679 0.952295 0.119291 0.949800
49 11.4490 0.101464 0.952419 0.119110 0.949880
