epoch time fwd_time bwd_time loss acc val_loss val_acc
0 13.0576 5.8247 6.8361 0.407218 0.824229 0.467072 0.822338
1 13.0242 5.8183 6.8030 0.412715 0.824229 0.466700 0.822338
2 13.2313 5.8130 7.0043 0.407309 0.821854 0.464054 0.822338
3 13.0487 5.8148 6.8245 0.394437 0.824229 0.453748 0.822338
4 13.6557 6.1482 7.0897 0.327925 0.824229 0.383585 0.822338
5 13.2265 5.9653 6.8430 0.295901 0.827645 0.325461 0.837230
6 13.3659 6.0258 6.9045 0.267161 0.857426 0.282006 0.874059
7 13.3214 5.9757 6.9325 0.247577 0.886345 0.253858 0.891753
8 13.1028 5.8103 6.8758 0.242390 0.893950 0.248033 0.895036
9 12.9104 5.7367 6.7719 0.238830 0.897064 0.242478 0.895837
10 13.0154 5.8097 6.7973 0.232620 0.900373 0.232267 0.900160
11 12.9252 5.7301 6.7896 0.232379 0.901698 0.234412 0.897998
12 13.0369 5.7486 6.8830 0.239063 0.903531 0.234237 0.899119
13 13.2132 5.8727 6.9183 0.244917 0.905087 0.228914 0.901681
14 13.0956 5.7962 6.8374 0.229997 0.907489 0.226938 0.901761
15 12.9818 5.7888 6.7775 0.263286 0.908316 0.210891 0.909287
16 13.1566 5.9214 6.8123 0.254442 0.910522 0.209262 0.909848
17 13.1869 5.9561 6.8188 0.246991 0.912301 0.206460 0.911129
18 12.9950 5.7784 6.7697 0.232058 0.913475 0.203940 0.912570
19 12.9552 5.7347 6.8147 0.205553 0.915406 0.199498 0.914572
20 12.9343 5.7903 6.7359 0.187840 0.917567 0.192141 0.917374
21 12.9903 5.7622 6.8265 0.176709 0.919213 0.179844 0.924740
22 13.0195 5.7612 6.8061 0.235436 0.921383 0.176956 0.923459
23 13.0289 5.8124 6.7987 0.177039 0.923500 0.192023 0.915693
24 13.1580 5.8797 6.8644 0.179207 0.923563 0.168097 0.929303
25 13.0383 5.7834 6.8391 0.181598 0.925680 0.182237 0.919616
26 13.1801 5.8296 6.9465 0.176801 0.927832 0.178678 0.921377
27 12.8307 5.7008 6.7275 0.214105 0.928562 0.164912 0.927142
28 12.8441 5.7469 6.6855 0.163898 0.931542 0.162679 0.936990
29 13.4831 6.0552 7.0087 0.147991 0.937795 0.153505 0.934187
30 13.2671 5.9824 6.8719 0.135974 0.937938 0.120587 0.950681
31 13.0595 5.8506 6.7965 0.151942 0.948861 0.119956 0.951801
32 13.0164 5.8156 6.7829 0.111885 0.950338 0.111039 0.955004
33 12.9641 5.8011 6.7402 0.119392 0.952846 0.133010 0.948679
34 13.2055 5.9160 6.8743 0.127463 0.954883 0.101947 0.958447
35 13.0046 5.7106 6.8929 0.111592 0.957756 0.099764 0.960528
36 12.9397 5.7661 6.7597 0.114107 0.958610 0.106761 0.956685
37 12.9141 5.7527 6.7407 0.113826 0.959429 0.095871 0.960128
38 13.0656 5.9253 6.7260 0.119666 0.960460 0.093128 0.962050
39 13.1293 5.9136 6.8065 0.106378 0.960371 0.093931 0.962050
40 12.9352 5.8433 6.6785 0.111195 0.960736 0.100391 0.959167
41 12.8797 5.7176 6.7501 0.112348 0.961172 0.097169 0.959968
42 13.0365 5.8162 6.8086 0.113322 0.961724 0.092109 0.961569
43 12.9907 5.8005 6.7794 0.108812 0.961955 0.092321 0.962770
44 12.9853 5.8062 6.7655 0.108659 0.961786 0.094102 0.960528
45 13.0488 5.8334 6.8046 0.109656 0.962284 0.089256 0.963411
46 12.9529 5.7567 6.7840 0.100332 0.963351 0.092460 0.962930
47 13.0695 5.8451 6.7804 0.100355 0.964517 0.088432 0.963331
48 12.9889 5.8143 6.7662 0.102700 0.964686 0.090465 0.963090
49 13.1362 5.8804 6.8515 0.108627 0.964801 0.097797 0.961169
