epoch time fwd_time bwd_time loss acc val_loss val_acc
0 13.0206 5.7525 6.8597 0.453773 0.547069 0.490985 0.822338
1 12.7653 5.6607 6.7053 0.407602 0.824229 0.468145 0.822338
2 13.1814 5.8232 6.9510 0.407270 0.824229 0.467754 0.822338
3 12.9518 5.7910 6.7564 0.406858 0.824229 0.467194 0.822338
4 13.0802 5.9173 6.7529 0.406137 0.824229 0.465208 0.822338
5 12.9484 5.7230 6.8048 0.376975 0.824229 0.409099 0.822338
6 12.8597 5.7150 6.7374 0.289695 0.839022 0.313248 0.869896
7 12.9883 5.8187 6.7524 0.265984 0.883694 0.281663 0.883026
8 12.9495 5.7718 6.7715 0.261668 0.889325 0.274275 0.886389
9 12.9481 5.7538 6.7764 0.257234 0.890446 0.270079 0.886789
10 13.0528 5.8175 6.8199 0.253875 0.891006 0.265625 0.887430
11 12.8614 5.7079 6.7392 0.251247 0.891744 0.262740 0.888151
12 13.1332 5.8680 6.8141 0.249227 0.892758 0.259893 0.888791
13 13.0201 5.8401 6.7565 0.247368 0.893079 0.257189 0.889912
14 13.1608 5.9096 6.8419 0.245602 0.893586 0.254606 0.889752
15 13.1640 5.9172 6.8284 0.243912 0.894013 0.252120 0.890793
16 13.1867 5.9549 6.8111 0.242418 0.894466 0.249688 0.891273
17 13.3711 6.0721 6.8779 0.241345 0.895187 0.247225 0.891753
18 12.8526 5.6977 6.7496 0.240744 0.896103 0.244609 0.893355
19 12.7905 5.6765 6.7032 0.241185 0.896921 0.241654 0.895757
20 12.9185 5.7956 6.6898 0.243341 0.897580 0.238353 0.896477
21 12.8688 5.7214 6.7423 0.240881 0.898087 0.233826 0.896958
22 13.1114 5.8709 6.8276 0.239945 0.899190 0.229536 0.898719
23 12.8494 5.7673 6.6709 0.236146 0.900773 0.225377 0.901361
24 13.0559 5.8304 6.8032 0.232773 0.902009 0.221246 0.904003
25 12.9550 5.7779 6.7729 0.234046 0.904714 0.223323 0.903122
26 12.8935 5.7718 6.7119 0.231273 0.906413 0.213637 0.907206
27 12.9329 5.7351 6.7875 0.222978 0.907987 0.212662 0.910488
28 13.0015 5.7842 6.8071 0.214520 0.909508 0.208333 0.912970
29 12.8164 5.7107 6.7063 0.209135 0.911839 0.202685 0.916013
30 12.9106 5.7623 6.7490 0.206202 0.913831 0.199360 0.917614
31 12.9617 5.7311 6.8071 0.214015 0.915441 0.196004 0.916733
32 12.9078 5.7521 6.7388 0.208370 0.916553 0.190861 0.919456
33 13.1195 5.8742 6.8293 0.215449 0.917905 0.187911 0.920657
34 12.8952 5.7558 6.7221 0.218165 0.918911 0.190340 0.918495
35 12.9065 5.7739 6.7135 0.217614 0.919684 0.186119 0.919456
36 13.0631 5.8181 6.8383 0.215958 0.920485 0.184043 0.920496
37 12.9737 5.8010 6.7649 0.209559 0.921205 0.183901 0.921617
38 13.0283 5.8342 6.7821 0.197279 0.922131 0.182235 0.922338
39 13.0388 5.8344 6.7896 0.210332 0.922131 0.178218 0.923539
40 12.9906 5.7879 6.7999 0.203650 0.923456 0.179918 0.923859
41 13.0665 5.8285 6.7854 0.205712 0.923447 0.174325 0.925460
42 12.9736 5.7433 6.8220 0.196752 0.923972 0.172436 0.926661
43 12.8874 5.7250 6.7518 0.195010 0.924559 0.171391 0.926661
44 12.9524 5.7157 6.8234 0.196933 0.925324 0.171283 0.926101
45 12.8332 5.7108 6.7136 0.204827 0.925751 0.171594 0.927062
46 13.0811 5.7698 6.9071 0.204103 0.926116 0.169860 0.927302
47 13.0385 5.8229 6.8034 0.204542 0.926605 0.168989 0.927942
48 13.0163 5.8506 6.7592 0.204137 0.927059 0.168775 0.927862
49 13.0575 5.9004 6.7409 0.201829 0.927708 0.168877 0.927702
