epoch time fwd_time bwd_time loss acc val_loss val_acc
0 13.0390 5.8091 6.8236 0.448236 0.633923 0.487837 0.822338
1 13.1520 5.9133 6.8370 0.407752 0.824229 0.468433 0.822338
2 12.9529 5.7333 6.8186 0.407437 0.824229 0.468057 0.822338
3 13.0669 5.8533 6.8041 0.407095 0.824229 0.467661 0.822338
4 12.9889 5.7334 6.8502 0.406670 0.824229 0.467158 0.822338
5 13.0013 5.7369 6.8542 0.405988 0.824229 0.466206 0.822338
6 13.1134 5.9371 6.7711 0.395784 0.824229 0.452269 0.822338
7 13.1146 5.8008 6.9052 0.335370 0.824229 0.378020 0.822338
8 13.0657 5.7149 6.9418 0.319594 0.824140 0.364212 0.822178
9 12.9919 5.7777 6.8114 0.309506 0.824087 0.353007 0.821617
10 13.0346 5.8821 6.7345 0.299617 0.823500 0.342806 0.822658
11 12.8403 5.6930 6.7518 0.286024 0.827965 0.308024 0.842434
12 12.8434 5.7184 6.7206 0.254473 0.862657 0.267702 0.869656
13 12.9667 5.7745 6.7869 0.250207 0.876943 0.255524 0.876301
14 12.7884 5.6717 6.7075 0.243719 0.883863 0.246926 0.884147
15 13.0525 5.8252 6.8235 0.240423 0.889956 0.240558 0.891833
16 13.0545 5.8260 6.8259 0.231277 0.896788 0.233879 0.901681
17 12.9782 5.8076 6.7634 0.224351 0.901502 0.230106 0.905124
18 12.9569 5.8143 6.7386 0.223679 0.904367 0.224892 0.905604
19 13.0915 5.8926 6.7911 0.221006 0.905959 0.221324 0.906245
20 13.0245 5.7900 6.8214 0.219968 0.907320 0.217652 0.906805
21 12.9163 5.7979 6.7179 0.218817 0.908512 0.213792 0.909768
22 13.0683 5.8199 6.8487 0.217620 0.909811 0.210810 0.910488
23 12.9822 5.8640 6.7204 0.216325 0.910754 0.208116 0.911849
24 12.9427 5.8163 6.6878 0.214980 0.911714 0.205517 0.913131
25 13.0463 5.8308 6.8085 0.213536 0.912995 0.203091 0.913931
26 13.0018 5.7603 6.8243 0.211995 0.914045 0.200793 0.914972
27 13.0169 5.8231 6.7830 0.210399 0.915032 0.198610 0.915612
28 13.0916 5.9131 6.7765 0.208785 0.915904 0.196554 0.916894
29 12.9419 5.7323 6.7868 0.207138 0.916660 0.194630 0.916974
30 12.9355 5.7473 6.7767 0.205432 0.917496 0.192813 0.917374
31 12.9012 5.7573 6.7505 0.203692 0.918297 0.191060 0.918575
32 12.9512 5.7996 6.7511 0.201980 0.918955 0.189340 0.919055
33 13.1079 5.7942 6.8892 0.200317 0.919595 0.187647 0.920176
34 13.8209 6.2087 7.1913 0.198651 0.920218 0.185994 0.920737
35 13.3067 5.9891 6.9092 0.196936 0.920850 0.184368 0.921217
36 13.5120 6.0423 7.0564 0.195210 0.921437 0.182732 0.922018
37 13.5017 6.0526 7.0238 0.193482 0.922202 0.181083 0.922338
38 13.3682 6.0150 6.9458 0.191720 0.922851 0.179458 0.923619
39 13.4720 6.0303 7.0322 0.190015 0.923643 0.177883 0.924660
40 13.5104 6.0755 7.0233 0.188386 0.924346 0.176338 0.924580
41 13.8551 6.2641 7.1729 0.186764 0.924924 0.174778 0.925060
42 13.1704 5.9037 6.8500 0.185156 0.925484 0.173181 0.926181
43 13.1023 5.8335 6.8454 0.183535 0.926062 0.171545 0.926661
44 12.9908 5.8168 6.7649 0.181850 0.926685 0.169871 0.927622
45 12.9437 5.7978 6.7403 0.180072 0.927370 0.168150 0.928022
46 13.0681 5.8690 6.7855 0.178206 0.928215 0.166371 0.928983
47 13.0113 5.7759 6.8341 0.176271 0.929078 0.164527 0.930184
48 12.9586 5.7493 6.7938 0.174290 0.929905 0.162620 0.930424
49 12.8444 5.6944 6.7444 0.172292 0.930786 0.160653 0.930745
