epoch time fwd_time bwd_time loss acc val_loss val_acc
0 13.0809 5.8077 6.8684 0.408001 0.824229 0.466599 0.822338
1 13.0551 5.8557 6.7825 0.353312 0.824229 0.383366 0.822338
2 12.9424 5.7585 6.7847 0.275010 0.827538 0.307717 0.854283
3 13.0393 5.8530 6.7684 0.236884 0.875235 0.258152 0.887670
4 13.0559 5.8455 6.7976 0.227870 0.892234 0.241160 0.895837
5 12.9931 5.8058 6.7791 0.223109 0.897055 0.238697 0.896237
6 12.9859 5.8282 6.7333 0.234361 0.901511 0.229242 0.900000
7 12.9388 5.7438 6.7733 0.213560 0.905185 0.216917 0.905765
8 13.0520 5.8203 6.8148 0.204230 0.907187 0.204062 0.912890
9 12.9717 5.7956 6.7624 0.194237 0.910549 0.203826 0.909287
10 13.1254 5.9067 6.7908 0.186212 0.911243 0.191837 0.916813
11 12.9408 5.8016 6.7367 0.170297 0.919168 0.196081 0.912010
12 13.0045 5.7586 6.8297 0.157919 0.922273 0.165363 0.926581
13 13.0889 5.7848 6.8832 0.157495 0.924879 0.156843 0.932026
14 13.0510 5.7581 6.8858 0.181671 0.925938 0.177707 0.923299
15 13.0585 5.8219 6.8306 0.125891 0.937030 0.123276 0.948439
16 13.0561 5.8587 6.7903 0.140160 0.942625 0.130863 0.944035
17 13.0758 5.7964 6.8696 0.198451 0.925119 0.170634 0.927062
18 13.0985 5.7929 6.8920 0.135836 0.935918 0.128412 0.945316
19 13.0408 5.8314 6.8044 0.184858 0.942056 0.113432 0.952042
20 12.9956 5.8097 6.7476 0.096872 0.954180 0.103319 0.956605
21 13.1093 5.8428 6.8464 0.105850 0.957525 0.099167 0.958287
22 12.9090 5.7628 6.7392 0.116169 0.954136 0.104987 0.957166
23 12.8645 5.7134 6.7470 0.116994 0.956511 0.120245 0.948359
24 13.1629 5.8265 6.8929 0.109558 0.957294 0.115641 0.955564
25 12.8921 5.7204 6.7585 0.095883 0.959144 0.099133 0.959408
26 13.1864 5.8529 6.9224 0.108082 0.960318 0.090938 0.962610
27 13.0688 5.7427 6.9132 0.129575 0.960478 0.097139 0.959408
28 12.9333 5.7467 6.7743 0.125102 0.960496 0.105969 0.956285
29 12.8852 5.7266 6.7536 0.096116 0.958690 0.095377 0.960769
30 13.1628 5.9377 6.8207 0.105238 0.959998 0.098224 0.958287
31 12.9036 5.7253 6.7688 0.136031 0.961910 0.091166 0.962450
32 13.1297 5.8493 6.8175 0.096658 0.962462 0.091659 0.962530
33 13.0176 5.8042 6.8119 0.089873 0.963085 0.091505 0.962210
34 12.9903 5.7850 6.7924 0.088439 0.963556 0.088268 0.963571
35 12.9914 5.7798 6.8015 0.084886 0.963609 0.097975 0.958847
36 13.0368 5.8484 6.7757 0.085275 0.961439 0.087246 0.963171
37 12.8717 5.7415 6.7272 0.082452 0.962951 0.088626 0.962530
38 13.1050 5.8556 6.8347 0.083036 0.962987 0.086511 0.963331
39 12.9474 5.8204 6.7154 0.086917 0.963245 0.089895 0.961409
40 13.0629 5.8680 6.7764 0.088820 0.963600 0.083138 0.964932
41 12.9513 5.7463 6.7909 0.093476 0.960585 0.089769 0.961729
42 13.1516 5.9232 6.7994 0.082855 0.964953 0.084104 0.965252
43 13.0863 5.8695 6.8062 0.088917 0.963823 0.088101 0.962370
44 13.0040 5.7390 6.8560 0.088278 0.964312 0.090475 0.962690
45 12.9736 5.7454 6.8173 0.087023 0.964045 0.086897 0.963491
46 12.9629 5.7832 6.7701 0.083008 0.964365 0.087373 0.963571
47 13.1192 5.8729 6.8230 0.081807 0.966278 0.086352 0.965012
48 12.9738 5.7809 6.7818 0.078254 0.964837 0.090577 0.962530
49 13.1255 5.8260 6.8406 0.083322 0.965157 0.090785 0.961729
