epoch time fwd_time bwd_time loss acc val_loss val_acc
0 13.0544 5.8267 6.8251 0.408124 0.818518 0.465970 0.822338
1 13.0491 5.7873 6.8551 0.333122 0.824211 0.360284 0.823379
2 12.8859 5.7353 6.7371 0.252490 0.845515 0.297964 0.871817
3 12.9315 5.7629 6.7612 0.251062 0.881790 0.259030 0.889752
4 12.8755 5.7467 6.7186 0.231218 0.891264 0.248972 0.894155
5 13.0610 5.8546 6.7928 0.234752 0.893399 0.243884 0.895596
6 13.0350 5.8336 6.7821 0.248975 0.895569 0.237564 0.897838
7 13.1433 5.9174 6.8138 0.240833 0.898656 0.239519 0.897038
8 12.9592 5.7877 6.7606 0.215139 0.900684 0.215408 0.904323
9 12.8735 5.7258 6.7460 0.237377 0.904393 0.229923 0.898719
10 13.0578 5.8687 6.7809 0.228530 0.907204 0.206370 0.908567
11 12.9322 5.7693 6.7591 0.214164 0.912017 0.238095 0.902162
12 12.9313 5.7078 6.7642 0.226194 0.914258 0.194352 0.915773
13 13.2710 6.0037 6.8517 0.178483 0.920627 0.206206 0.906005
14 13.0085 5.8729 6.7252 0.196236 0.917087 0.185123 0.921537
15 12.9166 5.7377 6.7669 0.250020 0.923794 0.182894 0.922018
16 13.0064 5.8000 6.7567 0.209709 0.928642 0.173771 0.922658
17 13.0299 5.7740 6.8429 0.183059 0.932129 0.160126 0.930905
18 13.0581 5.8750 6.7626 0.167289 0.934175 0.190681 0.917774
19 13.0028 5.7928 6.7977 0.167756 0.937777 0.184224 0.924980
20 12.9437 5.7533 6.7798 0.189827 0.941478 0.135135 0.939952
21 13.0305 5.8697 6.7440 0.138374 0.940037 0.127215 0.947398
22 12.9718 5.7576 6.8081 0.132596 0.950453 0.117226 0.951962
23 13.0952 5.8525 6.8351 0.131982 0.952526 0.099619 0.960048
24 13.1299 5.8665 6.8385 0.111382 0.955248 0.118886 0.948279
25 12.9550 5.7754 6.7741 0.129093 0.955550 0.157175 0.932506
26 12.9469 5.8236 6.7090 0.143754 0.956386 0.102633 0.956205
27 12.9169 5.7494 6.7715 0.131938 0.957196 0.095962 0.959568
28 13.0827 5.9000 6.7886 0.120989 0.957142 0.115208 0.951081
29 13.1356 5.8852 6.8293 0.117270 0.958672 0.155563 0.932986
30 12.9954 5.8335 6.7508 0.113784 0.958068 0.089759 0.963651
31 12.9051 5.7762 6.7286 0.133693 0.960496 0.098856 0.958767
32 12.9317 5.7531 6.7713 0.108596 0.960950 0.092803 0.960288
33 12.9180 5.7630 6.7451 0.116876 0.962675 0.093498 0.960929
34 13.0689 5.8392 6.8251 0.100804 0.960736 0.106552 0.955324
35 12.9430 5.7840 6.7566 0.114832 0.963156 0.092832 0.962130
36 12.9757 5.8633 6.6994 0.098570 0.962239 0.098054 0.959408
37 12.9206 5.7654 6.7455 0.106376 0.963645 0.087267 0.963811
38 12.9236 5.7882 6.7066 0.112916 0.962382 0.085350 0.964532
39 13.1023 5.8983 6.7806 0.102268 0.963796 0.087935 0.963171
40 12.9398 5.6698 6.8683 0.099599 0.964090 0.092080 0.962050
41 13.6530 6.0834 7.1110 0.131286 0.964081 0.098033 0.958607
42 12.9093 5.7670 6.7268 0.098677 0.964232 0.086045 0.964291
43 12.9090 5.7306 6.7744 0.099591 0.965540 0.096556 0.958367
44 13.0138 5.7780 6.8179 0.121009 0.963912 0.083752 0.966053
45 12.8797 5.7660 6.7132 0.097015 0.964152 0.092910 0.961409
46 12.9828 5.7845 6.7922 0.091423 0.965291 0.088425 0.963571
47 13.0396 5.8855 6.7398 0.119777 0.964339 0.079306 0.967814
48 13.1089 5.8806 6.8169 0.101972 0.964579 0.084342 0.965172
49 13.0150 5.7753 6.8111 0.096359 0.965380 0.082384 0.966053
