epoch time fwd_time bwd_time loss acc val_loss val_acc
0 13.0558 5.7969 6.8629 0.406947 0.804428 0.465536 0.822338
1 13.1160 5.8395 6.8632 0.373620 0.824229 0.430542 0.822338
2 13.1398 5.9743 6.7593 0.294670 0.825448 0.335719 0.825380
3 13.0890 5.8481 6.8020 0.269162 0.842900 0.289511 0.862450
4 12.9223 5.7610 6.7543 0.259810 0.883312 0.261522 0.882786
5 12.9932 5.7649 6.8175 0.260675 0.892118 0.247946 0.891753
6 13.1472 5.9138 6.8140 0.242567 0.895320 0.239634 0.896958
7 12.9674 5.7745 6.7349 0.231487 0.898140 0.232811 0.899039
8 12.9702 5.8794 6.6818 0.220185 0.901058 0.226107 0.902482
9 12.8510 5.6956 6.7510 0.213262 0.902961 0.218984 0.905124
10 13.0190 5.7832 6.8329 0.215841 0.905772 0.211901 0.907846
11 12.9684 5.8189 6.7360 0.205429 0.907444 0.212842 0.906085
12 12.9373 5.7237 6.7987 0.198923 0.909846 0.208573 0.907526
13 13.0061 5.8232 6.7756 0.204472 0.913182 0.192014 0.919856
14 12.9663 5.8121 6.7401 0.200271 0.915593 0.206605 0.910729
15 13.0102 5.8399 6.7564 0.180795 0.918128 0.186976 0.918655
16 12.9347 5.7705 6.7506 0.188084 0.919871 0.204451 0.912810
17 13.1147 5.7738 6.9319 0.178300 0.921375 0.194656 0.917134
18 12.9615 5.7758 6.7679 0.195821 0.924417 0.180832 0.923299
19 13.0202 5.8155 6.7980 0.168508 0.924817 0.182370 0.922498
20 13.1119 5.8803 6.8297 0.172333 0.928206 0.165326 0.929944
21 12.9263 5.8077 6.7077 0.163058 0.928464 0.180122 0.923219
22 13.0255 5.7680 6.8452 0.164586 0.930848 0.184016 0.923219
23 12.9035 5.8301 6.6566 0.193238 0.931426 0.161812 0.929303
24 13.0209 5.8622 6.7532 0.183173 0.932645 0.168083 0.927062
25 13.1142 5.8824 6.8114 0.151357 0.933365 0.144851 0.937390
26 12.9787 5.7702 6.8031 0.144924 0.936381 0.173732 0.924820
27 13.0427 5.7760 6.8627 0.170337 0.935287 0.144411 0.938351
28 12.9695 5.7948 6.7576 0.134283 0.936505 0.143494 0.937550
29 14.1921 6.4201 7.3346 0.148296 0.939485 0.150525 0.935228
30 13.4510 6.0000 7.0214 0.150364 0.937012 0.134703 0.942354
31 13.2245 5.9119 6.8962 0.136955 0.936568 0.139881 0.940592
32 13.2488 5.9567 6.8504 0.145248 0.938605 0.149401 0.937790
33 13.0613 5.8874 6.7681 0.139272 0.942430 0.117299 0.951962
34 13.1371 5.8956 6.8271 0.115651 0.947206 0.114338 0.952122
35 12.8815 5.7600 6.7117 0.102795 0.954020 0.117418 0.951321
36 12.9748 5.8231 6.7465 0.096238 0.956724 0.101008 0.958927
37 13.0204 5.8418 6.7725 0.139158 0.955150 0.104855 0.957086
38 13.1603 5.8882 6.8645 0.088777 0.958263 0.105136 0.956605
39 13.0433 5.7594 6.8785 0.085453 0.958486 0.110488 0.953163
40 13.0024 5.8364 6.7629 0.090080 0.960434 0.119474 0.950040
41 12.9235 5.7274 6.7834 0.084586 0.960247 0.116373 0.950280
42 13.1890 5.9499 6.8186 0.084971 0.960674 0.115303 0.950921
43 13.2602 5.9907 6.8580 0.085913 0.960878 0.114778 0.951401
44 13.0772 5.8657 6.8000 0.088038 0.961350 0.113191 0.951721
45 13.0158 5.8142 6.7847 0.095574 0.961510 0.109356 0.952282
46 13.0231 5.8368 6.7708 0.098757 0.961839 0.104879 0.955004
47 13.1606 5.9142 6.8318 0.101078 0.962222 0.100391 0.957006
48 13.0193 5.8651 6.7464 0.103668 0.962613 0.095183 0.960208
49 13.0765 5.8332 6.8263 0.103046 0.962675 0.094901 0.959888
