epoch time fwd_time bwd_time loss acc val_loss val_acc
0 13.0419 5.8136 6.8228 0.400652 0.824229 0.458263 0.822338
1 13.1086 5.8457 6.8529 0.279196 0.830500 0.310603 0.845957
2 13.1282 5.8398 6.8706 0.260691 0.870662 0.274856 0.888151
3 13.0824 5.8571 6.8143 0.249024 0.886167 0.268987 0.890472
4 13.3462 5.8809 7.0515 0.238733 0.893817 0.247741 0.896717
5 13.1142 5.8770 6.8272 0.225089 0.897784 0.230195 0.902482
6 12.9010 5.7587 6.7425 0.219536 0.898603 0.228318 0.901361
7 12.9061 5.7343 6.7614 0.218698 0.901262 0.217237 0.907446
8 12.9233 5.7332 6.7764 0.205551 0.903886 0.208225 0.911129
9 13.0872 5.8808 6.7852 0.218462 0.903735 0.208619 0.910568
10 13.0898 5.7951 6.8868 0.220018 0.906404 0.208287 0.908327
11 13.0566 5.7826 6.8679 0.198224 0.910229 0.214212 0.905364
12 12.9112 5.7454 6.7522 0.216409 0.910362 0.199712 0.914331
13 13.0814 5.8161 6.8545 0.198661 0.913520 0.199225 0.911689
14 13.0198 5.8228 6.7756 0.183339 0.916286 0.197822 0.913451
15 13.0256 5.8285 6.7774 0.179866 0.918030 0.183646 0.921057
16 12.9926 5.7586 6.8224 0.190606 0.919675 0.202847 0.911129
17 12.9623 5.7737 6.7780 0.170288 0.923269 0.173174 0.925540
18 12.9933 5.7941 6.7963 0.188150 0.924301 0.185346 0.918655
19 13.1237 5.9121 6.7949 0.171999 0.928722 0.161609 0.931385
20 12.9654 5.7949 6.7493 0.192825 0.929781 0.212912 0.908647
21 12.9750 5.8213 6.7461 0.163572 0.932200 0.153619 0.933707
22 13.0214 5.8487 6.7631 0.155845 0.927512 0.148208 0.936829
23 13.0510 5.8739 6.7715 0.189349 0.939601 0.162232 0.929864
24 12.9234 5.7322 6.7795 0.155135 0.934086 0.137210 0.941633
25 13.0362 5.8199 6.8135 0.278174 0.945178 0.461367 0.850120
26 12.9938 5.7711 6.8176 0.127503 0.919836 0.122077 0.949319
27 13.1079 5.8319 6.8565 0.125294 0.947100 0.139270 0.939632
28 13.0746 5.8728 6.7983 0.127363 0.943079 0.137553 0.938671
29 13.1578 5.8888 6.8497 0.129904 0.951654 0.124285 0.947558
30 12.9473 5.7671 6.7732 0.131999 0.951369 0.136173 0.938511
31 13.0121 5.8786 6.7143 0.119994 0.953896 0.096999 0.961809
32 12.9550 5.7898 6.7505 0.111975 0.949510 0.098841 0.959968
33 13.0160 5.8889 6.7201 0.160963 0.958326 0.140375 0.935709
34 13.0748 5.8158 6.8460 0.104284 0.953789 0.115074 0.951801
35 13.1214 5.8999 6.8040 0.111897 0.961323 0.091181 0.964532
36 12.8714 5.7213 6.7495 0.131350 0.960754 0.092073 0.962850
37 13.0223 5.8084 6.7897 0.098873 0.960594 0.097500 0.959968
38 13.0877 5.8419 6.8414 0.135650 0.961225 0.090390 0.963331
39 12.9397 5.7692 6.7648 0.138422 0.960727 0.135520 0.943875
40 13.0207 5.7376 6.8707 0.108680 0.956831 0.123252 0.946677
41 13.0010 5.8289 6.7580 0.106924 0.962133 0.090174 0.961649
42 13.1371 5.7421 6.9760 0.119129 0.961617 0.096388 0.961009
43 12.9514 5.7755 6.7771 0.138500 0.961457 0.092002 0.961970
44 13.1777 5.9162 6.8522 0.106412 0.962008 0.085555 0.963971
45 13.0936 5.7982 6.8774 0.098021 0.957747 0.109615 0.952682
46 13.1226 5.7984 6.9139 0.096273 0.963512 0.085766 0.964772
47 12.9423 5.7216 6.8038 0.110560 0.963725 0.095664 0.960769
48 13.0827 5.8284 6.8584 0.096625 0.963342 0.083880 0.965412
49 12.8595 5.7030 6.7492 0.109229 0.963280 0.096967 0.960448
