epoch time fwd_time bwd_time loss acc val_loss val_acc
0 13.0933 5.7963 6.9017 0.353284 0.824229 0.466328 0.822338
1 13.1084 5.8246 6.8328 0.380075 0.820724 0.434119 0.822338
2 13.0879 5.8231 6.8520 0.304921 0.823704 0.340381 0.823139
3 12.8789 5.6920 6.7892 0.266139 0.846672 0.276054 0.882786
4 12.9798 5.7582 6.8051 0.240428 0.888168 0.250338 0.894075
5 13.0165 5.8072 6.7996 0.234936 0.894199 0.240257 0.896397
6 13.0223 5.7794 6.8440 0.225562 0.896379 0.230132 0.898159
7 12.9079 5.7874 6.7087 0.240781 0.899021 0.239479 0.896077
8 13.0858 5.8367 6.8436 0.213753 0.902935 0.216696 0.905845
9 13.0159 5.7927 6.8101 0.213338 0.906466 0.224567 0.901601
10 13.0067 5.8132 6.7741 0.202006 0.909828 0.216334 0.906485
11 12.9782 5.8119 6.7477 0.220644 0.911234 0.212428 0.907126
12 13.1013 5.8433 6.8513 0.239774 0.913867 0.193804 0.918014
13 12.9148 5.7456 6.7732 0.220763 0.915948 0.193546 0.917134
14 13.0973 5.8332 6.8554 0.199205 0.918243 0.197779 0.914171
15 13.4030 6.0431 6.9461 0.179802 0.921108 0.194479 0.915372
16 14.0886 6.4406 7.2290 0.183718 0.925662 0.183973 0.923459
17 12.9247 5.7159 6.8002 0.185760 0.928277 0.174460 0.926101
18 13.1054 5.7989 6.8759 0.198539 0.930154 0.153843 0.936509
19 13.1191 5.8803 6.8283 0.154898 0.927299 0.152257 0.937790
20 13.1041 5.7801 6.9050 0.145231 0.935749 0.144900 0.939071
21 13.0736 5.8679 6.8058 0.172463 0.939023 0.137953 0.942674
22 13.0303 5.8280 6.7997 0.143542 0.940633 0.142114 0.940993
23 13.0426 5.8050 6.8294 0.173698 0.944876 0.122911 0.947878
24 13.0106 5.7567 6.8561 0.144800 0.946779 0.116152 0.951962
25 13.0515 5.8630 6.7771 0.132570 0.950017 0.110667 0.954524
26 13.1541 5.9089 6.8394 0.133376 0.952917 0.104335 0.956365
27 12.9136 5.7464 6.7599 0.131170 0.954207 0.101359 0.958127
28 12.9412 5.7495 6.7787 0.121542 0.955826 0.101485 0.957166
29 12.9256 5.7420 6.7835 0.118891 0.957890 0.095782 0.960689
30 13.1928 5.9251 6.8162 0.117185 0.958779 0.093317 0.962050
31 13.0226 5.8238 6.7947 0.131965 0.958779 0.096357 0.960689
32 13.0264 5.8184 6.7917 0.119544 0.960060 0.090552 0.963331
33 13.0426 5.7687 6.8573 0.118767 0.960318 0.089445 0.963811
34 13.1356 5.8564 6.8189 0.112502 0.961021 0.090271 0.963090
35 13.0672 5.8163 6.8259 0.105596 0.961821 0.094590 0.962690
36 13.0149 5.8140 6.7989 0.100284 0.962355 0.095764 0.961970
37 13.1226 5.8645 6.8431 0.103154 0.962471 0.094682 0.962450
38 12.9830 5.8161 6.7247 0.093287 0.962195 0.101799 0.959007
39 13.5084 6.0302 7.0559 0.113157 0.962586 0.086374 0.963571
40 13.0170 5.8222 6.7757 0.082891 0.963298 0.110501 0.955885
41 13.0518 5.8175 6.8206 0.087666 0.964045 0.100828 0.960448
42 12.9884 5.7879 6.7932 0.081160 0.964392 0.112098 0.955725
43 13.0951 5.9488 6.7274 0.078290 0.964410 0.115602 0.954524
44 13.0531 5.8316 6.8063 0.082640 0.964561 0.104958 0.957966
45 12.9260 5.7855 6.7217 0.080735 0.964517 0.109310 0.955645
46 12.9684 5.8066 6.7525 0.087478 0.964997 0.089645 0.964291
47 13.0549 5.8575 6.7806 0.089831 0.964365 0.085192 0.964932
48 12.9087 5.7133 6.7975 0.090816 0.964872 0.084149 0.965572
49 13.1283 5.9262 6.7970 0.091226 0.965264 0.083352 0.965973
