epoch time fwd_time bwd_time loss acc val_loss val_acc
0 13.2713 5.9219 6.9544 0.404394 0.818518 0.462675 0.822338
1 13.1362 5.8436 6.8810 0.284067 0.834663 0.304634 0.857806
2 12.8890 5.6621 6.8249 0.266406 0.879362 0.267685 0.885909
3 13.0376 5.7440 6.8847 0.246940 0.890383 0.259206 0.892554
4 12.9327 5.8006 6.7208 0.230594 0.895480 0.243006 0.895837
5 13.1586 5.9109 6.8298 0.224933 0.898238 0.232084 0.899840
6 12.9664 5.8011 6.7512 0.215674 0.900239 0.223670 0.902802
7 13.0992 5.7898 6.8863 0.237388 0.902045 0.219140 0.906245
8 13.0837 5.8292 6.8280 0.255600 0.904082 0.222772 0.902162
9 13.0406 5.7394 6.8763 0.235447 0.906288 0.235912 0.895997
10 13.0598 5.8387 6.8092 0.259949 0.906822 0.210944 0.909768
11 13.1569 5.8051 6.9246 0.193857 0.911607 0.207820 0.912650
12 13.1118 5.8967 6.7963 0.198801 0.909019 0.202750 0.914652
13 13.1525 5.9151 6.7844 0.237712 0.912479 0.194550 0.918094
14 13.0494 5.7723 6.8487 0.214352 0.914765 0.221543 0.905364
15 13.2362 5.9669 6.8445 0.188143 0.916447 0.210385 0.912490
16 13.0907 5.8461 6.8287 0.247893 0.917896 0.197040 0.914091
17 13.1178 5.8937 6.8178 0.237265 0.919080 0.197110 0.913691
18 13.0719 5.8039 6.8549 0.216871 0.920743 0.199566 0.913131
19 13.0639 5.7678 6.8896 0.175980 0.923901 0.190248 0.918735
20 13.1582 5.9210 6.8294 0.206387 0.926240 0.182724 0.916974
21 13.1651 5.9700 6.7922 0.155354 0.930937 0.149044 0.936269
22 13.0254 5.8200 6.7981 0.168507 0.933792 0.159376 0.927782
23 13.1302 5.9062 6.8016 0.136210 0.937288 0.136102 0.941393
24 13.0154 5.7776 6.8291 0.129625 0.940001 0.131654 0.941633
25 13.0463 5.8238 6.8281 0.164699 0.941247 0.157131 0.933627
26 13.0697 5.8529 6.8073 0.144940 0.945739 0.151731 0.939712
27 12.9561 5.7475 6.7952 0.121592 0.945116 0.132568 0.941954
28 12.9322 5.7376 6.7793 0.118386 0.952001 0.115124 0.955404
29 13.0154 5.8183 6.7799 0.167314 0.948665 0.107303 0.956605
30 13.0445 5.7605 6.8613 0.148170 0.950862 0.114938 0.951962
31 13.0127 5.8426 6.7543 0.150122 0.953104 0.099272 0.959408
32 12.8981 5.7160 6.7827 0.108992 0.956502 0.105001 0.959007
33 13.1006 5.8849 6.8027 0.110133 0.956315 0.111868 0.953403
34 12.8816 5.6780 6.7987 0.105601 0.957596 0.096262 0.961409
35 13.2441 5.9778 6.8593 0.096311 0.957098 0.092635 0.962530
36 13.0681 5.8912 6.7648 0.129655 0.957632 0.118951 0.950841
37 12.9400 5.7908 6.7534 0.123802 0.959010 0.102048 0.960288
38 13.0234 5.7701 6.8434 0.119901 0.959544 0.097690 0.961169
39 13.0272 5.7758 6.8381 0.131384 0.959491 0.091533 0.962690
40 13.1720 5.9125 6.8459 0.125182 0.959251 0.087011 0.965012
41 13.1151 5.8769 6.8313 0.108667 0.961528 0.094289 0.961649
42 13.0971 5.7890 6.8952 0.099412 0.963556 0.086121 0.964371
43 13.0687 5.8030 6.8554 0.122341 0.961430 0.092981 0.962610
44 13.1391 5.8853 6.8357 0.101526 0.962755 0.091519 0.962690
45 12.9406 5.7375 6.7823 0.099699 0.963956 0.086519 0.964051
46 13.0280 5.7726 6.8020 0.091637 0.965317 0.100645 0.956765
47 12.8871 5.7277 6.7463 0.094614 0.964463 0.081250 0.966453
48 13.2954 6.0629 6.8139 0.101670 0.964695 0.080506 0.966853
49 13.1231 5.8873 6.8230 0.096718 0.965006 0.081202 0.966613
