epoch time loss acc val_loss val_acc
0 11.3968 0.360073 0.821818 0.359700 0.824420
1 11.6353 0.331782 0.824576 0.328953 0.831785
2 11.5252 0.319099 0.836238 0.327297 0.825861
3 11.1924 0.194185 0.866126 0.205762 0.917854
4 11.4473 0.168548 0.876729 0.179649 0.923539
5 11.9091 0.165111 0.906208 0.187019 0.918415
6 11.9599 0.142102 0.920565 0.172857 0.925861
7 11.5092 0.143108 0.913244 0.175397 0.925140
8 11.4704 0.143474 0.926053 0.166711 0.929143
9 11.3670 0.145699 0.926347 0.164750 0.930104
10 11.2852 0.146418 0.926970 0.164260 0.930584
11 11.2128 0.147595 0.927254 0.164378 0.930825
12 11.3779 0.153128 0.927370 0.167710 0.928743
13 11.4104 0.136240 0.927076 0.162067 0.928663
14 11.4628 0.135122 0.925333 0.162959 0.930104
15 11.2863 0.139830 0.922762 0.164511 0.930104
16 11.4551 0.144580 0.923927 0.159834 0.929143
17 11.2430 0.148564 0.926507 0.162546 0.930184
18 11.3324 0.138749 0.924194 0.160695 0.926982
19 11.3494 0.145880 0.927619 0.158809 0.931225
20 11.4256 0.146375 0.928153 0.158795 0.931865
21 11.3198 0.146818 0.928090 0.158293 0.931545
22 11.3303 0.146751 0.928375 0.158024 0.931305
23 11.2282 0.145475 0.928509 0.157752 0.931385
24 11.2693 0.142284 0.928793 0.158072 0.929944
25 11.2326 0.136975 0.928704 0.159888 0.928663
26 11.3751 0.132393 0.928802 0.162035 0.926902
27 11.2527 0.132056 0.929612 0.160415 0.927062
28 11.4520 0.106603 0.939770 0.124434 0.948359
29 11.2198 0.114315 0.939468 0.138750 0.941633
30 11.3729 0.111400 0.946762 0.127795 0.946837
31 11.3053 0.107971 0.947856 0.131110 0.945396
32 11.4997 0.097792 0.949412 0.129919 0.946517
33 11.5788 0.100019 0.947091 0.123867 0.948999
34 11.5016 0.104489 0.945463 0.123536 0.947718
35 11.4658 0.093447 0.948870 0.125400 0.948199
36 11.3025 0.101129 0.944298 0.120855 0.950200
37 11.3981 0.101815 0.949324 0.119215 0.950600
38 11.3322 0.104476 0.948283 0.116850 0.950921
39 11.4129 0.106267 0.949235 0.122308 0.948359
40 11.2017 0.106447 0.949911 0.120172 0.949560
41 11.3828 0.093221 0.949430 0.121102 0.950921
42 11.3973 0.095073 0.947286 0.127647 0.946918
43 11.2360 0.097428 0.951663 0.123770 0.948359
44 11.3402 0.093343 0.948176 0.113533 0.952122
45 11.3182 0.103050 0.949581 0.121097 0.948999
46 11.2619 0.093806 0.950026 0.135761 0.943795
47 11.3399 0.092244 0.950480 0.138311 0.942594
48 11.3656 0.095250 0.950578 0.133828 0.943635
49 11.4397 0.093616 0.950471 0.132577 0.944115
