epoch time fwd_time bwd_time loss acc val_loss val_acc
0 13.0850 5.8194 6.8713 0.400455 0.812861 0.458694 0.822338
1 12.9511 5.7590 6.7790 0.281469 0.830989 0.306148 0.855404
2 12.8921 5.7125 6.7715 0.270470 0.871757 0.267574 0.886309
3 13.0664 5.8662 6.7823 0.246758 0.888311 0.259896 0.891994
4 13.0638 5.8945 6.7558 0.225686 0.893621 0.243571 0.895036
5 13.0112 5.8138 6.7917 0.221391 0.894431 0.242265 0.895196
6 12.8699 5.7306 6.7179 0.240728 0.896708 0.232574 0.899840
7 13.1514 5.8975 6.8247 0.229043 0.899857 0.241662 0.896717
8 12.9436 5.7246 6.8115 0.236593 0.901547 0.234224 0.899520
9 13.0702 5.8571 6.8101 0.195551 0.904438 0.207725 0.911369
10 13.0901 5.9121 6.7683 0.192177 0.907275 0.200317 0.915853
11 13.0630 5.8082 6.8490 0.190707 0.910193 0.213540 0.908487
12 13.2099 6.0064 6.7896 0.201008 0.913742 0.191449 0.918175
13 12.9986 5.7781 6.8133 0.161574 0.917968 0.187332 0.919456
14 12.9778 5.7579 6.7798 0.186101 0.914498 0.176887 0.927782
15 13.0165 5.8292 6.7757 0.175442 0.923109 0.221670 0.905765
16 13.1461 5.9016 6.8342 0.156627 0.926080 0.149693 0.940112
17 13.1545 5.9396 6.8078 0.170804 0.931462 0.164882 0.936589
18 13.0828 5.8277 6.8023 0.219683 0.927317 0.233050 0.911609
19 12.9243 5.8062 6.7070 0.168819 0.933045 0.118350 0.954043
20 12.9543 5.7780 6.7668 0.105458 0.951912 0.115449 0.952602
21 13.0698 5.7980 6.8607 0.096999 0.952873 0.108697 0.955484
22 12.9890 5.7460 6.8277 0.123150 0.957365 0.109322 0.953483
23 13.0245 5.8379 6.7761 0.093022 0.959171 0.095237 0.959568
24 13.1573 5.7549 6.9836 0.093834 0.959429 0.096137 0.959968
25 13.0895 5.8304 6.8477 0.105065 0.960985 0.128995 0.949319
26 13.2292 5.9404 6.8433 0.099407 0.960469 0.108864 0.954924
27 13.0333 5.8054 6.8255 0.142341 0.959464 0.099520 0.961249
28 13.0763 5.7688 6.8899 0.131910 0.961884 0.088375 0.962050
29 13.1609 5.8379 6.9023 0.087655 0.962426 0.081642 0.965332
30 12.9409 5.7811 6.7445 0.083341 0.964036 0.092049 0.963251
31 12.8597 5.7028 6.7381 0.100025 0.963342 0.081667 0.965412
32 12.8656 5.7095 6.7499 0.089242 0.963565 0.082503 0.966053
33 13.0503 5.8236 6.8182 0.109039 0.963298 0.082478 0.964932
34 13.1319 5.8316 6.8921 0.083181 0.962747 0.083856 0.964932
35 13.1317 5.8819 6.8366 0.123656 0.962168 0.139084 0.942034
36 13.0312 5.7880 6.8376 0.111716 0.963298 0.087709 0.962930
37 13.0684 5.8510 6.8030 0.083360 0.964303 0.080772 0.966053
38 13.0867 5.8267 6.8446 0.096207 0.963894 0.080668 0.964932
39 12.9576 5.7485 6.7841 0.299816 0.958957 0.240105 0.907926
40 13.0755 5.8888 6.7688 0.086895 0.957160 0.084846 0.963090
41 13.1329 5.8090 6.9161 0.107118 0.962951 0.084196 0.964612
42 13.1492 5.8889 6.8425 0.134255 0.964330 0.090721 0.963891
43 12.9566 5.7383 6.8082 0.082030 0.965798 0.085895 0.964211
44 12.8576 5.7285 6.7168 0.090241 0.965629 0.089782 0.963491
45 13.1450 5.9968 6.7372 0.094136 0.965264 0.079812 0.965572
46 13.1977 5.8219 6.9673 0.112838 0.965104 0.090013 0.963731
47 13.2334 5.9605 6.7903 0.098853 0.965442 0.083683 0.965653
48 13.0861 5.7999 6.8704 0.078256 0.965041 0.100844 0.960929
49 13.0315 5.7854 6.8253 0.089651 0.966589 0.084383 0.965572
