epoch time loss acc val_loss val_acc
0 11.4191 0.384519 0.822815 0.365159 0.824420
1 11.3804 0.350919 0.823998 0.351143 0.824420
2 11.3738 0.334237 0.824309 0.352131 0.827542
3 11.3076 0.297150 0.834574 0.295399 0.862690
4 11.2473 0.398998 0.849065 0.413631 0.824420
5 11.1829 0.222932 0.850114 0.229240 0.910088
6 11.1959 0.208362 0.885678 0.197494 0.917214
7 11.4699 0.147449 0.918777 0.181824 0.923058
8 11.2484 0.141676 0.920129 0.171048 0.926101
9 11.3141 0.138574 0.922985 0.173101 0.927302
10 11.4259 0.148854 0.924265 0.171706 0.928263
11 11.4057 0.146377 0.924479 0.165019 0.927302
12 11.3423 0.140767 0.919960 0.161804 0.928183
13 11.2851 0.135081 0.925938 0.162778 0.928102
14 11.2341 0.154618 0.928117 0.159570 0.931785
15 11.4811 0.158661 0.921597 0.158853 0.932826
16 11.3706 0.138163 0.921757 0.156286 0.931305
17 11.2274 0.137656 0.923803 0.155247 0.932426
18 11.2451 0.138247 0.925146 0.155133 0.932346
19 11.2506 0.137009 0.928517 0.160597 0.931145
20 11.2535 0.142687 0.922833 0.155753 0.933307
21 11.1552 0.146176 0.928028 0.153916 0.932266
22 11.3862 0.137942 0.926409 0.153118 0.932826
23 11.2852 0.144630 0.929256 0.154486 0.932746
24 11.3912 0.140631 0.929389 0.153379 0.932986
25 11.4231 0.140420 0.929523 0.153053 0.932826
26 11.3909 0.140277 0.929549 0.152786 0.932986
27 11.3192 0.141360 0.929861 0.153065 0.933307
28 11.2504 0.141422 0.929834 0.156808 0.930905
29 11.2845 0.135121 0.930323 0.160979 0.928503
30 11.3359 0.140120 0.929861 0.152042 0.933147
31 11.2867 0.134552 0.930830 0.159139 0.929303
32 11.3345 0.140244 0.929994 0.152055 0.934668
33 11.2816 0.135759 0.930857 0.154066 0.931705
34 11.4566 0.136882 0.931142 0.152493 0.932586
35 11.3527 0.136196 0.930759 0.150805 0.934267
36 11.9128 0.136376 0.930848 0.150854 0.933867
37 11.8748 0.133472 0.931284 0.149835 0.934508
38 11.4862 0.132761 0.930723 0.157452 0.929143
39 11.3449 0.138479 0.930030 0.151790 0.933467
40 11.2794 0.128840 0.931311 0.164124 0.926661
41 11.8389 0.132660 0.931373 0.153616 0.931225
42 12.4899 0.128746 0.931684 0.161031 0.927942
43 12.0810 0.138973 0.931115 0.150920 0.933547
44 11.6361 0.127042 0.931675 0.162128 0.927222
45 12.5911 0.126530 0.931693 0.163564 0.926581
46 11.7807 0.129053 0.930652 0.162752 0.926982
47 11.6959 0.126209 0.931915 0.161868 0.927942
48 11.9612 0.134392 0.931657 0.153994 0.931545
49 11.8755 0.127869 0.931880 0.161325 0.928183
