epoch time fwd_time bwd_time loss acc val_loss val_acc
0 5.4519 2.4909 2.6081 0.616572 0.756909 0.614775 0.828022
1 5.3294 2.4243 2.5589 0.536798 0.823597 0.534689 0.828022
2 5.3864 2.4463 2.5885 0.498757 0.823597 0.496350 0.828022
3 5.3992 2.5200 2.5400 0.480364 0.823597 0.477671 0.828022
4 5.4022 2.4603 2.5933 0.471105 0.823597 0.468158 0.828022
5 5.4417 2.5110 2.5782 0.466464 0.823597 0.463305 0.828022
6 5.3458 2.4658 2.5316 0.464233 0.823597 0.460903 0.828022
7 5.3021 2.4203 2.5383 0.463238 0.823597 0.459778 0.828022
8 5.4796 2.5243 2.5688 0.462827 0.823597 0.459273 0.828022
9 5.2705 2.3939 2.5253 0.462649 0.823597 0.459030 0.828022
10 5.5907 2.6121 2.6266 0.462538 0.823597 0.458866 0.828022
11 5.3848 2.4818 2.5407 0.462415 0.823597 0.458681 0.828022
12 5.4627 2.5729 2.5292 0.462174 0.823597 0.458343 0.828022
13 5.2608 2.3849 2.5212 0.461447 0.823597 0.457459 0.828022
14 5.3364 2.4053 2.5831 0.459576 0.823597 0.454982 0.828022
15 5.3980 2.4508 2.5895 0.424378 0.823597 0.420333 0.828022
16 5.3301 2.4106 2.5751 0.391991 0.823597 0.386905 0.828022
17 5.4732 2.5535 2.5614 0.381775 0.823597 0.376352 0.828022
18 5.5311 2.5827 2.5870 0.377844 0.823597 0.371712 0.828022
19 5.3794 2.4630 2.5721 0.375149 0.823597 0.368367 0.828022
20 5.4122 2.4710 2.5854 0.373147 0.823597 0.365680 0.828022
21 5.3716 2.4969 2.5328 0.371593 0.823597 0.363487 0.828022
22 5.3621 2.4555 2.5596 0.370330 0.823597 0.361645 0.828022
23 5.4573 2.4842 2.6179 0.369259 0.823597 0.360047 0.828022
24 5.5320 2.6105 2.5740 0.368305 0.823597 0.358604 0.828022
25 5.4008 2.4262 2.6164 0.367363 0.823597 0.357170 0.828022
26 5.3420 2.4235 2.5613 0.363295 0.824265 0.352969 0.828663
27 5.5031 2.5533 2.5955 0.354122 0.835864 0.329382 0.851641
28 5.4210 2.5278 2.5492 0.331013 0.858912 0.318861 0.860929
29 5.3832 2.4801 2.5594 0.325792 0.862176 0.307613 0.866613
30 5.3361 2.4556 2.5268 0.318385 0.864427 0.303439 0.867414
31 5.5330 2.5578 2.6192 0.312885 0.867095 0.298390 0.869416
32 5.3723 2.4804 2.5310 0.307761 0.869061 0.293520 0.871337
33 5.5142 2.5048 2.6240 0.302878 0.870929 0.289006 0.872378
34 5.5115 2.5442 2.6140 0.298199 0.872904 0.284771 0.873899
35 5.4133 2.5045 2.5591 0.293679 0.874879 0.280760 0.875020
36 5.4230 2.4622 2.6142 0.289275 0.876186 0.276946 0.876781
37 5.5537 2.5618 2.5981 0.284961 0.877823 0.273316 0.878383
38 5.3053 2.4276 2.5369 0.280728 0.879184 0.269862 0.880464
39 5.4229 2.4554 2.6126 0.276579 0.880456 0.266577 0.881745
40 5.5000 2.5040 2.6370 0.272528 0.881871 0.263452 0.882226
41 5.4834 2.5367 2.6012 0.268593 0.883089 0.260478 0.883427
42 5.3851 2.4670 2.5552 0.264790 0.884308 0.257643 0.884868
43 5.3414 2.4247 2.5689 0.261133 0.885678 0.254938 0.886149
44 5.6333 2.5559 2.7137 0.257627 0.886905 0.252353 0.887190
45 6.0364 2.8209 2.8289 0.254275 0.888195 0.249884 0.888231
46 5.3825 2.4588 2.5706 0.251072 0.889440 0.247524 0.889512
47 5.4173 2.4598 2.6121 0.248011 0.890223 0.245272 0.891033
48 5.5207 2.4925 2.6619 0.245087 0.891460 0.243124 0.892394
49 5.3935 2.4960 2.5511 0.242291 0.892403 0.241075 0.892874
