epoch time fwd_time bwd_time loss acc val_loss val_acc
0 5.4600 2.5282 2.5876 0.607332 0.823597 0.605890 0.828022
1 5.4605 2.4879 2.6202 0.538353 0.823597 0.536459 0.828022
2 5.6438 2.6309 2.6608 0.498229 0.823597 0.495960 0.828022
3 5.6375 2.5830 2.6860 0.475634 0.823597 0.472868 0.828022
4 5.4073 2.4750 2.5779 0.466397 0.823597 0.463269 0.828022
5 5.4427 2.5197 2.5756 0.463721 0.823597 0.460398 0.828022
6 5.5093 2.5601 2.6124 0.462968 0.823597 0.459535 0.828022
7 5.4607 2.5035 2.6048 0.462741 0.823597 0.459249 0.828022
8 5.4926 2.5340 2.6144 0.462649 0.823597 0.459126 0.828022
9 5.3917 2.4493 2.5884 0.462588 0.823597 0.459044 0.828022
10 5.4142 2.4612 2.6091 0.462513 0.823597 0.458948 0.828022
11 5.3675 2.4184 2.5923 0.456814 0.823597 0.453066 0.828022
12 5.5214 2.6107 2.5584 0.410768 0.823597 0.408297 0.828022
13 5.4168 2.4582 2.6080 0.403491 0.823597 0.396473 0.828022
14 5.4430 2.4946 2.6028 0.394152 0.823597 0.388163 0.828022
15 5.4039 2.4473 2.6056 0.390623 0.823597 0.382325 0.828022
16 5.4608 2.4715 2.6407 0.384738 0.823597 0.380299 0.828022
17 5.5078 2.5471 2.6113 0.380528 0.823597 0.375620 0.828022
18 5.3431 2.4398 2.5596 0.378800 0.823597 0.372951 0.828022
19 5.4692 2.4736 2.6275 0.377155 0.823597 0.370813 0.828022
20 5.3416 2.4297 2.5739 0.375871 0.823597 0.368965 0.828022
21 5.3865 2.4452 2.5930 0.374958 0.823597 0.367326 0.828022
22 5.4757 2.5277 2.5988 0.374228 0.823597 0.365885 0.828022
23 5.3814 2.4354 2.6063 0.373625 0.823597 0.364613 0.828022
24 5.4543 2.4607 2.6443 0.373091 0.823597 0.363456 0.828022
25 5.3465 2.4195 2.5358 0.372581 0.823597 0.362359 0.828022
26 5.2942 2.4081 2.5310 0.372080 0.823597 0.361297 0.828022
27 5.5439 2.5821 2.6179 0.371584 0.823597 0.360257 0.828022
28 5.4888 2.5389 2.6045 0.371087 0.823597 0.359229 0.828022
29 5.4796 2.5154 2.6032 0.370585 0.823597 0.358205 0.828022
30 5.2929 2.4081 2.5381 0.370069 0.823597 0.357179 0.828022
31 5.3589 2.4644 2.5398 0.369533 0.823597 0.356141 0.828022
32 5.3488 2.4466 2.5504 0.368968 0.823597 0.355085 0.828022
33 5.5397 2.5628 2.6222 0.368364 0.823597 0.354001 0.828022
34 5.4395 2.4826 2.6062 0.367711 0.823597 0.352880 0.828022
35 5.4648 2.4991 2.6150 0.367000 0.823597 0.351713 0.828022
36 5.5130 2.5332 2.6299 0.366219 0.823597 0.350491 0.828022
37 5.3821 2.4827 2.5449 0.365357 0.823597 0.349204 0.828022
38 5.3734 2.5000 2.5289 0.364399 0.823597 0.347844 0.828022
39 5.5155 2.6061 2.5530 0.363327 0.823597 0.346397 0.828022
40 5.4861 2.5270 2.6125 0.362110 0.823597 0.344852 0.828022
41 5.3794 2.4692 2.5555 0.360706 0.823597 0.343195 0.828022
42 5.4581 2.5214 2.5882 0.359069 0.823597 0.341421 0.828022
43 5.4845 2.5211 2.6143 0.357151 0.823597 0.339512 0.828022
44 5.4187 2.4535 2.6118 0.354893 0.823597 0.337403 0.828022
45 5.3309 2.4598 2.5264 0.352150 0.824104 0.334985 0.829143
46 6.0538 2.7685 2.9207 0.348636 0.825056 0.332244 0.830424
47 5.3547 2.4737 2.5353 0.344072 0.826373 0.329214 0.831385
48 5.5640 2.5866 2.6235 0.338237 0.828223 0.324683 0.832506
49 5.5230 2.5457 2.6205 0.330091 0.832048 0.315568 0.837070
