epoch time fwd_time bwd_time loss acc val_loss val_acc
0 5.5733 2.5730 2.6451 0.462705 0.823597 0.458922 0.828022
1 5.4693 2.5662 2.5419 0.460747 0.823597 0.456600 0.828022
2 5.3014 2.4376 2.5240 0.379852 0.823597 0.371192 0.828022
3 5.3453 2.4502 2.5425 0.370615 0.823597 0.358306 0.828022
4 5.3480 2.4418 2.5498 0.359601 0.823597 0.352278 0.828102
5 5.4744 2.4779 2.6474 0.330301 0.824523 0.325772 0.837070
6 5.4638 2.4897 2.6228 0.256092 0.864551 0.267457 0.877902
7 5.5253 2.5604 2.6057 0.231217 0.890330 0.237221 0.897998
8 5.5122 2.6145 2.5546 0.235416 0.895240 0.226149 0.902802
9 5.4186 2.4189 2.6381 0.223027 0.900399 0.223195 0.904404
10 5.5351 2.5406 2.6411 0.218026 0.904500 0.217354 0.906325
11 5.6813 2.7048 2.6189 0.214698 0.907596 0.210709 0.909848
12 5.6031 2.6016 2.6475 0.212399 0.910184 0.206191 0.911769
13 5.5283 2.6118 2.5536 0.210258 0.912097 0.202638 0.913691
14 5.5845 2.6822 2.5409 0.208009 0.913760 0.199562 0.915052
15 5.4290 2.5296 2.5416 0.205722 0.915317 0.196727 0.916974
16 5.4272 2.4760 2.6052 0.203479 0.916856 0.194005 0.917374
17 5.5299 2.5294 2.6486 0.201305 0.918128 0.191308 0.917694
18 5.3802 2.4703 2.5494 0.199202 0.919186 0.188585 0.918495
19 5.6372 2.6537 2.5834 0.197155 0.920209 0.185810 0.920096
20 5.4483 2.4974 2.5999 0.195139 0.921366 0.182980 0.921697
21 5.3929 2.5096 2.5285 0.193123 0.922237 0.180106 0.923619
22 5.4883 2.5010 2.6333 0.191074 0.923429 0.177245 0.924980
23 5.4745 2.5233 2.6005 0.188976 0.924621 0.174478 0.926181
24 5.5478 2.6082 2.5886 0.186952 0.925956 0.172425 0.925701
25 5.4316 2.5207 2.5561 0.184739 0.927459 0.169291 0.927222
26 5.3696 2.4229 2.6017 0.182646 0.928615 0.166484 0.928823
27 5.4138 2.4972 2.5666 0.180682 0.929478 0.163840 0.930825
28 5.4061 2.4594 2.5896 0.178837 0.930474 0.161295 0.932666
29 5.3774 2.4736 2.5521 0.177106 0.931471 0.158824 0.934107
30 5.3675 2.4664 2.5380 0.175480 0.932529 0.156414 0.935548
31 5.3620 2.4643 2.5489 0.173942 0.933606 0.154064 0.936269
32 5.3554 2.4808 2.5255 0.172475 0.934611 0.151778 0.938191
33 5.4686 2.4708 2.6406 0.171069 0.935198 0.149567 0.938991
34 5.4153 2.4624 2.6046 0.169726 0.936034 0.147443 0.939952
35 5.5110 2.5532 2.6045 0.168453 0.936719 0.145416 0.941633
36 5.4676 2.5793 2.5285 0.167261 0.937493 0.143488 0.942754
37 5.4275 2.5076 2.5646 0.166151 0.938107 0.141657 0.943715
38 5.4274 2.5159 2.5538 0.165116 0.938774 0.139916 0.944275
39 5.4610 2.4863 2.6223 0.164140 0.939361 0.138255 0.944836
40 5.4225 2.5021 2.5658 0.163196 0.940037 0.136668 0.945236
41 5.3905 2.4618 2.5775 0.162255 0.940686 0.135146 0.945556
42 5.3934 2.4594 2.5848 0.161279 0.941540 0.133686 0.946117
43 5.4939 2.5442 2.5930 0.160232 0.942127 0.132286 0.946517
44 5.3457 2.4202 2.5735 0.159067 0.942732 0.130950 0.947238
45 5.3698 2.4393 2.5716 0.157770 0.943284 0.129677 0.948038
46 5.3869 2.4755 2.5585 0.156474 0.943897 0.128459 0.948519
47 5.4671 2.5623 2.5516 0.155265 0.944333 0.127278 0.949079
48 5.3966 2.4679 2.5442 0.154107 0.945036 0.126141 0.949560
49 5.3797 2.4409 2.5825 0.152981 0.945668 0.125063 0.950600
