epoch time fwd_time bwd_time loss acc val_loss val_acc
0 5.4535 2.4579 2.6425 0.493826 0.823597 0.491035 0.828022
1 5.3512 2.4424 2.5498 0.468415 0.823597 0.464956 0.828022
2 5.5170 2.5512 2.6100 0.463529 0.823597 0.459726 0.828022
3 5.5232 2.6060 2.5556 0.462875 0.823597 0.458916 0.828022
4 5.3453 2.4147 2.5830 0.462499 0.823597 0.458447 0.828022
5 5.4844 2.5215 2.6075 0.461825 0.823597 0.457693 0.828022
6 5.3823 2.4617 2.5711 0.460337 0.823597 0.456130 0.828022
7 5.5175 2.5651 2.5992 0.450117 0.823597 0.445031 0.828022
8 5.5579 2.5593 2.6335 0.394048 0.823597 0.390328 0.828022
9 5.4914 2.4951 2.6429 0.380361 0.823597 0.375905 0.828022
10 5.4204 2.5081 2.5575 0.375191 0.823597 0.370179 0.828022
11 5.3920 2.5054 2.5387 0.372173 0.823597 0.366552 0.828022
12 5.4968 2.4897 2.6235 0.370066 0.823597 0.363908 0.828022
13 5.3371 2.4258 2.5504 0.368445 0.823597 0.361830 0.828022
14 5.5112 2.5170 2.6420 0.367129 0.823597 0.360123 0.828022
15 5.4888 2.5031 2.6294 0.366024 0.823597 0.358677 0.828022
16 5.4949 2.5676 2.5739 0.365073 0.823597 0.357422 0.828022
17 5.3386 2.4064 2.5827 0.364236 0.823597 0.356310 0.828022
18 5.4720 2.4922 2.6250 0.363481 0.823597 0.355306 0.828022
19 5.4043 2.4367 2.6113 0.362788 0.823597 0.354385 0.828022
20 5.5058 2.5016 2.6180 0.362139 0.823597 0.353527 0.828022
21 5.3477 2.4406 2.5545 0.361521 0.823597 0.352719 0.828022
22 5.4615 2.4682 2.6353 0.360925 0.823597 0.351948 0.828022
23 5.5307 2.5383 2.6388 0.360342 0.823597 0.351204 0.828022
24 5.3911 2.4980 2.5385 0.359764 0.823597 0.350481 0.828022
25 5.4205 2.4593 2.6148 0.359187 0.823597 0.349771 0.828022
26 5.3746 2.4396 2.5792 0.358605 0.823597 0.349068 0.828022
27 5.4169 2.4838 2.5790 0.358015 0.823597 0.348367 0.828022
28 5.4904 2.5426 2.6023 0.357411 0.823597 0.347663 0.828022
29 5.4634 2.5727 2.5371 0.356792 0.823597 0.346950 0.828022
30 5.6242 2.6478 2.6213 0.356156 0.823597 0.346225 0.828022
31 5.4571 2.5091 2.5839 0.355499 0.823597 0.345483 0.828022
32 5.4962 2.5536 2.5792 0.354818 0.823597 0.344718 0.828022
33 5.4952 2.5374 2.6002 0.354108 0.823597 0.343922 0.828022
34 5.4036 2.5027 2.5493 0.353363 0.823597 0.343087 0.828022
35 5.4028 2.4838 2.5690 0.352573 0.823597 0.342201 0.828022
36 5.5500 2.6431 2.5535 0.351728 0.823597 0.341252 0.828022
37 5.5058 2.5220 2.6284 0.350814 0.823597 0.340220 0.828022
38 5.4017 2.4629 2.5855 0.349809 0.823597 0.339082 0.828022
39 5.4471 2.5228 2.5656 0.348682 0.823597 0.337807 0.828022
40 5.6139 2.7155 2.5403 0.347377 0.823597 0.336355 0.828022
41 5.4386 2.5294 2.5203 0.345791 0.823633 0.334680 0.827942
42 5.3982 2.5018 2.5305 0.343750 0.823571 0.332729 0.827942
43 5.4955 2.5074 2.6382 0.341046 0.823633 0.330455 0.827622
44 5.5272 2.5097 2.6621 0.337546 0.824594 0.327823 0.830504
45 5.3723 2.4733 2.5425 0.333262 0.826969 0.324721 0.831785
46 5.4869 2.5776 2.5536 0.328173 0.829824 0.320651 0.838511
47 5.3224 2.4223 2.5368 0.321743 0.836113 0.314065 0.842594
48 5.5064 2.5089 2.6437 0.312681 0.842518 0.302900 0.849880
49 5.6619 2.6710 2.6361 0.301508 0.853041 0.288171 0.863171
