epoch time fwd_time bwd_time loss acc val_loss val_acc
0 5.2830 2.3855 2.5494 0.512156 0.580756 0.500369 0.822818
1 5.3114 2.4056 2.5554 0.484648 0.824176 0.466844 0.822818
2 5.3613 2.4275 2.5784 0.485006 0.824176 0.466675 0.822818
3 5.3224 2.3918 2.5693 0.484825 0.824176 0.466530 0.822818
4 5.1781 2.3387 2.5067 0.483921 0.824176 0.465812 0.822818
5 5.3803 2.4775 2.5516 0.481782 0.824176 0.463876 0.822818
6 5.5112 2.5400 2.6167 0.472842 0.824176 0.456170 0.822818
7 5.2532 2.3572 2.5539 0.439002 0.824176 0.424490 0.822818
8 5.3749 2.4534 2.5631 0.385378 0.824176 0.373775 0.822818
9 5.2715 2.3538 2.5583 0.360785 0.824176 0.352734 0.822818
10 5.2059 2.3735 2.4742 0.347211 0.824176 0.340864 0.822818
11 5.1946 2.3489 2.5055 0.334492 0.824176 0.331177 0.822818
12 5.3549 2.4844 2.5209 0.315386 0.824176 0.314191 0.822818
13 5.1928 2.3626 2.4868 0.293641 0.827769 0.293348 0.842594
14 5.3206 2.3887 2.5842 0.272967 0.864872 0.275027 0.882626
15 5.3284 2.4772 2.5011 0.263583 0.886852 0.269240 0.895917
16 5.3360 2.3949 2.5602 0.246390 0.893532 0.253677 0.895036
17 5.1412 2.3152 2.4687 0.238595 0.897001 0.245098 0.897758
18 5.3129 2.3997 2.5644 0.230859 0.898789 0.243977 0.897838
19 5.2131 2.3639 2.5023 0.222942 0.901360 0.243862 0.894556
20 5.1969 2.3501 2.4532 0.219197 0.903032 0.228054 0.903443
21 5.2916 2.3653 2.5678 0.215321 0.904669 0.223977 0.905364
22 5.2386 2.3689 2.5252 0.212565 0.906226 0.220470 0.906645
23 5.2707 2.3541 2.5594 0.213874 0.907062 0.230139 0.902402
24 5.2750 2.3950 2.5312 0.207082 0.907142 0.218762 0.907926
25 5.2352 2.3539 2.5318 0.205641 0.909028 0.227425 0.903363
26 5.4178 2.5378 2.5277 0.198901 0.911163 0.215748 0.909448
27 5.2414 2.3604 2.5411 0.206415 0.911314 0.217166 0.909928
28 5.3016 2.4614 2.4898 0.204407 0.912461 0.209777 0.913050
29 5.2707 2.4032 2.5171 0.192464 0.914285 0.201033 0.912650
30 5.2851 2.4049 2.5341 0.200496 0.914570 0.209361 0.913291
31 5.2187 2.3483 2.5221 0.188664 0.917292 0.198850 0.918255
32 5.2408 2.3859 2.5067 0.185978 0.917656 0.193619 0.917294
33 5.1960 2.3362 2.5156 0.184175 0.918911 0.192725 0.920016
34 5.3951 2.4830 2.5571 0.182000 0.920263 0.187966 0.920977
35 5.3016 2.4351 2.5227 0.179370 0.921090 0.185996 0.922018
36 5.2490 2.4104 2.4801 0.177034 0.921970 0.183839 0.922898
37 5.2759 2.3840 2.5538 0.174763 0.923038 0.181511 0.924259
38 5.2548 2.3436 2.5625 0.172569 0.923741 0.179209 0.925781
39 5.3366 2.4388 2.5466 0.170466 0.924808 0.176998 0.926902
40 5.2533 2.3925 2.5083 0.168461 0.925653 0.174922 0.927702
41 5.3168 2.4172 2.5390 0.166549 0.926338 0.173011 0.928102
42 5.2605 2.3736 2.5543 0.164720 0.927005 0.171259 0.928423
43 5.3209 2.4242 2.5457 0.162965 0.927583 0.169624 0.928343
44 5.2863 2.3936 2.5452 0.161280 0.928197 0.168068 0.928903
45 5.3478 2.4420 2.5178 0.159663 0.928873 0.166571 0.929464
46 5.2473 2.3491 2.5419 0.158112 0.929371 0.165133 0.929384
47 5.1950 2.3395 2.5036 0.156620 0.930127 0.163753 0.930504
48 5.2561 2.4070 2.4900 0.155184 0.930492 0.162431 0.931545
49 5.1525 2.3188 2.4707 0.153799 0.931061 0.161167 0.932186
