epoch time fwd_time bwd_time loss acc val_loss val_acc
0 5.3761 2.4352 2.5929 0.463415 0.823597 0.459904 0.828022
1 5.3782 2.4368 2.5893 0.462457 0.823597 0.458695 0.828022
2 5.5042 2.4967 2.6556 0.460590 0.823597 0.456635 0.828022
3 5.5189 2.5251 2.6406 0.458573 0.823597 0.454298 0.828022
4 5.4643 2.5069 2.6165 0.447897 0.823597 0.442193 0.828022
5 5.4478 2.5365 2.5483 0.372668 0.823526 0.362020 0.827862
6 5.5246 2.5542 2.6253 0.366356 0.823660 0.354140 0.828022
7 5.4470 2.4881 2.6094 0.367568 0.823606 0.350425 0.828022
8 5.4806 2.5720 2.5611 0.365688 0.823597 0.348425 0.828022
9 5.4705 2.4854 2.6228 0.362913 0.823606 0.345709 0.828022
10 5.4213 2.4684 2.6076 0.360222 0.823820 0.342884 0.828022
11 5.5701 2.5959 2.5849 0.357428 0.823900 0.339908 0.828663
12 5.4551 2.4773 2.6275 0.354198 0.824087 0.336485 0.827782
13 5.3484 2.4405 2.5564 0.349948 0.824531 0.332012 0.827542
14 5.4705 2.4985 2.6101 0.343480 0.824958 0.325409 0.827862
15 5.5966 2.6260 2.6028 0.335229 0.827387 0.316414 0.833227
16 5.4295 2.4682 2.6113 0.316960 0.835313 0.299239 0.847478
17 5.4367 2.4913 2.5938 0.265797 0.869061 0.274405 0.872698
18 5.4492 2.5002 2.6042 0.218156 0.910771 0.215910 0.905845
19 5.3476 2.4429 2.5523 0.206125 0.917229 0.199461 0.913131
20 5.5103 2.5271 2.6224 0.198234 0.918644 0.196427 0.914251
21 5.3013 2.4066 2.5398 0.195445 0.919587 0.193794 0.916413
22 5.3418 2.4327 2.5616 0.196376 0.920440 0.186960 0.920897
23 5.3749 2.4562 2.5714 0.195334 0.920583 0.183123 0.924980
24 5.5372 2.5904 2.5971 0.192490 0.920538 0.181541 0.925620
25 5.4502 2.4633 2.6294 0.192159 0.921339 0.180984 0.926741
26 5.3859 2.4599 2.5832 0.189810 0.922042 0.180732 0.926661
27 5.5282 2.5304 2.6412 0.186995 0.922584 0.179746 0.927062
28 5.4314 2.5176 2.5644 0.184763 0.923056 0.178286 0.927382
29 5.3932 2.4359 2.6093 0.183045 0.923500 0.176836 0.927862
30 5.2845 2.4030 2.5362 0.180814 0.924043 0.175352 0.928903
31 5.4083 2.4868 2.5726 0.178359 0.924675 0.173896 0.928983
32 5.4479 2.5114 2.5818 0.176228 0.925546 0.172612 0.929384
33 5.4815 2.5659 2.5612 0.174409 0.926249 0.171490 0.929624
34 5.5126 2.5873 2.5724 0.172872 0.927067 0.170491 0.930344
35 5.4743 2.5191 2.6071 0.171581 0.927557 0.169589 0.931145
36 5.4119 2.4496 2.6050 0.170493 0.928197 0.168762 0.931865
37 5.4009 2.4838 2.5663 0.169570 0.928553 0.167997 0.932186
38 5.4344 2.4629 2.6096 0.168776 0.928775 0.167285 0.932586
39 5.4136 2.4462 2.6194 0.168084 0.928855 0.166618 0.932826
40 5.4238 2.4780 2.5599 0.167471 0.929042 0.165991 0.932666
41 5.4324 2.4665 2.6089 0.166920 0.929371 0.165400 0.932986
42 5.4634 2.4909 2.6224 0.166417 0.929825 0.164839 0.932906
43 5.4299 2.4638 2.6148 0.165952 0.930030 0.164307 0.933227
44 5.5283 2.5197 2.6125 0.165517 0.930305 0.163799 0.933467
45 5.3673 2.4240 2.5918 0.165107 0.930563 0.163313 0.933467
46 5.4034 2.4792 2.5724 0.164718 0.930759 0.162847 0.933787
47 5.4404 2.4617 2.6182 0.164347 0.930955 0.162398 0.933707
48 5.5661 2.6115 2.6000 0.163990 0.931319 0.161965 0.934107
49 5.4864 2.4786 2.6489 0.163649 0.931382 0.161546 0.934267
