epoch time fwd_time bwd_time loss acc val_loss val_acc
0 5.5098 2.5253 2.6226 0.447291 0.823597 0.440555 0.828022
1 5.5353 2.5982 2.5904 0.378929 0.823597 0.372469 0.828022
2 5.4666 2.4930 2.5747 0.371733 0.823597 0.364864 0.828022
3 5.4939 2.5558 2.5886 0.369401 0.823597 0.358980 0.828022
4 5.4202 2.4995 2.5576 0.366997 0.823597 0.355776 0.828022
5 5.4778 2.4839 2.6438 0.364388 0.823597 0.353227 0.828022
6 5.4254 2.4781 2.6013 0.361625 0.823597 0.350935 0.828022
7 5.5266 2.5738 2.5974 0.358933 0.823597 0.348725 0.828022
8 5.4275 2.4721 2.5977 0.356383 0.823597 0.346243 0.828022
9 5.4289 2.4568 2.6201 0.353103 0.823597 0.342487 0.828022
10 5.3789 2.4631 2.5632 0.347127 0.823597 0.337415 0.828022
11 5.4346 2.4544 2.6290 0.335087 0.823597 0.326325 0.828022
12 5.4506 2.5537 2.5335 0.311347 0.840285 0.299801 0.867654
13 5.4678 2.4708 2.6385 0.264618 0.873874 0.265996 0.889031
14 5.3745 2.4712 2.5532 0.234048 0.886816 0.240595 0.896317
15 5.4090 2.5107 2.5430 0.220237 0.896503 0.226153 0.906005
16 5.5215 2.5631 2.6062 0.221395 0.900577 0.229028 0.899359
17 5.4596 2.5498 2.5642 0.210297 0.905025 0.223191 0.903042
18 5.3594 2.4628 2.5387 0.208127 0.907729 0.222013 0.902562
19 5.4438 2.4858 2.6059 0.205518 0.909642 0.227917 0.897518
20 5.4263 2.4725 2.5982 0.198297 0.910834 0.238536 0.891113
21 5.3790 2.4687 2.5428 0.193975 0.912310 0.230119 0.896157
22 5.4942 2.5360 2.6024 0.193159 0.913707 0.220365 0.901761
23 5.3721 2.4689 2.5443 0.189251 0.915086 0.220058 0.901922
24 5.5086 2.5182 2.6356 0.184951 0.916037 0.220279 0.900641
25 5.5070 2.5985 2.5625 0.181125 0.916731 0.217881 0.901121
26 5.4327 2.4973 2.5854 0.177935 0.918181 0.213297 0.903443
27 5.4265 2.4626 2.5699 0.175560 0.919284 0.207989 0.907206
28 5.4387 2.4723 2.6194 0.173772 0.920298 0.203296 0.909367
29 5.5077 2.4931 2.6604 0.172229 0.921010 0.199772 0.910889
30 5.4079 2.4518 2.6004 0.170734 0.921544 0.197461 0.911609
31 5.4683 2.4926 2.6194 0.169194 0.922220 0.196334 0.912170
32 5.4612 2.4691 2.6332 0.167561 0.922611 0.196447 0.911609
33 5.4504 2.4680 2.6324 0.165860 0.923038 0.197931 0.909688
34 5.3998 2.4534 2.5797 0.164340 0.923687 0.200638 0.908407
35 5.5308 2.6087 2.5217 0.163653 0.924265 0.203267 0.907526
36 5.4992 2.5254 2.6202 0.164450 0.925013 0.202993 0.907366
37 5.5210 2.5445 2.6186 0.166342 0.925849 0.197672 0.910328
38 5.4820 2.5690 2.5628 0.167692 0.926676 0.187540 0.915372
39 5.5405 2.6197 2.5692 0.166092 0.927245 0.177175 0.922658
40 5.3558 2.4352 2.5645 0.163829 0.927797 0.172150 0.926261
41 5.4387 2.4722 2.6222 0.162363 0.928286 0.169686 0.928343
42 5.6373 2.6848 2.5965 0.161118 0.928704 0.167734 0.929303
43 5.4125 2.4703 2.5852 0.160022 0.929229 0.165998 0.930745
44 5.4260 2.4899 2.5736 0.158999 0.929905 0.164386 0.931385
45 5.3523 2.4263 2.5772 0.158011 0.930501 0.162858 0.931705
46 5.4323 2.5289 2.5504 0.157042 0.931035 0.161390 0.932106
47 5.4346 2.4899 2.6003 0.156091 0.931569 0.159973 0.932506
48 5.4463 2.5150 2.5654 0.155158 0.932093 0.158598 0.933227
49 5.4019 2.4475 2.5967 0.154246 0.932654 0.157260 0.933627
