epoch time fwd_time bwd_time loss acc val_loss val_acc
0 5.5777 2.5197 2.6907 0.518662 0.478505 0.515279 0.828022
1 5.5456 2.5125 2.6868 0.463134 0.823597 0.459582 0.828022
2 5.4994 2.5217 2.6212 0.461685 0.823597 0.458004 0.828022
3 5.5258 2.5198 2.6225 0.459691 0.823597 0.455915 0.828022
4 5.4998 2.4945 2.6494 0.456285 0.823597 0.452146 0.828022
5 5.2903 2.3941 2.5358 0.450723 0.823597 0.446015 0.828022
6 5.5045 2.5445 2.6084 0.441129 0.823597 0.435518 0.828022
7 5.5694 2.5664 2.6066 0.414688 0.823597 0.407480 0.828022
8 5.5596 2.6514 2.5563 0.367244 0.823597 0.360038 0.828022
9 5.4668 2.4805 2.6250 0.356500 0.823597 0.349787 0.828022
10 5.4717 2.4736 2.6404 0.352284 0.823597 0.345163 0.828022
11 5.4440 2.4803 2.6148 0.349264 0.823597 0.341606 0.828022
12 5.4709 2.5311 2.5803 0.346141 0.823597 0.338000 0.828022
13 5.4505 2.5116 2.5855 0.342805 0.823597 0.334272 0.828022
14 5.3694 2.4593 2.5630 0.339020 0.823597 0.330257 0.828022
15 5.4702 2.4899 2.5805 0.334486 0.823597 0.325526 0.828022
16 5.4952 2.5313 2.6105 0.328226 0.823597 0.318495 0.828022
17 5.4177 2.4409 2.6258 0.314136 0.823597 0.306524 0.828022
18 5.4711 2.5089 2.6101 0.297987 0.824469 0.291141 0.835548
19 5.5017 2.5320 2.6081 0.272972 0.846352 0.261885 0.884868
20 5.4925 2.5432 2.5942 0.242860 0.895961 0.239826 0.906085
21 5.3603 2.4500 2.5571 0.229571 0.912017 0.224694 0.916894
22 5.2798 2.3995 2.5284 0.223257 0.913787 0.217926 0.918335
23 5.4595 2.5508 2.5593 0.218403 0.915317 0.212917 0.917854
24 5.5906 2.6496 2.5937 0.213819 0.916340 0.208819 0.918255
25 5.4565 2.4895 2.6242 0.210051 0.917149 0.205256 0.918655
26 5.4970 2.5496 2.5857 0.206924 0.917825 0.202132 0.919776
27 5.5060 2.5159 2.6431 0.204280 0.918590 0.199386 0.920657
28 5.5797 2.5757 2.6496 0.201987 0.919435 0.196951 0.921457
29 5.4442 2.4574 2.6280 0.199956 0.920067 0.194774 0.922418
30 5.4912 2.5185 2.6264 0.198131 0.920930 0.192814 0.922498
31 5.3544 2.4373 2.5585 0.196470 0.921641 0.191038 0.922978
32 5.3401 2.4285 2.5185 0.194942 0.922051 0.189420 0.924019
33 5.3671 2.4478 2.5733 0.193526 0.922460 0.187934 0.923779
34 5.4857 2.5600 2.5796 0.192203 0.922896 0.186562 0.924500
35 5.4388 2.4918 2.5994 0.190959 0.923340 0.185286 0.924900
36 5.5131 2.5087 2.6516 0.189782 0.923803 0.184092 0.925060
37 5.4367 2.5513 2.5294 0.188662 0.924185 0.182968 0.925300
38 5.3618 2.4889 2.5305 0.187593 0.924639 0.181905 0.925781
39 5.6229 2.6466 2.6136 0.186568 0.925084 0.180895 0.926021
40 5.4857 2.5376 2.6014 0.185583 0.925449 0.179930 0.926501
41 5.5960 2.6606 2.5660 0.184632 0.925831 0.179005 0.927382
42 5.5024 2.5951 2.5461 0.183713 0.926000 0.178115 0.927702
43 5.4342 2.5246 2.5544 0.182822 0.926285 0.177257 0.927862
44 5.4064 2.4912 2.5624 0.181957 0.926605 0.176428 0.928102
45 5.3768 2.4609 2.5645 0.181115 0.926863 0.175624 0.928823
46 5.4051 2.4919 2.5616 0.180296 0.927121 0.174843 0.928983
47 5.4455 2.5235 2.5657 0.179497 0.927503 0.174084 0.929303
48 5.3838 2.4481 2.5853 0.178716 0.927815 0.173346 0.929464
49 5.4313 2.5020 2.5725 0.177954 0.928055 0.172626 0.929944
