epoch time fwd_time bwd_time loss acc val_loss val_acc
0 5.5499 2.5557 2.6332 0.460730 0.823597 0.456934 0.828022
1 5.5784 2.6047 2.6291 0.377040 0.823597 0.364512 0.828022
2 5.5382 2.5828 2.5905 0.372377 0.823597 0.359176 0.828022
3 5.4393 2.5461 2.5490 0.369470 0.823597 0.355204 0.828022
4 5.4127 2.5152 2.5489 0.367636 0.823597 0.351808 0.828022
5 5.3961 2.5034 2.5528 0.365107 0.823651 0.348545 0.827862
6 5.4334 2.5495 2.5372 0.360558 0.824202 0.343191 0.828022
7 5.5544 2.5781 2.6197 0.346794 0.825901 0.330541 0.835548
8 5.5767 2.6432 2.5775 0.277993 0.858271 0.253208 0.906966
9 5.4081 2.4605 2.6037 0.222366 0.899892 0.225796 0.910649
10 5.3430 2.4180 2.5283 0.217380 0.907026 0.231152 0.893435
11 5.4729 2.4706 2.6463 0.196932 0.911314 0.219407 0.901201
12 5.3907 2.4931 2.5435 0.191000 0.914650 0.212857 0.903923
13 5.5294 2.5646 2.6079 0.186935 0.916838 0.205637 0.908327
14 5.6120 2.6576 2.5838 0.183586 0.918208 0.201148 0.910969
15 5.3558 2.4461 2.5526 0.180648 0.919747 0.197570 0.912490
16 5.3284 2.4303 2.5418 0.178092 0.921294 0.194291 0.913371
17 5.3601 2.4474 2.5628 0.175967 0.922326 0.191361 0.914171
18 5.6282 2.6455 2.6213 0.174199 0.923251 0.188678 0.915292
19 5.5109 2.5801 2.5568 0.172617 0.924283 0.186072 0.916813
20 5.4749 2.5061 2.6186 0.171082 0.925217 0.183488 0.918335
21 5.4763 2.4921 2.6297 0.169711 0.926329 0.181257 0.919376
22 5.5647 2.5870 2.6197 0.168544 0.927014 0.179725 0.920096
23 5.3666 2.4778 2.5455 0.167411 0.927984 0.178628 0.920737
24 5.4311 2.4833 2.5901 0.166277 0.928553 0.177791 0.921537
25 5.5118 2.6204 2.5307 0.165160 0.929211 0.177269 0.921537
26 5.5276 2.5147 2.6626 0.164072 0.929772 0.177151 0.921137
27 5.3573 2.4168 2.5795 0.163025 0.930279 0.177504 0.920496
28 5.5307 2.5336 2.6343 0.162043 0.930723 0.178337 0.920016
29 5.4264 2.4913 2.5801 0.161172 0.931257 0.179575 0.918895
30 5.5214 2.5852 2.5848 0.160468 0.932084 0.181052 0.918415
31 5.3341 2.4071 2.5761 0.159978 0.932591 0.182537 0.917694
32 5.4247 2.4732 2.6032 0.159710 0.933232 0.183779 0.916894
33 5.5000 2.5517 2.5929 0.159620 0.933650 0.184602 0.915452
34 5.3356 2.4414 2.5524 0.159633 0.934024 0.184960 0.915532
35 5.4083 2.4357 2.6222 0.159671 0.934282 0.184913 0.915212
36 5.4062 2.5085 2.5425 0.159673 0.934504 0.184586 0.915212
37 5.4660 2.4690 2.6468 0.159602 0.934797 0.184114 0.915933
38 5.4569 2.5085 2.5977 0.159431 0.935144 0.183615 0.916493
39 5.4805 2.5324 2.6051 0.159151 0.935385 0.183170 0.916653
40 5.5532 2.5548 2.6403 0.158763 0.935723 0.182814 0.917294
41 5.4559 2.4824 2.6257 0.158277 0.935954 0.182556 0.917454
42 5.5346 2.5803 2.6023 0.157718 0.936150 0.182371 0.917454
43 5.5498 2.5458 2.5998 0.157106 0.936336 0.182228 0.917774
44 5.3724 2.4297 2.6009 0.156471 0.936488 0.182093 0.917694
45 5.5763 2.6014 2.6221 0.155833 0.936630 0.181946 0.918175
46 5.4999 2.5377 2.6070 0.155214 0.936790 0.181770 0.918415
47 5.5037 2.5357 2.6215 0.154625 0.936968 0.181566 0.918255
48 5.4142 2.4559 2.6103 0.154071 0.937004 0.181332 0.918335
49 5.3710 2.4301 2.5950 0.153556 0.937101 0.181078 0.918335
