epoch time fwd_time bwd_time loss acc val_loss val_acc
0 5.4508 2.5065 2.5960 0.461271 0.823597 0.457217 0.828022
1 5.4649 2.5095 2.6018 0.377773 0.823669 0.363643 0.827222
2 5.4507 2.5109 2.5782 0.361358 0.822432 0.347463 0.825220
3 5.3826 2.4324 2.5995 0.351878 0.823455 0.332857 0.831225
4 5.5330 2.5306 2.6440 0.280454 0.845249 0.287761 0.875420
5 5.3672 2.4322 2.5969 0.208487 0.897846 0.192863 0.925220
6 5.3988 2.4569 2.5792 0.184220 0.916509 0.192756 0.913931
7 5.4395 2.4845 2.5926 0.171985 0.922976 0.172603 0.924660
8 5.3417 2.4371 2.5540 0.169191 0.926810 0.167687 0.926501
9 5.3514 2.4209 2.5836 0.165667 0.928642 0.163069 0.929944
10 5.4791 2.5009 2.5855 0.162660 0.929958 0.160463 0.930024
11 5.4787 2.5342 2.5868 0.160338 0.931133 0.158476 0.931705
12 5.4506 2.4749 2.6266 0.158320 0.932369 0.156868 0.931785
13 5.5550 2.5743 2.6114 0.156527 0.933161 0.155370 0.932746
14 5.3913 2.4862 2.5648 0.154970 0.933828 0.154008 0.933066
15 5.4908 2.5282 2.6076 0.153615 0.934468 0.152801 0.933147
16 5.3840 2.4448 2.5746 0.152441 0.935198 0.151730 0.933947
17 5.4065 2.5028 2.5539 0.151424 0.935393 0.150761 0.934828
18 5.4865 2.5197 2.6169 0.150550 0.935829 0.149883 0.935548
19 5.4211 2.4936 2.5775 0.149806 0.936185 0.149158 0.935548
20 5.4983 2.5379 2.6165 0.149168 0.936443 0.148529 0.935548
21 5.3163 2.4160 2.5505 0.148613 0.936870 0.147809 0.935709
22 5.4094 2.4766 2.5822 0.148147 0.937208 0.146961 0.936509
23 5.4689 2.5482 2.5614 0.147773 0.937493 0.146081 0.936829
24 5.4444 2.5079 2.5774 0.147481 0.937777 0.145236 0.937870
25 5.4531 2.4676 2.6383 0.147252 0.938062 0.144458 0.938511
26 5.4162 2.4658 2.6037 0.147076 0.938347 0.143726 0.938191
27 5.4194 2.5165 2.5514 0.146939 0.938516 0.143050 0.938991
28 5.6011 2.6493 2.6010 0.146836 0.938729 0.142408 0.939632
29 5.5514 2.5862 2.6032 0.146758 0.938960 0.141812 0.940032
30 5.5129 2.5276 2.6279 0.146705 0.939138 0.141244 0.940272
31 5.3513 2.4305 2.5318 0.146669 0.939183 0.140715 0.940432
32 5.3939 2.4455 2.5983 0.146649 0.939272 0.140216 0.940592
33 5.4022 2.4351 2.6161 0.146641 0.939299 0.139754 0.940833
34 5.4091 2.4414 2.6062 0.146642 0.939396 0.139327 0.940833
35 5.4898 2.4862 2.6435 0.146649 0.939512 0.138937 0.941073
36 5.4082 2.4508 2.6093 0.146655 0.939556 0.138587 0.941313
37 5.3068 2.4109 2.5566 0.146659 0.939690 0.138280 0.941233
38 5.4285 2.4525 2.6296 0.146655 0.939734 0.138018 0.941793
39 5.5009 2.5348 2.6185 0.146637 0.939797 0.137804 0.941793
40 5.3448 2.4232 2.5736 0.146603 0.939939 0.137640 0.941873
41 5.5218 2.5543 2.6174 0.146548 0.940010 0.137526 0.942034
42 5.4559 2.4714 2.6281 0.146470 0.939957 0.137464 0.942434
43 5.5608 2.5847 2.6115 0.146366 0.939992 0.137453 0.942834
44 5.4715 2.5205 2.5888 0.146240 0.939975 0.137491 0.942914
45 5.4817 2.5112 2.6222 0.146096 0.940055 0.137573 0.942594
46 5.5328 2.5632 2.6042 0.145938 0.940010 0.137697 0.942514
47 5.3547 2.4467 2.5562 0.145770 0.940126 0.137863 0.942434
48 5.3751 2.4234 2.6122 0.145594 0.940179 0.138068 0.942354
49 5.3884 2.4676 2.5684 0.145409 0.940250 0.138313 0.942194
