epoch time fwd_time bwd_time loss acc val_loss val_acc
0 5.3952 2.4487 2.5881 0.462332 0.702675 0.458859 0.828022
1 5.6097 2.5979 2.6230 0.461309 0.823597 0.457758 0.828022
2 5.4914 2.4868 2.6622 0.431624 0.823597 0.425692 0.828022
3 5.4414 2.5245 2.5694 0.392730 0.823597 0.389841 0.828022
4 5.2792 2.3909 2.5398 0.369953 0.823366 0.357541 0.828022
5 5.6169 2.6602 2.6115 0.359683 0.823571 0.350831 0.828022
6 5.3673 2.4411 2.5778 0.356749 0.823651 0.346177 0.828022
7 5.3737 2.4358 2.5762 0.349947 0.823589 0.337116 0.828022
8 5.5256 2.5339 2.6386 0.329983 0.825964 0.317804 0.838991
9 5.4640 2.4789 2.6269 0.272185 0.868003 0.235839 0.901121
10 5.3502 2.4420 2.5632 0.213891 0.896690 0.220117 0.903603
11 5.3745 2.4385 2.5805 0.202526 0.904740 0.207199 0.912490
12 5.4977 2.5429 2.5984 0.203017 0.908138 0.203589 0.915452
13 5.4824 2.5414 2.5843 0.196971 0.908930 0.196576 0.915212
14 5.4759 2.5434 2.5724 0.195948 0.910780 0.191703 0.918335
15 5.5124 2.5468 2.6147 0.192574 0.913965 0.189107 0.918815
16 5.4404 2.4931 2.5951 0.192472 0.915593 0.188051 0.918895
17 5.3819 2.4717 2.5568 0.191788 0.916758 0.187650 0.918815
18 5.3371 2.4409 2.5478 0.189852 0.917612 0.186796 0.918815
19 5.4547 2.4767 2.6328 0.187860 0.918412 0.186012 0.918255
20 5.4615 2.4740 2.6372 0.185874 0.919142 0.185189 0.918655
21 5.5558 2.5907 2.6073 0.183927 0.920111 0.184327 0.917934
22 5.5373 2.5241 2.6328 0.181978 0.920859 0.183351 0.917934
23 5.3754 2.4499 2.5590 0.180000 0.921766 0.182198 0.918335
24 5.4033 2.4419 2.6130 0.177964 0.922611 0.180804 0.919376
25 5.4707 2.4996 2.6169 0.175854 0.923287 0.179151 0.920096
26 5.6293 2.7061 2.5713 0.173679 0.924034 0.177289 0.921137
27 5.3412 2.4215 2.5581 0.171471 0.924977 0.175311 0.922578
28 5.4404 2.4669 2.6186 0.169260 0.925769 0.173306 0.923139
29 5.4057 2.4649 2.5879 0.167078 0.926436 0.171340 0.924019
30 5.4086 2.4598 2.5980 0.164952 0.926987 0.169454 0.924740
31 5.5100 2.5562 2.6003 0.162915 0.927592 0.167683 0.924900
32 5.3811 2.4955 2.5349 0.161007 0.928357 0.166052 0.926261
33 5.5470 2.5719 2.6237 0.159264 0.928847 0.164573 0.927142
34 5.4082 2.4785 2.5742 0.157711 0.929380 0.163247 0.928022
35 5.4618 2.4916 2.6114 0.156364 0.929870 0.162062 0.928743
36 5.4080 2.4372 2.6130 0.155218 0.930394 0.160998 0.929303
37 5.5313 2.5673 2.6207 0.154259 0.930830 0.160031 0.929464
38 5.5665 2.6560 2.5602 0.153464 0.931257 0.159142 0.929944
39 5.3824 2.4598 2.5775 0.152805 0.931666 0.158314 0.930825
40 5.3571 2.4313 2.5722 0.152259 0.932058 0.157541 0.931385
41 5.5376 2.5587 2.6266 0.151803 0.932538 0.156816 0.931785
42 5.4870 2.5468 2.5835 0.151422 0.932921 0.156139 0.931705
43 5.4013 2.4829 2.5677 0.151099 0.933214 0.155509 0.931865
44 5.4537 2.4678 2.6349 0.150824 0.933268 0.154924 0.932346
45 5.5777 2.5606 2.6536 0.150586 0.933712 0.154384 0.932426
46 5.5510 2.6103 2.5940 0.150377 0.934006 0.153885 0.932346
47 5.5133 2.5297 2.6341 0.150190 0.934255 0.153426 0.932426
48 5.4002 2.4620 2.5824 0.150021 0.934584 0.153003 0.932826
49 5.4769 2.4900 2.6315 0.149866 0.934780 0.152614 0.933387
