epoch time fwd_time bwd_time loss acc val_loss val_acc
0 5.3575 2.4258 2.5806 0.462449 0.819541 0.458972 0.828022
1 5.3972 2.4933 2.5562 0.460169 0.823597 0.456468 0.828022
2 5.4077 2.4920 2.5551 0.415448 0.823597 0.405326 0.828022
3 5.4364 2.4814 2.6002 0.357255 0.822966 0.349516 0.828022
4 5.3858 2.4577 2.5660 0.315372 0.833845 0.451312 0.743795
5 5.3862 2.4821 2.5557 0.285217 0.862568 0.264439 0.881185
6 5.3339 2.4410 2.5428 0.224674 0.900079 0.210780 0.911449
7 5.5803 2.5948 2.6327 0.191737 0.916366 0.198741 0.916173
8 5.3690 2.4512 2.5669 0.188578 0.922451 0.189156 0.918014
9 5.4486 2.4817 2.6197 0.172204 0.921579 0.175560 0.923379
10 5.4755 2.5309 2.5946 0.166401 0.927245 0.177489 0.923139
11 5.5435 2.5660 2.6143 0.162992 0.927681 0.174179 0.924820
12 5.4172 2.4716 2.5952 0.160511 0.928749 0.169465 0.927142
13 5.3106 2.3698 2.5929 0.158507 0.929496 0.165606 0.929143
14 5.4717 2.5100 2.5692 0.156709 0.930154 0.162726 0.930905
15 5.5535 2.6009 2.5960 0.155061 0.930901 0.160432 0.931865
16 5.4777 2.4907 2.6387 0.153565 0.931524 0.158425 0.932826
17 5.3357 2.4281 2.5542 0.152227 0.932031 0.156545 0.934027
18 5.3532 2.4362 2.5281 0.151043 0.932716 0.154739 0.935468
19 5.5133 2.5429 2.6113 0.149997 0.933374 0.153022 0.936109
20 5.4614 2.4818 2.6276 0.149072 0.934050 0.151450 0.937230
21 5.3878 2.4448 2.5818 0.148256 0.934664 0.150093 0.937710
22 5.3467 2.4398 2.5537 0.147534 0.935002 0.149038 0.938351
23 5.3587 2.4178 2.5965 0.146881 0.935838 0.148379 0.938511
24 5.5058 2.5268 2.6173 0.146283 0.936399 0.148168 0.938831
25 5.3328 2.4175 2.5604 0.145753 0.936906 0.148294 0.939071
26 5.5063 2.5072 2.6392 0.145350 0.937253 0.148361 0.938671
27 5.5260 2.5986 2.5704 0.145151 0.937688 0.147855 0.938751
28 5.5204 2.5627 2.5937 0.145238 0.938053 0.146509 0.939231
29 5.4819 2.5567 2.5711 0.145650 0.938000 0.144451 0.940192
30 5.5545 2.5884 2.6039 0.146294 0.938187 0.142165 0.941633
31 5.5281 2.5718 2.6057 0.146914 0.938373 0.140329 0.941633
32 5.4186 2.5106 2.5568 0.147205 0.938498 0.139330 0.942754
33 5.5360 2.6008 2.5782 0.147229 0.938854 0.138864 0.943315
34 5.4520 2.5129 2.5888 0.147187 0.939032 0.138765 0.942994
35 5.4162 2.4470 2.6093 0.147114 0.939174 0.138941 0.943875
36 5.3501 2.4207 2.5687 0.147032 0.939201 0.139226 0.943715
37 5.3488 2.4565 2.5328 0.146963 0.939450 0.139516 0.943315
38 5.5305 2.5383 2.6368 0.146915 0.939494 0.139787 0.942514
39 5.4342 2.4995 2.5826 0.146884 0.939628 0.140036 0.941954
40 5.4708 2.5359 2.5809 0.146864 0.939912 0.140260 0.941393
41 5.4246 2.4435 2.6270 0.146847 0.940064 0.140453 0.941633
42 5.4739 2.4807 2.6315 0.146829 0.940126 0.140619 0.941393
43 5.5591 2.5498 2.6219 0.146808 0.940179 0.140755 0.941633
44 5.3944 2.4381 2.5965 0.146781 0.940197 0.140859 0.941713
45 5.4750 2.4732 2.6426 0.146749 0.940206 0.140932 0.941954
46 5.5140 2.6055 2.5521 0.146711 0.940304 0.140989 0.941633
47 5.3389 2.4470 2.5429 0.146672 0.940437 0.141033 0.941713
48 5.3441 2.4200 2.5768 0.146634 0.940410 0.141070 0.941633
49 5.3534 2.4474 2.5531 0.146602 0.940455 0.141114 0.941793
