epoch time fwd_time bwd_time loss acc val_loss val_acc
0 5.3258 2.3857 2.5882 0.485339 0.801181 0.466686 0.822818
1 5.3586 2.4134 2.5464 0.482757 0.824176 0.464681 0.822818
2 5.2457 2.4086 2.4870 0.453634 0.824176 0.438270 0.822818
3 5.2566 2.3512 2.5465 0.382177 0.824176 0.392666 0.822818
4 5.2857 2.3585 2.5684 0.366510 0.824176 0.360312 0.822818
5 5.3222 2.4187 2.5491 0.353640 0.824176 0.346314 0.822818
6 5.2570 2.3886 2.5278 0.342697 0.824176 0.335906 0.822818
7 5.2577 2.3976 2.5237 0.324353 0.824336 0.327681 0.825540
8 5.2598 2.3524 2.5598 0.310396 0.829984 0.315824 0.835949
9 5.3075 2.4077 2.5496 0.291774 0.840383 0.304130 0.848679
10 5.2689 2.3887 2.5280 0.284468 0.853512 0.292379 0.858287
11 5.2418 2.3807 2.5129 0.262224 0.870262 0.268010 0.877342
12 5.4817 2.5567 2.5698 0.244005 0.885633 0.253562 0.890312
13 5.3043 2.3885 2.5592 0.234363 0.894262 0.241819 0.896397
14 5.3220 2.4895 2.4799 0.226096 0.899083 0.233545 0.902242
15 5.2883 2.4427 2.4968 0.218530 0.903335 0.226786 0.906245
16 5.2791 2.3508 2.5705 0.213484 0.906021 0.221825 0.908167
17 5.2370 2.3789 2.5131 0.210464 0.907836 0.218310 0.909848
18 5.3131 2.3839 2.5796 0.209423 0.909232 0.214975 0.910809
19 5.2375 2.3533 2.5358 0.206214 0.910353 0.211764 0.912730
20 5.2961 2.4320 2.5258 0.201732 0.911714 0.209127 0.914171
21 5.3718 2.4478 2.5703 0.199794 0.913146 0.205672 0.915452
22 5.2661 2.3831 2.5320 0.198200 0.914000 0.202817 0.915132
23 5.2256 2.3513 2.5193 0.196022 0.915459 0.199340 0.916253
24 5.3503 2.3918 2.6016 0.191845 0.916295 0.196724 0.916974
25 5.2832 2.3572 2.5790 0.188202 0.917345 0.193140 0.918094
26 5.2179 2.3447 2.4798 0.184634 0.918893 0.189387 0.919376
27 5.1928 2.3211 2.5306 0.180730 0.920191 0.185390 0.921057
28 5.3001 2.4107 2.5403 0.176070 0.921508 0.181807 0.923459
29 5.2651 2.3619 2.5596 0.171171 0.922967 0.178626 0.925380
30 5.2434 2.3685 2.5195 0.166884 0.924532 0.175770 0.926821
31 5.2331 2.3502 2.5293 0.164827 0.925867 0.176307 0.925781
32 5.3431 2.4513 2.5346 0.163319 0.927628 0.173545 0.927862
33 5.2884 2.3742 2.5690 0.161526 0.929105 0.170825 0.928823
34 5.2551 2.3770 2.5269 0.160386 0.930377 0.168659 0.929704
35 5.2915 2.3687 2.5718 0.159294 0.931462 0.166633 0.929464
36 5.2300 2.3464 2.5385 0.157622 0.932147 0.164709 0.930264
37 5.2365 2.3289 2.5618 0.155516 0.933196 0.162861 0.931465
38 5.3743 2.4412 2.5734 0.155102 0.934424 0.159956 0.932826
39 5.3190 2.4016 2.5616 0.153406 0.935136 0.156204 0.933947
40 5.3340 2.4687 2.4999 0.150681 0.935794 0.153606 0.935068
41 5.2728 2.3932 2.5315 0.146883 0.936861 0.150227 0.936669
42 5.2787 2.3942 2.5427 0.142885 0.937777 0.148384 0.937230
43 5.2936 2.3914 2.5547 0.140798 0.938338 0.148144 0.938030
44 5.3719 2.4558 2.5619 0.138866 0.939423 0.146669 0.938431
45 5.1824 2.3215 2.5102 0.136802 0.939797 0.145449 0.938911
46 5.1361 2.2998 2.4878 0.134881 0.940081 0.144250 0.939552
47 5.2876 2.3583 2.5404 0.133178 0.940526 0.143166 0.940272
48 5.3657 2.4363 2.5626 0.131659 0.940891 0.142183 0.940753
49 5.2729 2.3851 2.5449 0.130295 0.941433 0.141279 0.941153
