epoch time fwd_time bwd_time loss acc val_loss val_acc
0 5.2535 2.3816 2.5188 0.484230 0.738825 0.466323 0.822818
1 5.3055 2.4311 2.4892 0.473682 0.824176 0.457531 0.822818
2 5.2780 2.3593 2.5596 0.376362 0.824176 0.382859 0.822818
3 5.2691 2.3915 2.5251 0.345402 0.824176 0.341707 0.822818
4 5.3888 2.4960 2.5355 0.319362 0.824229 0.318666 0.825140
5 5.2934 2.3956 2.5604 0.277140 0.843576 0.284840 0.863811
6 5.2797 2.4108 2.5223 0.247465 0.879922 0.268026 0.890953
7 5.2361 2.3420 2.5390 0.232599 0.895240 0.247505 0.894716
8 5.2955 2.4495 2.4999 0.220988 0.899101 0.238340 0.896717
9 5.2533 2.4012 2.4978 0.213467 0.902178 0.231188 0.899600
10 5.1835 2.3839 2.4579 0.209348 0.903842 0.226579 0.901681
11 5.1567 2.3272 2.4753 0.204790 0.906377 0.220922 0.905204
12 5.3067 2.4041 2.5513 0.200912 0.907907 0.214856 0.909528
13 5.2280 2.3769 2.5109 0.198496 0.909481 0.210497 0.910969
14 5.2642 2.3862 2.5321 0.195107 0.911367 0.207132 0.913050
15 5.2928 2.3779 2.5545 0.193788 0.912177 0.202533 0.914091
16 5.2545 2.3538 2.5391 0.190418 0.913467 0.198150 0.917374
17 5.3224 2.3972 2.5766 0.187426 0.915068 0.194305 0.919135
18 5.3070 2.4196 2.5416 0.184194 0.916696 0.190691 0.920817
19 5.3317 2.4226 2.5611 0.181637 0.918021 0.186904 0.922018
20 5.2557 2.3614 2.5489 0.178314 0.919177 0.184508 0.921457
21 5.2795 2.3685 2.5569 0.173272 0.920263 0.188011 0.919776
22 5.2539 2.3534 2.5495 0.171537 0.921882 0.184469 0.922178
23 5.2172 2.3431 2.5207 0.173336 0.924132 0.183920 0.921617
24 5.2294 2.3810 2.4996 0.163822 0.925635 0.179757 0.923539
25 5.3143 2.3629 2.5912 0.162393 0.927041 0.180416 0.922018
26 5.3153 2.3953 2.5290 0.166039 0.928340 0.179793 0.920817
27 5.3229 2.4788 2.4930 0.164262 0.930626 0.174824 0.922978
28 5.1980 2.3379 2.5191 0.170395 0.932556 0.157140 0.934187
29 5.2844 2.4104 2.5178 0.149069 0.933881 0.168858 0.925861
30 5.2752 2.4323 2.4955 0.137357 0.934371 0.166470 0.926501
31 5.1803 2.3227 2.5074 0.140116 0.936043 0.161083 0.930504
32 5.2085 2.3762 2.4753 0.132169 0.937101 0.160652 0.930264
33 5.2898 2.4005 2.5402 0.130107 0.938098 0.164190 0.927782
34 5.3737 2.4466 2.5376 0.126946 0.938631 0.157832 0.932106
35 5.2588 2.3504 2.5654 0.125873 0.939254 0.157174 0.932506
36 5.3139 2.3837 2.5766 0.126416 0.939806 0.158421 0.932426
37 5.2447 2.3609 2.5232 0.129669 0.939957 0.159393 0.931065
38 5.3770 2.4586 2.5727 0.129415 0.940562 0.155221 0.933307
39 5.2478 2.3784 2.5218 0.131681 0.940935 0.148261 0.937710
40 5.3240 2.4387 2.5259 0.135049 0.941122 0.145615 0.938751
41 5.2498 2.3586 2.5381 0.131215 0.941309 0.145630 0.938831
42 5.4336 2.5494 2.5404 0.132346 0.941505 0.145036 0.938991
43 5.1410 2.3056 2.4716 0.130352 0.941798 0.145050 0.938751
44 5.3041 2.4278 2.5348 0.130478 0.941967 0.143733 0.939231
45 5.2767 2.4276 2.5051 0.129115 0.941905 0.143520 0.939472
46 5.3867 2.4462 2.5843 0.127772 0.942252 0.143140 0.939632
47 5.3246 2.3949 2.5745 0.125385 0.942528 0.143203 0.939311
48 5.2676 2.4239 2.4800 0.123122 0.942501 0.142838 0.939472
49 5.1319 2.3163 2.4634 0.125213 0.942634 0.141864 0.939472
