epoch time fwd_time bwd_time loss acc val_loss val_acc
0 5.2505 2.3720 2.5357 0.479910 0.785223 0.462695 0.822818
1 5.1964 2.3391 2.5095 0.404357 0.824176 0.394776 0.822818
2 5.1945 2.3275 2.5154 0.358658 0.824176 0.359864 0.822818
3 5.3423 2.4401 2.5505 0.340316 0.824176 0.340785 0.822818
4 5.2781 2.4174 2.5057 0.321113 0.825563 0.318907 0.830745
5 5.3352 2.4040 2.5580 0.296988 0.836843 0.310115 0.841873
6 5.2674 2.3907 2.5131 0.284156 0.849518 0.298577 0.860288
7 5.3387 2.4268 2.5457 0.246622 0.871472 0.264391 0.879584
8 5.2844 2.3910 2.5355 0.228752 0.889752 0.242266 0.894796
9 5.2907 2.4609 2.4853 0.219056 0.897108 0.232228 0.904564
10 5.2351 2.3408 2.5545 0.210134 0.903290 0.220589 0.907766
11 5.3014 2.4010 2.5494 0.207790 0.909188 0.215555 0.908006
12 5.3326 2.3977 2.5753 0.202032 0.912301 0.208228 0.912330
13 5.3385 2.4524 2.5295 0.197504 0.914783 0.201540 0.915773
14 5.1231 2.3140 2.4648 0.193407 0.916971 0.195269 0.920576
15 5.2968 2.3739 2.5668 0.190331 0.918759 0.191955 0.923779
16 5.4363 2.4809 2.6096 0.187716 0.920405 0.189460 0.923539
17 5.2161 2.3338 2.5321 0.185212 0.921775 0.186953 0.925300
18 5.1222 2.3003 2.4743 0.182795 0.922762 0.184573 0.926501
19 5.3916 2.4740 2.5601 0.180441 0.923625 0.182338 0.927222
20 5.2179 2.3474 2.5213 0.178143 0.924568 0.180254 0.928183
21 5.3080 2.4345 2.4840 0.175911 0.925475 0.178308 0.928823
22 5.3119 2.4448 2.5110 0.173753 0.926214 0.176483 0.928983
23 5.2580 2.4058 2.5031 0.171681 0.927148 0.174765 0.929143
24 5.3039 2.4166 2.5344 0.169699 0.927539 0.173144 0.930024
25 5.2687 2.3866 2.5289 0.167811 0.928055 0.171607 0.930264
26 5.2408 2.3943 2.4917 0.166017 0.928464 0.170151 0.930985
27 5.2398 2.3531 2.5322 0.164318 0.928909 0.168769 0.931465
28 5.2856 2.3698 2.5631 0.162710 0.929576 0.167455 0.931785
29 5.2817 2.4091 2.5198 0.161190 0.930083 0.166206 0.932346
30 5.2126 2.3690 2.4914 0.159754 0.930483 0.165018 0.932746
31 5.4408 2.5773 2.5168 0.158397 0.930928 0.163887 0.933147
32 5.2864 2.4176 2.5051 0.157114 0.931497 0.162808 0.933947
33 5.2071 2.3482 2.5162 0.155898 0.931853 0.161778 0.934428
34 5.2596 2.3837 2.5294 0.154745 0.932316 0.160792 0.934428
35 5.2549 2.3521 2.5579 0.153648 0.932752 0.159847 0.934668
36 5.2756 2.3683 2.5523 0.152605 0.932965 0.158937 0.935388
37 5.3829 2.4909 2.5413 0.151609 0.933250 0.158061 0.935949
38 5.3069 2.4366 2.5200 0.150659 0.933463 0.157215 0.936029
39 5.4417 2.5232 2.5628 0.149751 0.933819 0.156394 0.936029
40 5.3689 2.4961 2.5236 0.148884 0.934139 0.155597 0.936509
41 5.3074 2.4218 2.5389 0.148056 0.934317 0.154821 0.936749
42 5.3203 2.5002 2.4740 0.147266 0.934620 0.154063 0.936829
43 5.2275 2.3523 2.5176 0.146513 0.934797 0.153324 0.936669
44 5.3211 2.4089 2.5527 0.145795 0.934922 0.152602 0.937150
45 5.5122 2.6055 2.5420 0.145113 0.935091 0.151897 0.937710
46 5.2761 2.4047 2.5157 0.144465 0.935260 0.151210 0.938030
47 5.2440 2.3461 2.5368 0.143848 0.935518 0.150540 0.938431
48 5.3851 2.4716 2.5591 0.143262 0.935589 0.149890 0.938351
49 5.3161 2.4337 2.5330 0.142703 0.935696 0.149261 0.938511
