epoch time fwd_time bwd_time loss acc val_loss val_acc
0 5.1889 2.3440 2.4904 0.483711 0.821996 0.465863 0.822818
1 5.3232 2.3832 2.5899 0.434905 0.824176 0.421444 0.822818
2 5.1529 2.3193 2.4751 0.348969 0.824176 0.346874 0.822818
3 5.1339 2.3081 2.4769 0.321490 0.833124 0.327166 0.824660
4 5.2593 2.3652 2.5385 0.275134 0.845044 0.281463 0.870697
5 5.2124 2.3852 2.4848 0.232020 0.883098 0.245631 0.897358
6 5.1865 2.3176 2.5213 0.219552 0.896521 0.229532 0.901281
7 5.2357 2.3622 2.5203 0.215271 0.902134 0.221581 0.904404
8 5.1739 2.3317 2.4884 0.210071 0.905123 0.218846 0.907846
9 5.3746 2.4011 2.5894 0.221600 0.907685 0.240827 0.903203
10 5.2737 2.3688 2.5517 0.211841 0.906937 0.232454 0.907046
11 5.2802 2.4403 2.4902 0.235942 0.904705 0.239918 0.888711
12 5.2428 2.3608 2.5367 0.228481 0.908201 0.236630 0.892874
13 5.2993 2.4116 2.5423 0.225035 0.911679 0.208841 0.913931
14 5.3411 2.4657 2.5233 0.203521 0.914000 0.205587 0.914572
15 5.3370 2.4304 2.5534 0.190526 0.914570 0.202791 0.916013
16 5.2748 2.4348 2.4959 0.202590 0.914659 0.200355 0.918415
17 5.3856 2.4518 2.5890 0.204100 0.913644 0.213523 0.908807
18 5.1557 2.3248 2.4755 0.195664 0.914703 0.208766 0.913931
19 5.3650 2.4444 2.5597 0.192416 0.916598 0.196581 0.918495
20 5.2990 2.4161 2.5369 0.186338 0.917612 0.187620 0.920416
21 5.3702 2.4543 2.5547 0.182204 0.919907 0.193326 0.920336
22 5.2903 2.4358 2.5145 0.222559 0.920085 0.230621 0.913531
23 5.2388 2.3800 2.4968 0.188476 0.917131 0.188110 0.923619
24 5.4189 2.4890 2.5797 0.194799 0.921268 0.173582 0.926902
25 5.4019 2.4984 2.5463 0.181265 0.923518 0.169080 0.928983
26 5.2918 2.3804 2.5634 0.191035 0.926890 0.163375 0.934508
27 5.2876 2.4172 2.5098 0.169584 0.926658 0.160916 0.932346
28 5.2295 2.3707 2.5070 0.179445 0.929523 0.182363 0.925540
29 5.2776 2.3864 2.5478 0.155124 0.931453 0.159505 0.932666
30 5.2548 2.3860 2.4846 0.180180 0.935082 0.154576 0.936749
31 5.2252 2.3441 2.5329 0.161504 0.930119 0.148553 0.939632
32 5.2958 2.3669 2.5693 0.137763 0.938667 0.158676 0.931145
33 5.2363 2.3601 2.5171 0.236074 0.937422 0.134108 0.945877
34 5.4278 2.4357 2.6126 0.150631 0.938925 0.201562 0.914892
35 5.3779 2.4615 2.5792 0.131637 0.922629 0.151359 0.934347
36 5.3100 2.4806 2.4857 0.165539 0.946130 0.118619 0.952282
37 5.2534 2.3575 2.5448 0.117365 0.947233 0.172904 0.927862
38 5.2706 2.3875 2.5352 0.128226 0.947589 0.121057 0.948999
39 5.2958 2.3746 2.5689 0.109822 0.950222 0.137396 0.939552
40 5.2414 2.3583 2.5328 0.111861 0.938365 0.135497 0.942194
41 5.3517 2.4659 2.5298 0.117083 0.952312 0.130436 0.944195
42 5.2490 2.4050 2.4885 0.116174 0.942937 0.143873 0.940592
43 5.2597 2.3997 2.5045 0.140008 0.953077 0.185571 0.922818
44 5.3626 2.4581 2.5562 0.117692 0.951779 0.150501 0.936589
45 5.3700 2.4834 2.5244 0.122394 0.954145 0.137117 0.941633
46 5.3826 2.4608 2.5673 0.096495 0.954118 0.108528 0.952842
47 5.3073 2.3983 2.5579 0.101198 0.954616 0.119102 0.949159
48 5.2726 2.3811 2.5371 0.127329 0.935847 0.146941 0.937150
49 5.3245 2.4820 2.4927 0.114145 0.951583 0.133791 0.944355
