epoch time fwd_time bwd_time loss acc val_loss val_acc
0 5.3860 2.4887 2.5382 0.461227 0.733960 0.457657 0.828022
1 5.3840 2.4387 2.5958 0.424226 0.823597 0.416548 0.828022
2 5.4918 2.5355 2.6054 0.378131 0.823597 0.368360 0.828022
3 5.4659 2.4695 2.6323 0.370870 0.823597 0.357531 0.828022
4 5.5116 2.4910 2.6204 0.365640 0.823597 0.349855 0.828022
5 5.5641 2.5897 2.6144 0.362094 0.823597 0.345342 0.828022
6 5.4849 2.5289 2.6040 0.358361 0.823597 0.341405 0.828022
7 5.4197 2.5185 2.5456 0.355735 0.823597 0.338316 0.828022
8 5.4088 2.5205 2.5327 0.343747 0.824158 0.326111 0.830264
9 5.4348 2.5109 2.5772 0.277728 0.837768 0.251052 0.885428
10 5.4306 2.4529 2.6226 0.285899 0.903139 0.246467 0.893114
11 5.5386 2.5547 2.6360 0.200902 0.911527 0.200217 0.916813
12 5.5617 2.6380 2.5607 0.188534 0.918119 0.191403 0.919295
13 5.4646 2.4901 2.6237 0.184735 0.918964 0.183584 0.924500
14 5.4573 2.5031 2.6066 0.181595 0.919213 0.184723 0.919456
15 5.5528 2.6101 2.5827 0.179724 0.922068 0.178796 0.923139
16 5.5355 2.6049 2.5777 0.178764 0.923750 0.176533 0.923939
17 5.4103 2.4646 2.5922 0.177288 0.924648 0.174533 0.925060
18 5.3838 2.4448 2.5800 0.176219 0.925511 0.172766 0.926021
19 5.3619 2.4577 2.5498 0.175578 0.926543 0.171321 0.926021
20 5.4559 2.5031 2.5978 0.175232 0.927308 0.170175 0.926661
21 5.4190 2.4740 2.5969 0.175065 0.928073 0.169289 0.927622
22 5.5485 2.5952 2.5957 0.174979 0.928669 0.168609 0.927542
23 5.5510 2.6017 2.5833 0.174881 0.929345 0.168062 0.928583
24 5.3907 2.4748 2.5731 0.174710 0.929798 0.167562 0.928183
25 5.5276 2.5569 2.5789 0.174448 0.930119 0.167041 0.927942
26 5.4271 2.4724 2.5921 0.174113 0.930635 0.166465 0.928263
27 5.3850 2.4746 2.5519 0.173742 0.931124 0.165839 0.928102
28 5.4142 2.4651 2.6031 0.173365 0.931515 0.165186 0.928263
29 5.4966 2.5445 2.5868 0.172998 0.931924 0.164528 0.928263
30 5.4304 2.5397 2.5373 0.172653 0.932236 0.163886 0.928343
31 5.4262 2.4640 2.6156 0.172328 0.932565 0.163268 0.928583
32 5.4083 2.4648 2.5979 0.172022 0.932778 0.162681 0.928663
33 5.4948 2.5349 2.6128 0.171734 0.933125 0.162130 0.928903
34 5.4694 2.4855 2.6365 0.171457 0.933454 0.161613 0.928903
35 5.5397 2.5496 2.6176 0.171190 0.933748 0.161131 0.929223
36 5.5547 2.5878 2.6027 0.170926 0.934041 0.160682 0.929223
37 5.3998 2.4788 2.5641 0.170662 0.934362 0.160259 0.929464
38 5.5642 2.6055 2.5998 0.170398 0.934557 0.159864 0.928983
39 5.3574 2.4373 2.5714 0.170129 0.934940 0.159488 0.929223
40 5.5097 2.5208 2.6390 0.169855 0.935224 0.159134 0.929223
41 5.4501 2.4809 2.6198 0.169575 0.935482 0.158793 0.929384
42 5.3621 2.4355 2.5735 0.169288 0.935749 0.158467 0.929303
43 5.5558 2.5725 2.6175 0.168996 0.935989 0.158151 0.929784
44 5.5576 2.6465 2.5529 0.168698 0.936167 0.157844 0.930024
45 5.3974 2.5099 2.5360 0.168397 0.936345 0.157547 0.930264
46 5.4843 2.5269 2.6122 0.168092 0.936550 0.157256 0.930264
47 5.4545 2.4768 2.6335 0.167785 0.936781 0.156969 0.930745
48 5.5552 2.5948 2.5853 0.167478 0.936906 0.156690 0.931145
49 5.4700 2.5272 2.5907 0.167173 0.937066 0.156416 0.931305
