epoch time loss acc val_loss val_acc
0 11.3847 0.467822 0.688932 0.474192 0.824420
1 11.3904 0.450928 0.823998 0.463717 0.824420
2 11.3871 0.445859 0.823998 0.458232 0.824420
3 11.4276 0.390978 0.823998 0.397137 0.824420
4 11.3379 0.365849 0.823998 0.369534 0.824420
5 11.2396 0.355682 0.823998 0.359534 0.824420
6 11.2972 0.351670 0.823998 0.354419 0.824420
7 11.3112 0.346736 0.823998 0.351111 0.824420
8 11.4146 0.343908 0.823980 0.347415 0.824339
9 11.3050 0.342158 0.824007 0.342151 0.822178
10 11.2321 0.313032 0.823820 0.318922 0.833066
11 11.4825 0.281907 0.855105 0.288047 0.874139
12 11.4312 0.248645 0.877619 0.264049 0.890392
13 11.3657 0.225211 0.889387 0.251967 0.889271
14 11.4459 0.213615 0.896930 0.230907 0.897198
15 11.1987 0.204763 0.901164 0.220144 0.903843
16 11.3384 0.198693 0.905141 0.213213 0.907526
17 11.3528 0.193053 0.908076 0.208065 0.909608
18 11.2505 0.187266 0.911109 0.202918 0.912090
19 11.2560 0.181147 0.913493 0.197669 0.914331
20 11.5210 0.174902 0.916171 0.192299 0.917534
21 11.4264 0.168910 0.918848 0.186863 0.919856
22 11.4612 0.163421 0.921935 0.181472 0.922738
23 11.3727 0.158161 0.924488 0.176204 0.925380
24 11.3240 0.152634 0.926836 0.170797 0.928022
25 11.3532 0.146236 0.929523 0.164523 0.930264
26 11.2200 0.138869 0.932369 0.158152 0.933867
27 11.3499 0.132616 0.934824 0.153374 0.936029
28 11.2747 0.128012 0.936470 0.149350 0.936990
29 11.2330 0.124559 0.937786 0.145528 0.937870
30 11.1854 0.121561 0.938943 0.142684 0.940352
31 11.3884 0.118923 0.940099 0.140614 0.940592
32 11.1924 0.116655 0.940944 0.138970 0.941553
33 11.3592 0.114705 0.941273 0.137589 0.942354
34 11.4751 0.113014 0.941771 0.136394 0.943235
35 11.2681 0.111529 0.942225 0.135345 0.944115
36 11.2659 0.110214 0.942892 0.134415 0.944676
37 11.1991 0.109040 0.943337 0.133587 0.945797
38 11.2419 0.107987 0.943746 0.132846 0.946277
39 11.2855 0.107043 0.944244 0.132183 0.946677
40 11.2348 0.106199 0.944538 0.131588 0.947238
41 11.3690 0.105449 0.944858 0.131057 0.947718
42 11.4029 0.104786 0.945036 0.130584 0.947958
43 11.3696 0.104207 0.945516 0.130164 0.947878
44 11.1848 0.103707 0.945685 0.129796 0.947958
45 11.3054 0.103280 0.945845 0.129476 0.948279
46 11.4486 0.102923 0.946112 0.129203 0.948038
47 11.1884 0.102627 0.946406 0.128973 0.948199
48 11.1864 0.102386 0.946593 0.128787 0.948199
49 11.4222 0.102192 0.946699 0.128642 0.948359
