epoch time loss acc val_loss val_acc
0 11.4127 0.446144 0.821881 0.464116 0.824420
1 11.3403 0.445598 0.823998 0.458267 0.824420
2 11.2959 0.368194 0.824024 0.364714 0.824500
3 11.2931 0.361005 0.824193 0.361407 0.823859
4 11.0287 0.358404 0.824211 0.358164 0.823699
5 11.1949 0.357292 0.824220 0.353835 0.823939
6 11.2724 0.318846 0.825884 0.320719 0.835388
7 11.3890 0.308181 0.839458 0.295226 0.875260
8 11.2826 0.240197 0.878633 0.241787 0.896477
9 11.3376 0.255469 0.885909 0.253044 0.889191
10 11.3914 0.222547 0.896592 0.229248 0.901201
11 11.3884 0.195276 0.901992 0.222541 0.903763
12 11.3310 0.182885 0.903450 0.204247 0.910488
13 11.3955 0.187952 0.908663 0.200682 0.913291
14 11.3249 0.179042 0.908752 0.194171 0.915132
15 11.3084 0.176475 0.910745 0.188795 0.917854
16 11.3461 0.171730 0.913129 0.185769 0.918655
17 11.2413 0.167064 0.915370 0.183822 0.918895
18 11.4135 0.162676 0.917469 0.181945 0.919856
19 11.4179 0.158205 0.919177 0.179874 0.921137
20 11.3896 0.154141 0.920654 0.177799 0.921137
21 11.4313 0.150754 0.921837 0.175793 0.921857
22 11.2175 0.148026 0.922798 0.173828 0.922258
23 11.1594 0.145936 0.923438 0.172130 0.922338
24 11.1037 0.144295 0.924203 0.170647 0.922898
25 11.4001 0.142853 0.925191 0.169272 0.924179
26 11.2102 0.141571 0.925840 0.167938 0.925140
27 11.4055 0.140442 0.926454 0.166902 0.925620
28 11.3481 0.139357 0.926970 0.166054 0.925861
29 11.3339 0.138530 0.927397 0.165373 0.926421
30 11.3265 0.137719 0.927752 0.164763 0.926902
31 11.4415 0.136933 0.927939 0.164125 0.926902
32 11.2699 0.136205 0.928251 0.163524 0.926741
33 11.3756 0.135532 0.928606 0.162965 0.927062
34 11.4075 0.134907 0.928953 0.162445 0.927222
35 11.3624 0.134325 0.929220 0.161959 0.927382
36 11.2565 0.133784 0.929336 0.161504 0.927782
37 11.1949 0.133277 0.929514 0.161074 0.928022
38 11.2944 0.132801 0.929665 0.160664 0.928102
39 11.2997 0.132354 0.929843 0.160271 0.928183
40 11.2100 0.131934 0.930021 0.159898 0.928183
41 11.3892 0.131539 0.930216 0.159542 0.928263
42 11.1859 0.131171 0.930279 0.159202 0.928903
43 11.2591 0.130826 0.930368 0.158876 0.928823
44 11.1530 0.130507 0.930528 0.158561 0.928743
45 11.4451 0.130214 0.930652 0.158254 0.929223
46 11.2977 0.129951 0.930670 0.157960 0.929464
47 11.3127 0.129719 0.930759 0.157686 0.929784
48 11.3407 0.129482 0.930777 0.157377 0.930104
49 11.3819 0.129208 0.930777 0.156991 0.930344
