epoch time loss acc val_loss val_acc
0 11.3596 0.515685 0.823918 0.514920 0.824420
1 11.2036 0.452754 0.823998 0.464892 0.824420
2 11.3293 0.451708 0.823998 0.464340 0.824420
3 11.2887 0.451552 0.823998 0.464162 0.824420
4 11.4485 0.451340 0.823998 0.463934 0.824420
5 11.2756 0.450975 0.823998 0.463583 0.824420
6 11.2696 0.450307 0.823998 0.462965 0.824420
7 11.3509 0.448724 0.823998 0.461465 0.824420
8 11.6130 0.435012 0.823998 0.447144 0.824420
9 12.2096 0.373966 0.822708 0.372990 0.821777
10 11.3934 0.358858 0.823375 0.361882 0.823779
11 11.2519 0.353055 0.824345 0.355907 0.824580
12 11.3677 0.348017 0.824354 0.351420 0.824580
13 11.4276 0.345560 0.824451 0.347226 0.824500
14 11.2090 0.330432 0.825421 0.334500 0.825540
15 11.1644 0.295472 0.834530 0.298452 0.860849
16 11.2328 0.255771 0.870645 0.271658 0.884468
17 11.2051 0.231663 0.881132 0.256404 0.889031
18 11.2648 0.219134 0.888693 0.246164 0.890713
19 11.2686 0.209016 0.893897 0.238060 0.893755
20 11.5115 0.200796 0.898345 0.230421 0.898479
21 11.3643 0.194059 0.901369 0.223646 0.902162
22 11.4263 0.189057 0.903842 0.217406 0.905044
23 11.3978 0.185066 0.905790 0.212419 0.906966
24 11.2762 0.181573 0.907569 0.208550 0.907926
25 11.3576 0.178463 0.909455 0.205315 0.908967
26 11.3108 0.175677 0.910771 0.202456 0.910248
27 11.4111 0.173167 0.911634 0.199845 0.911369
28 11.4265 0.170893 0.912835 0.197413 0.912810
29 11.2230 0.168822 0.913876 0.195127 0.914011
30 11.4900 0.166926 0.914917 0.192972 0.915212
31 11.3076 0.165181 0.915895 0.190944 0.916253
32 11.3999 0.163565 0.916749 0.189036 0.918014
33 11.3486 0.162062 0.917710 0.187247 0.918815
34 11.3799 0.160657 0.918590 0.185567 0.919936
35 11.6465 0.159339 0.919097 0.183993 0.920657
36 11.2757 0.158099 0.919818 0.182516 0.921457
37 11.2724 0.156928 0.920690 0.181130 0.921938
38 11.3066 0.155821 0.921321 0.179827 0.922658
39 11.3506 0.154771 0.922033 0.178601 0.923219
40 11.2857 0.153774 0.922691 0.177448 0.923459
41 11.2189 0.152825 0.923287 0.176360 0.923859
42 11.4219 0.151922 0.923865 0.175333 0.924259
43 11.1938 0.151060 0.924310 0.174364 0.924900
44 11.3915 0.150237 0.924764 0.173447 0.925300
45 11.3726 0.149450 0.925271 0.172579 0.925540
46 11.2644 0.148697 0.925635 0.171757 0.926101
47 11.3808 0.147976 0.926160 0.170977 0.926421
48 11.3491 0.147286 0.926552 0.170238 0.926821
49 11.2313 0.146625 0.926907 0.169535 0.927382
