epoch time loss acc val_loss val_acc
0 11.2916 0.457623 0.812345 0.463839 0.824420
1 11.4401 0.393046 0.823909 0.417112 0.824420
2 11.4258 0.360128 0.823793 0.364628 0.824420
3 11.2369 0.356954 0.823998 0.355566 0.824420
4 11.2566 0.354861 0.823998 0.356081 0.824420
5 11.3865 0.352424 0.823998 0.352866 0.824420
6 11.2797 0.351297 0.823998 0.350173 0.824420
7 11.3904 0.349877 0.823998 0.344932 0.824420
8 11.2262 0.329607 0.823998 0.335218 0.824420
9 11.4043 0.296059 0.831728 0.309272 0.878303
10 11.3166 0.294908 0.867531 0.254095 0.882306
11 11.2953 0.206694 0.891122 0.227650 0.903523
12 11.3496 0.255329 0.900835 0.215307 0.907686
13 11.3018 0.188536 0.906591 0.220313 0.902642
14 11.2326 0.187003 0.910558 0.192548 0.918575
15 11.3807 0.172779 0.913653 0.197131 0.914011
16 11.2069 0.174674 0.914454 0.214279 0.907046
17 11.3324 0.161912 0.915788 0.181660 0.922018
18 11.2212 0.169725 0.918724 0.191439 0.916653
19 11.3941 0.163316 0.920440 0.188430 0.917614
20 11.1826 0.158839 0.921499 0.181889 0.920096
21 11.3531 0.152429 0.923394 0.173237 0.925701
22 11.3780 0.163101 0.922931 0.174339 0.925220
23 11.4256 0.142263 0.927094 0.168761 0.927862
24 11.3055 0.150528 0.928224 0.159862 0.932986
25 11.2680 0.134465 0.929647 0.165677 0.930024
26 11.2381 0.149509 0.929789 0.155163 0.934187
27 11.2062 0.145820 0.932743 0.151415 0.937150
28 11.3163 0.135739 0.934477 0.146320 0.938671
29 11.2619 0.123829 0.935794 0.149511 0.937550
30 11.2827 0.119986 0.937324 0.151344 0.935308
31 11.2266 0.120320 0.938124 0.144562 0.939151
32 11.3712 0.122147 0.939218 0.138985 0.942434
33 11.2404 0.120330 0.940090 0.137366 0.944275
34 11.3366 0.117214 0.940535 0.138408 0.942274
35 11.5220 0.112468 0.940606 0.147035 0.938591
36 11.4248 0.116269 0.943488 0.133549 0.944436
37 11.3478 0.107941 0.942172 0.135499 0.943795
38 11.3662 0.116959 0.944760 0.128377 0.947318
39 11.3102 0.105905 0.943693 0.133254 0.943875
40 11.4212 0.113985 0.946041 0.126823 0.948599
41 11.3196 0.105616 0.944369 0.129032 0.945556
42 11.4421 0.106207 0.946664 0.132008 0.946277
43 11.1779 0.102365 0.946530 0.129952 0.944996
44 11.2687 0.102353 0.947696 0.131048 0.945476
45 11.4865 0.101108 0.947740 0.127542 0.945637
46 11.4276 0.100780 0.947767 0.124781 0.946597
47 11.3187 0.101080 0.947598 0.123166 0.947718
48 11.2942 0.100524 0.947384 0.124579 0.947238
49 11.3835 0.099813 0.948078 0.123054 0.947478
