epoch time loss acc val_loss val_acc
0 11.4958 0.455396 0.808289 0.463043 0.824420
1 11.3047 0.366026 0.823998 0.377083 0.824420
2 11.4283 0.366045 0.823998 0.357629 0.824420
3 11.2860 0.358232 0.823998 0.354185 0.824420
4 11.2486 0.355385 0.823998 0.350740 0.824420
5 11.1681 0.421392 0.833996 0.409004 0.824420
6 11.3265 0.217481 0.858325 0.221005 0.908086
7 11.3522 0.174541 0.904420 0.193659 0.915933
8 11.2289 0.158354 0.917968 0.177962 0.921377
9 11.3793 0.153410 0.922718 0.171463 0.924980
10 11.2853 0.157139 0.920859 0.167535 0.927622
11 11.3315 0.165760 0.921624 0.184093 0.919696
12 11.3519 0.159924 0.923545 0.173712 0.923299
13 11.2611 0.157973 0.925707 0.169513 0.925941
14 11.4693 0.154351 0.926045 0.168953 0.926181
15 11.3990 0.150334 0.926489 0.168499 0.926021
16 11.3098 0.147902 0.926836 0.167725 0.926181
17 11.3718 0.146017 0.926898 0.166907 0.926421
18 11.2209 0.144393 0.927130 0.166057 0.926661
19 11.1209 0.142911 0.927361 0.165096 0.927702
20 11.3260 0.141573 0.927592 0.163915 0.928022
21 11.2723 0.140440 0.927530 0.162411 0.929544
22 11.4064 0.139921 0.927236 0.160798 0.930264
23 11.3652 0.141906 0.925911 0.165144 0.925060
24 11.3246 0.138776 0.926649 0.164819 0.925220
25 11.4181 0.137748 0.927281 0.164072 0.925781
26 11.4152 0.137085 0.927521 0.163535 0.925861
27 11.4583 0.136417 0.927788 0.163070 0.926261
28 11.3242 0.135749 0.927948 0.162656 0.926501
29 11.3621 0.135094 0.928171 0.162283 0.926821
30 11.3279 0.134476 0.928331 0.161955 0.927302
31 11.3191 0.133929 0.928402 0.161682 0.926982
32 11.3139 0.133471 0.928446 0.161463 0.927142
33 11.3984 0.133062 0.928580 0.161256 0.927222
34 11.3193 0.132662 0.928633 0.161031 0.927382
35 11.2203 0.132313 0.928722 0.160783 0.927382
36 11.3176 0.132057 0.928660 0.160531 0.927862
37 11.1673 0.131873 0.928758 0.160319 0.928022
38 11.3644 0.131716 0.928811 0.160142 0.928183
39 11.1850 0.131568 0.928820 0.159952 0.928102
40 11.3552 0.131448 0.928864 0.159710 0.928423
41 11.2773 0.131453 0.929131 0.159422 0.928423
42 11.3819 0.131538 0.929327 0.159468 0.928663
43 11.3322 0.131448 0.929389 0.159230 0.928903
44 11.5551 0.130261 0.929380 0.159281 0.928423
45 11.3324 0.130899 0.929505 0.158907 0.928903
46 11.2651 0.130899 0.929807 0.158492 0.929063
47 11.3776 0.130614 0.929789 0.158376 0.929063
48 11.3006 0.130416 0.929923 0.158178 0.929223
49 11.3956 0.130512 0.930056 0.158043 0.928823
