epoch time fwd_time bwd_time loss acc val_loss val_acc
0 8.5737 4.3475 3.8870 0.472226 0.806127 0.460725 0.827142
1 8.7413 4.4605 3.9164 0.458486 0.823695 0.460382 0.827142
2 8.7427 4.4865 3.8918 0.457788 0.823695 0.459225 0.827142
3 8.7427 4.4888 3.8961 0.407836 0.823695 0.393802 0.827142
4 8.6594 4.3903 3.9050 0.363244 0.842304 0.298910 0.872058
5 8.5326 4.3393 3.8381 0.315321 0.881532 0.251278 0.893515
6 8.7285 4.4087 3.9497 0.261494 0.893594 0.253834 0.904644
7 8.7228 4.4707 3.8825 0.255742 0.898558 0.224523 0.907686
8 8.7985 4.4630 3.9716 0.246275 0.901209 0.228772 0.912490
9 8.7825 4.4973 3.9234 0.233039 0.902952 0.256429 0.896797
10 8.7193 4.4574 3.9121 0.231248 0.905496 0.233435 0.907926
11 8.6659 4.4203 3.9004 0.222582 0.906306 0.247111 0.899440
12 8.6376 4.3788 3.8950 0.218487 0.907791 0.241826 0.901601
13 8.6366 4.3512 3.9310 0.213640 0.908725 0.247050 0.898719
14 8.6666 4.4307 3.8761 0.209700 0.910211 0.244357 0.900000
15 8.7423 4.5072 3.8888 0.203059 0.911679 0.230654 0.906805
16 8.6995 4.4317 3.9001 0.199774 0.913191 0.212408 0.915132
17 8.5728 4.3519 3.8714 0.196875 0.915388 0.207879 0.917374
18 8.7382 4.4762 3.9058 0.194866 0.917105 0.202153 0.919616
19 8.7599 4.4577 3.9547 0.195567 0.918919 0.196754 0.921297
20 8.6258 4.4129 3.8606 0.210131 0.920796 0.188272 0.925460
21 8.7129 4.4509 3.8935 0.199709 0.922566 0.190202 0.923619
22 8.5935 4.3205 3.8994 0.177792 0.923750 0.171175 0.932346
23 8.8732 4.5702 3.9453 0.162412 0.926676 0.186899 0.925540
24 8.5915 4.3310 3.8975 0.161746 0.927325 0.194583 0.920496
25 8.6840 4.4158 3.9050 0.166232 0.929389 0.152774 0.936910
26 8.8717 4.5508 3.9514 0.153268 0.931284 0.156105 0.934748
27 8.7403 4.4910 3.8868 0.148432 0.931426 0.149286 0.938110
28 8.7260 4.4810 3.8785 0.148272 0.933881 0.149680 0.940753
29 8.6425 4.3868 3.8987 0.163251 0.933810 0.157272 0.939712
30 8.6678 4.3926 3.9156 0.144423 0.935474 0.145072 0.942514
31 8.6150 4.3829 3.8673 0.127207 0.938667 0.131134 0.946117
32 8.7560 4.4439 3.9058 0.135030 0.938391 0.136820 0.945236
33 8.5913 4.3845 3.8460 0.119298 0.941282 0.151202 0.938591
34 8.7229 4.4444 3.9154 0.117884 0.944716 0.120228 0.951641
35 8.6972 4.4220 3.9209 0.118935 0.944004 0.121696 0.950280
36 8.7555 4.5161 3.8941 0.105740 0.947776 0.113477 0.952202
37 8.5970 4.3746 3.8629 0.101098 0.950898 0.123232 0.949720
38 8.6856 4.4089 3.9042 0.105349 0.953398 0.107643 0.955725
39 8.6429 4.3959 3.8843 0.101913 0.953940 0.126958 0.948439
40 8.6841 4.4193 3.8971 0.101070 0.955248 0.123467 0.950761
41 8.6708 4.4226 3.8958 0.101214 0.956484 0.104291 0.957966
42 8.7348 4.4498 3.9209 0.096688 0.957783 0.112500 0.954524
43 8.7310 4.4296 3.9292 0.099787 0.958806 0.096281 0.960929
44 8.6702 4.4002 3.9000 0.096771 0.959162 0.111646 0.954684
45 8.7481 4.4680 3.9228 0.097335 0.959642 0.110766 0.955324
46 8.6757 4.3956 3.9121 0.096376 0.960185 0.107886 0.956285
47 8.6508 4.3856 3.9021 0.097711 0.960496 0.103466 0.957166
48 8.7614 4.5204 3.8896 0.102646 0.961065 0.097347 0.959728
49 8.5919 4.3308 3.8941 0.096357 0.961741 0.100625 0.957886
