epoch time fwd_time bwd_time loss acc val_loss val_acc
0 8.6806 4.4279 3.8599 0.493665 0.823615 0.490316 0.827142
1 8.6540 4.3649 3.9419 0.459353 0.823695 0.461620 0.827142
2 8.6837 4.4910 3.8444 0.458592 0.823695 0.460794 0.827142
3 8.6378 4.3565 3.9204 0.458483 0.823695 0.460602 0.827142
4 8.5682 4.3283 3.8511 0.458352 0.823695 0.460395 0.827142
5 8.6973 4.4086 3.9318 0.458130 0.823695 0.460087 0.827142
6 8.6857 4.4070 3.9148 0.457665 0.823695 0.459457 0.827142
7 8.8708 4.5532 3.9524 0.455872 0.823695 0.457109 0.827142
8 8.6698 4.4480 3.8635 0.383684 0.823695 0.371304 0.827142
9 8.5651 4.3466 3.8758 0.339370 0.835802 0.320162 0.869816
10 8.5283 4.3067 3.8589 0.297822 0.875484 0.282438 0.885749
11 8.5656 4.3651 3.8663 0.307280 0.884512 0.271872 0.887270
12 8.7166 4.4713 3.8985 0.297969 0.886834 0.270302 0.885028
13 8.6123 4.3693 3.8852 0.281891 0.887012 0.261066 0.889592
14 8.6669 4.3824 3.9303 0.278618 0.888328 0.256990 0.892074
15 8.8324 4.5137 3.9635 0.276086 0.889289 0.253977 0.892794
16 8.7363 4.4907 3.8817 0.273799 0.889947 0.251413 0.893435
17 8.5827 4.3549 3.8913 0.271645 0.890775 0.249108 0.894636
18 8.6989 4.4624 3.8871 0.269566 0.891504 0.247007 0.895196
19 8.5847 4.3338 3.9034 0.267525 0.892100 0.245110 0.895757
20 8.6762 4.4226 3.8962 0.265513 0.892785 0.243429 0.896477
21 8.5816 4.3389 3.8874 0.263540 0.893488 0.241949 0.896557
22 8.6234 4.3658 3.9129 0.261637 0.894013 0.240614 0.896878
23 8.6004 4.3516 3.8861 0.259822 0.894484 0.239335 0.896878
24 8.7297 4.4205 3.9476 0.258095 0.895276 0.238040 0.897038
25 8.6239 4.3472 3.9231 0.256460 0.895934 0.236725 0.897358
26 8.6863 4.4224 3.9095 0.254927 0.896503 0.235413 0.897598
27 8.6606 4.3858 3.9322 0.253520 0.897135 0.234130 0.897998
28 8.6036 4.3415 3.9116 0.252250 0.897704 0.232877 0.898639
29 8.6923 4.3900 3.9160 0.251053 0.898549 0.231617 0.899359
30 8.7135 4.3878 3.9752 0.249799 0.899172 0.230298 0.899760
31 8.6416 4.3665 3.9229 0.248396 0.899714 0.228903 0.900400
32 8.5812 4.3406 3.8886 0.246847 0.900364 0.227447 0.900480
33 8.7389 4.4898 3.8850 0.245264 0.900853 0.225966 0.901441
34 8.6358 4.3794 3.9017 0.243782 0.901440 0.224494 0.902482
35 8.6542 4.4025 3.8992 0.242414 0.902178 0.223032 0.903122
36 8.7865 4.4525 3.9618 0.241073 0.903059 0.221568 0.903203
37 8.6683 4.4160 3.8931 0.239705 0.903886 0.220097 0.904083
38 8.6623 4.3693 3.9430 0.238310 0.904580 0.218625 0.904484
39 8.7110 4.4546 3.9007 0.236905 0.905132 0.217154 0.904724
40 8.6313 4.3843 3.8903 0.235493 0.905808 0.215685 0.905604
41 8.7507 4.4610 3.9209 0.234070 0.906484 0.214210 0.906325
42 8.6230 4.3785 3.8868 0.232614 0.907089 0.212723 0.906805
43 8.7231 4.4733 3.8992 0.231101 0.907542 0.211213 0.907286
44 8.6140 4.3744 3.8966 0.229517 0.908129 0.209677 0.908167
45 8.7169 4.4364 3.9239 0.227861 0.908681 0.208109 0.908567
46 8.5187 4.3044 3.8711 0.226147 0.909250 0.206508 0.909528
47 8.6163 4.3511 3.9187 0.224394 0.909811 0.204871 0.910168
48 8.5262 4.3170 3.8543 0.222616 0.910264 0.203198 0.911609
49 8.5724 4.3488 3.8753 0.220839 0.910994 0.201489 0.912250
