epoch time fwd_time bwd_time loss acc val_loss val_acc
0 8.8108 4.5459 3.8938 0.462342 0.783729 0.461637 0.825220
1 8.8617 4.6205 3.8691 0.459986 0.823909 0.459289 0.825220
2 8.8117 4.5455 3.8928 0.442419 0.823909 0.440790 0.825220
3 8.7923 4.5182 3.8947 0.351570 0.823909 0.360886 0.825220
4 8.8177 4.5603 3.8800 0.343315 0.824176 0.346038 0.825220
5 8.8982 4.6349 3.8869 0.289509 0.842918 0.289786 0.884628
6 9.0654 4.7219 3.9543 0.255108 0.882253 0.256571 0.889752
7 8.8489 4.6067 3.8676 0.216872 0.899448 0.234620 0.896557
8 8.8169 4.5624 3.8644 0.197493 0.906991 0.225520 0.898799
9 8.8702 4.6269 3.8723 0.192439 0.909659 0.216841 0.903203
10 8.8900 4.6421 3.8781 0.187832 0.913573 0.210575 0.907606
11 8.9154 4.5741 3.9295 0.183602 0.915335 0.201523 0.912890
12 8.9625 4.6495 3.9314 0.182022 0.917665 0.204475 0.909207
13 8.9276 4.6082 3.9414 0.179051 0.918848 0.202050 0.910488
14 8.8127 4.5788 3.8603 0.176362 0.920449 0.196862 0.914331
15 8.7800 4.5519 3.8649 0.172318 0.921108 0.192214 0.915933
16 8.8778 4.6323 3.8694 0.172512 0.921953 0.194232 0.914011
17 8.8120 4.5446 3.8934 0.169262 0.922913 0.191744 0.913931
18 8.7768 4.5450 3.8585 0.174481 0.923607 0.190270 0.915612
19 8.8698 4.5956 3.9006 0.184029 0.923910 0.184938 0.920176
20 8.8866 4.6268 3.8739 0.191702 0.924159 0.174409 0.926181
21 8.8848 4.6125 3.8981 0.187355 0.925333 0.172330 0.927062
22 8.8446 4.5556 3.9078 0.183294 0.926214 0.170417 0.927462
23 8.8920 4.6235 3.8905 0.179056 0.926747 0.168886 0.928022
24 8.8347 4.5546 3.9054 0.176859 0.927557 0.167604 0.928183
25 8.7993 4.5843 3.8410 0.174165 0.928073 0.166067 0.928343
26 8.7642 4.5021 3.8855 0.172519 0.928553 0.164642 0.928823
27 8.8941 4.6091 3.9126 0.171110 0.929176 0.163287 0.929864
28 8.7031 4.4724 3.8603 0.169907 0.929745 0.161941 0.930424
29 8.8171 4.5935 3.8512 0.168598 0.930377 0.160644 0.931385
30 8.8859 4.6101 3.9045 0.168082 0.930901 0.159413 0.931465
31 8.8368 4.5761 3.8792 0.167130 0.931364 0.158194 0.931625
32 8.7459 4.5401 3.8357 0.165978 0.931835 0.157011 0.932346
33 8.9784 4.7296 3.8618 0.163667 0.932280 0.155826 0.932986
34 8.8611 4.5532 3.9355 0.160931 0.932743 0.154723 0.933867
35 8.8533 4.6026 3.8823 0.159145 0.933116 0.153695 0.934347
36 8.9229 4.6346 3.9077 0.158335 0.933543 0.152668 0.935148
37 8.8588 4.5751 3.9134 0.158179 0.933819 0.151721 0.935629
38 8.8125 4.5659 3.8679 0.158151 0.934344 0.150865 0.936029
39 8.7998 4.5234 3.9006 0.158124 0.934744 0.150074 0.936910
40 8.8811 4.5997 3.8524 0.158143 0.935198 0.149337 0.937230
41 8.6951 4.4748 3.8478 0.158243 0.935598 0.148651 0.937230
42 8.8297 4.5666 3.8757 0.158381 0.936158 0.147999 0.938110
43 8.8378 4.5657 3.8975 0.158457 0.936630 0.147367 0.937950
44 8.8779 4.6113 3.8453 0.158442 0.936977 0.146760 0.938431
45 8.9484 4.6356 3.9345 0.158208 0.937306 0.146173 0.938831
46 8.8065 4.5255 3.8941 0.157651 0.937564 0.145594 0.938911
47 8.8982 4.5720 3.9433 0.156838 0.937724 0.145024 0.939151
48 8.9721 4.6973 3.9023 0.156067 0.937946 0.144504 0.939792
49 8.8844 4.6167 3.8866 0.155484 0.938267 0.144049 0.939872
