epoch time fwd_time bwd_time loss acc val_loss val_acc
0 8.6853 4.4123 3.9318 0.584907 0.452308 0.584928 0.827142
1 8.5790 4.3408 3.8922 0.473720 0.823695 0.475380 0.827142
2 8.6537 4.4117 3.8852 0.459445 0.823695 0.461584 0.827142
3 8.6137 4.3626 3.9015 0.458582 0.823695 0.460732 0.827142
4 8.6467 4.4064 3.8931 0.458465 0.823695 0.460531 0.827142
5 8.6140 4.3928 3.8791 0.458376 0.823695 0.460335 0.827142
6 8.6283 4.3906 3.8771 0.458265 0.823695 0.460106 0.827142
7 8.6268 4.3441 3.9327 0.458105 0.823695 0.459816 0.827142
8 8.7919 4.5220 3.9240 0.457848 0.823695 0.459408 0.827142
9 8.5908 4.3468 3.9061 0.457418 0.823695 0.458797 0.827142
10 8.6451 4.3643 3.9248 0.456641 0.823695 0.457775 0.827142
11 8.5856 4.3428 3.9044 0.451450 0.823695 0.451324 0.827142
12 8.5830 4.3731 3.8713 0.393587 0.823722 0.376150 0.827142
13 8.7328 4.4289 3.9582 0.382787 0.824460 0.362887 0.829303
14 8.6771 4.4226 3.9055 0.373990 0.825546 0.352013 0.830985
15 8.6864 4.4046 3.9303 0.358328 0.827245 0.337203 0.830665
16 8.7228 4.4383 3.9426 0.322532 0.848620 0.297195 0.874940
17 8.6704 4.4121 3.8798 0.312316 0.883578 0.272287 0.889832
18 8.7166 4.4480 3.9141 0.291426 0.890188 0.253779 0.893355
19 8.6948 4.4576 3.8954 0.277075 0.894920 0.241668 0.900240
20 8.6768 4.4076 3.9135 0.268888 0.897250 0.236246 0.900721
21 8.7708 4.4528 3.9158 0.260513 0.898273 0.234995 0.900721
22 8.6552 4.4046 3.9094 0.253602 0.899892 0.227649 0.903523
23 8.6858 4.4236 3.9122 0.257328 0.901600 0.226425 0.904484
24 8.6784 4.4173 3.9120 0.245604 0.902098 0.225609 0.904163
25 8.6251 4.3801 3.8943 0.243422 0.903290 0.218740 0.907526
26 8.6322 4.3611 3.9222 0.241426 0.904776 0.215883 0.910168
27 8.6619 4.4155 3.8888 0.238033 0.905763 0.213470 0.911769
28 8.7683 4.4854 3.9285 0.236983 0.906626 0.211274 0.912650
29 8.6709 4.3651 3.9080 0.235533 0.907560 0.209471 0.913531
30 8.6976 4.4044 3.9360 0.231577 0.908476 0.207546 0.914171
31 8.5970 4.3510 3.8928 0.230890 0.908992 0.205906 0.914812
32 8.9175 4.5493 4.0081 0.228490 0.909446 0.204417 0.915452
33 8.9982 4.5925 4.0429 0.225900 0.909980 0.202617 0.915853
34 8.6391 4.3841 3.9063 0.224666 0.910593 0.201104 0.916093
35 8.7000 4.4708 3.8815 0.223147 0.911100 0.199638 0.916413
36 8.5112 4.3102 3.8482 0.221752 0.911696 0.198247 0.917054
37 8.6692 4.3696 3.9476 0.220302 0.912488 0.196660 0.917214
38 8.5629 4.3328 3.8832 0.218364 0.913120 0.195392 0.917294
39 8.6957 4.4329 3.9084 0.214132 0.913333 0.194582 0.917694
40 8.4911 4.3028 3.8422 0.213704 0.913938 0.192540 0.918575
41 8.6770 4.4470 3.8765 0.212351 0.914587 0.191321 0.919135
42 8.7041 4.4483 3.9095 0.211091 0.915183 0.190057 0.919936
43 8.6400 4.3702 3.9169 0.209767 0.915762 0.188825 0.920737
44 8.7486 4.4994 3.8943 0.208674 0.916340 0.187627 0.920897
45 8.6396 4.3915 3.8987 0.214146 0.916562 0.187081 0.921537
46 8.6630 4.3599 3.9027 0.203459 0.917772 0.184852 0.922578
47 8.7215 4.4647 3.9049 0.204139 0.917763 0.183954 0.923299
48 8.5876 4.3247 3.9198 0.202098 0.918359 0.182769 0.923779
49 8.7603 4.4620 3.9384 0.201134 0.918902 0.181654 0.923859
