epoch time fwd_time bwd_time loss acc val_loss val_acc
0 8.7333 4.5243 3.8411 0.471957 0.823909 0.470452 0.825220
1 8.9115 4.6551 3.8860 0.463544 0.823909 0.462364 0.825220
2 8.7995 4.5505 3.8802 0.462981 0.823909 0.461859 0.825220
3 8.8727 4.6476 3.8567 0.462355 0.823909 0.461289 0.825220
4 8.6525 4.4575 3.8319 0.461299 0.823909 0.460306 0.825220
5 9.0715 4.7708 3.9206 0.459102 0.823909 0.458115 0.825220
6 8.8037 4.5410 3.8919 0.438984 0.823909 0.436363 0.825220
7 8.9244 4.6476 3.9099 0.352957 0.822592 0.363345 0.825300
8 8.8142 4.5631 3.8806 0.342471 0.823909 0.354231 0.825220
9 8.6764 4.4922 3.8311 0.338486 0.823909 0.349684 0.825220
10 8.8775 4.6297 3.8794 0.335478 0.823935 0.346448 0.825380
11 8.7115 4.5020 3.8432 0.332396 0.824505 0.343192 0.824500
12 8.9200 4.6369 3.8789 0.326222 0.824745 0.338359 0.823539
13 8.7754 4.5368 3.8699 0.316509 0.824300 0.331589 0.825060
14 8.8826 4.6397 3.8789 0.306593 0.827707 0.320478 0.832346
15 8.7893 4.5513 3.8685 0.259480 0.852383 0.280061 0.889111
16 8.8512 4.6457 3.8348 0.233917 0.892572 0.229916 0.910649
17 8.7439 4.5495 3.8256 0.208909 0.913209 0.207915 0.920256
18 8.8435 4.5984 3.8806 0.192440 0.921819 0.196359 0.923459
19 8.8650 4.6106 3.8839 0.182950 0.926196 0.187621 0.924660
20 8.8877 4.6714 3.8493 0.172889 0.928126 0.183079 0.924820
21 8.8889 4.6309 3.8921 0.166732 0.929709 0.179288 0.925380
22 8.8237 4.5812 3.8746 0.161094 0.930732 0.175177 0.927382
23 8.8202 4.5495 3.8959 0.155716 0.932164 0.171649 0.929384
24 8.9022 4.5989 3.9377 0.150969 0.933063 0.169024 0.930024
25 8.8715 4.5555 3.9442 0.146929 0.934050 0.167213 0.930264
26 8.8662 4.5547 3.9403 0.144011 0.934913 0.164032 0.931705
27 9.0132 4.6899 3.9523 0.142941 0.935509 0.158565 0.935068
28 8.9000 4.5886 3.9352 0.142309 0.936158 0.153395 0.937710
29 8.7866 4.5185 3.8961 0.140702 0.937039 0.149558 0.938591
30 8.9359 4.6824 3.8895 0.138673 0.938053 0.146503 0.940032
31 8.7992 4.5729 3.8641 0.136560 0.938978 0.143864 0.940592
32 8.9455 4.6727 3.8952 0.134196 0.939850 0.141471 0.941393
33 8.8124 4.5652 3.8697 0.131388 0.940909 0.139213 0.942754
34 8.7716 4.5524 3.8411 0.128410 0.941576 0.137022 0.943235
35 8.7568 4.4840 3.9000 0.125717 0.942314 0.134911 0.944836
36 8.8559 4.5919 3.8907 0.123293 0.943123 0.132912 0.945396
37 9.5917 4.9316 4.2762 0.120858 0.944084 0.131011 0.945797
38 8.7994 4.6051 3.8240 0.118312 0.944974 0.129186 0.946117
39 8.7697 4.5131 3.8834 0.115642 0.945774 0.127415 0.946998
40 8.8547 4.5430 3.9387 0.112905 0.946441 0.125702 0.948118
41 8.9843 4.6134 3.9561 0.110283 0.946984 0.124089 0.948919
42 8.7794 4.5111 3.9088 0.107984 0.947420 0.122611 0.949400
43 8.9864 4.6665 3.9427 0.106087 0.948114 0.121250 0.949640
44 8.9303 4.6298 3.9335 0.104511 0.948656 0.119975 0.950841
45 9.0883 4.7028 4.0064 0.103102 0.949430 0.118775 0.951641
46 8.8477 4.5698 3.9140 0.101759 0.950115 0.117646 0.952282
47 8.8685 4.5986 3.8889 0.100499 0.950693 0.116577 0.953002
48 8.7568 4.5194 3.8676 0.099411 0.951209 0.115546 0.953723
49 8.7932 4.6159 3.8025 0.098688 0.951823 0.114548 0.953883
