epoch time fwd_time bwd_time loss acc val_loss val_acc
0 8.7164 4.4303 3.9246 0.475607 0.753956 0.460741 0.827142
1 8.7360 4.4695 3.8971 0.458356 0.823695 0.460283 0.827142
2 8.6448 4.3598 3.8720 0.457098 0.823695 0.458472 0.827142
3 8.6169 4.3314 3.9018 0.434381 0.823695 0.430520 0.827142
4 8.7196 4.4387 3.9070 0.368259 0.823695 0.351866 0.827142
5 8.7199 4.4466 3.9078 0.317330 0.836896 0.280773 0.879904
6 8.6665 4.3787 3.9230 0.279334 0.878624 0.256548 0.895196
7 8.6931 4.4309 3.8914 0.262292 0.892652 0.253768 0.898078
8 8.5929 4.3447 3.8798 0.257111 0.896557 0.242909 0.901601
9 8.6602 4.4058 3.8852 0.249462 0.899359 0.241506 0.901121
10 8.7499 4.4547 3.9250 0.240080 0.901013 0.242018 0.901441
11 8.7468 4.4194 3.9524 0.232788 0.902757 0.244200 0.904163
12 8.7731 4.4349 3.9680 0.225104 0.904180 0.234561 0.909608
13 8.7956 4.4799 3.9455 0.223812 0.906768 0.227928 0.909928
14 8.7015 4.4436 3.8811 0.222891 0.908645 0.216763 0.915612
15 8.7916 4.4613 3.9521 0.202595 0.911003 0.205794 0.919776
16 8.5936 4.3423 3.8844 0.205444 0.914045 0.222883 0.912570
17 8.7299 4.4404 3.9175 0.195604 0.914445 0.201969 0.921457
18 8.7554 4.4792 3.9006 0.188042 0.918359 0.207110 0.919536
19 8.7499 4.4555 3.9213 0.188322 0.920263 0.216967 0.912490
20 8.7833 4.4828 3.9197 0.175500 0.921926 0.218168 0.910008
21 8.6869 4.3977 3.9056 0.171023 0.924292 0.185571 0.928183
22 8.7335 4.4631 3.9021 0.162547 0.927361 0.185603 0.926661
23 8.6870 4.4165 3.8953 0.191589 0.929389 0.199319 0.913531
24 8.5521 4.3191 3.8598 0.145723 0.931346 0.194215 0.922098
25 8.7291 4.4305 3.9259 0.203643 0.933703 0.208202 0.906085
26 8.7143 4.4573 3.8833 0.132166 0.934228 0.174495 0.928743
27 8.7592 4.4837 3.8979 0.143503 0.938098 0.174614 0.926181
28 8.6921 4.4047 3.9223 0.153512 0.940909 0.203852 0.918735
29 8.7277 4.4247 3.9352 0.152595 0.939316 0.158296 0.936269
30 8.7381 4.4944 3.8745 0.142895 0.944822 0.132983 0.948359
31 8.7608 4.4572 3.8896 0.140879 0.946566 0.125093 0.950440
32 8.7215 4.4564 3.8971 0.136745 0.948550 0.116963 0.952442
33 8.7202 4.4665 3.8789 0.113893 0.945748 0.155676 0.935148
34 8.8519 4.5078 3.9727 0.122641 0.950133 0.147370 0.939071
35 8.7553 4.4371 3.9079 0.112627 0.947900 0.136219 0.944436
36 8.6780 4.4120 3.9030 0.110453 0.949866 0.138032 0.943395
37 8.7664 4.4734 3.9208 0.111334 0.951289 0.133064 0.945476
38 8.6052 4.3356 3.8921 0.114436 0.950871 0.115439 0.953803
39 8.6989 4.4482 3.8778 0.108233 0.954696 0.111108 0.954604
40 8.6538 4.3485 3.9343 0.102972 0.954759 0.106849 0.956285
41 8.7494 4.4633 3.9144 0.105248 0.955239 0.107949 0.956125
42 8.7524 4.4720 3.9131 0.102803 0.955915 0.104108 0.957966
43 8.7316 4.4842 3.8847 0.102900 0.956475 0.102861 0.958207
44 8.5790 4.3351 3.8796 0.103274 0.957365 0.101672 0.958847
45 8.6320 4.3723 3.8941 0.103637 0.957819 0.100639 0.959247
46 8.7430 4.4494 3.9200 0.103733 0.958174 0.099079 0.960368
47 8.8303 4.5820 3.8722 0.103721 0.958601 0.097682 0.960769
48 8.6917 4.4012 3.9281 0.103902 0.959002 0.096979 0.961329
49 8.6429 4.3473 3.9208 0.104389 0.959171 0.097368 0.961489
