epoch time fwd_time bwd_time loss acc val_loss val_acc
0 8.7302 4.4016 3.9637 0.491628 0.823695 0.490251 0.827142
1 8.6783 4.3989 3.9218 0.459511 0.823695 0.461396 0.827142
2 8.6225 4.3813 3.8919 0.458658 0.823695 0.460403 0.827142
3 8.7270 4.4689 3.8919 0.458451 0.823695 0.459986 0.827142
4 8.7084 4.3946 3.9482 0.458208 0.823695 0.459513 0.827142
5 8.6261 4.3515 3.9154 0.457804 0.823695 0.458837 0.827142
6 8.8477 4.5174 3.9722 0.456836 0.823695 0.457435 0.827142
7 8.6209 4.3771 3.8965 0.449512 0.823695 0.447657 0.827142
8 8.7005 4.4105 3.9253 0.393653 0.823695 0.381169 0.827142
9 8.6502 4.3578 3.9245 0.382876 0.823695 0.360600 0.827142
10 8.7025 4.4663 3.8907 0.376113 0.823597 0.354398 0.826821
11 8.7995 4.5092 3.9235 0.372505 0.824300 0.349424 0.828423
12 8.7479 4.4426 3.9444 0.367027 0.826488 0.340577 0.832106
13 8.6364 4.4087 3.8643 0.350572 0.839983 0.321888 0.860769
14 8.5730 4.3346 3.8783 0.321704 0.859392 0.290483 0.874059
15 8.7407 4.4830 3.8938 0.315210 0.867131 0.282475 0.876061
16 8.6725 4.3956 3.9183 0.310111 0.869488 0.277525 0.877502
17 8.7704 4.4812 3.9277 0.305018 0.871445 0.273120 0.878783
18 8.7140 4.4409 3.9125 0.300168 0.873287 0.269208 0.881585
19 8.7702 4.4877 3.9185 0.294588 0.876409 0.265590 0.885188
20 8.6781 4.4082 3.9099 0.289172 0.880038 0.261783 0.889672
21 8.7225 4.4774 3.8835 0.284138 0.884130 0.258246 0.892714
22 8.6179 4.3700 3.8893 0.279649 0.887288 0.254865 0.896157
23 8.7061 4.4457 3.9009 0.276187 0.889707 0.250805 0.898719
24 8.6851 4.4092 3.8755 0.272369 0.891308 0.245710 0.897998
25 8.6178 4.4048 3.8503 0.268217 0.892563 0.241787 0.898078
26 8.8416 4.5821 3.8935 0.266406 0.892999 0.239219 0.899440
27 8.6155 4.3518 3.9034 0.265680 0.893212 0.237532 0.899760
28 8.7389 4.4690 3.9108 0.264885 0.893541 0.236430 0.900560
29 8.6946 4.4150 3.9230 0.263948 0.893995 0.235622 0.900801
30 8.7168 4.4529 3.9077 0.262699 0.894502 0.234868 0.900961
31 8.7179 4.4745 3.8853 0.261273 0.895107 0.234047 0.901281
32 8.6118 4.3701 3.8882 0.259875 0.895454 0.233149 0.901281
33 8.7542 4.4793 3.9082 0.258593 0.895809 0.232219 0.901761
34 8.5959 4.3371 3.8965 0.257426 0.896210 0.231286 0.902162
35 8.8360 4.5119 3.9615 0.256354 0.896726 0.230363 0.902402
36 8.6885 4.4504 3.8736 0.255352 0.897099 0.229452 0.902882
37 8.6915 4.4032 3.9190 0.254405 0.897428 0.228554 0.903122
38 8.7904 4.4452 3.9788 0.253499 0.897829 0.227664 0.903523
39 8.6967 4.4189 3.9172 0.252622 0.898238 0.226780 0.904083
40 8.7850 4.4838 3.9347 0.251766 0.898558 0.225900 0.904564
41 8.6844 4.3825 3.9510 0.250923 0.898958 0.225021 0.904964
42 8.5206 4.3052 3.8546 0.250087 0.899190 0.224141 0.905524
43 8.7962 4.5440 3.8877 0.249253 0.899510 0.223257 0.905845
44 8.7180 4.4703 3.8821 0.248416 0.899875 0.222368 0.906085
45 8.5156 4.3028 3.8574 0.247573 0.900462 0.221473 0.906565
46 8.5973 4.3450 3.8884 0.246721 0.900853 0.220571 0.907046
47 8.7179 4.4356 3.9188 0.245858 0.901253 0.219663 0.907446
48 8.6251 4.3642 3.9087 0.244982 0.901707 0.218746 0.908327
49 8.6680 4.3559 3.9052 0.244093 0.902036 0.217822 0.908247
