epoch time fwd_time bwd_time loss acc val_loss val_acc
0 8.7088 4.4239 3.9141 0.464672 0.823695 0.459481 0.827142
1 8.7007 4.4185 3.9115 0.378096 0.823695 0.355788 0.827142
2 8.7301 4.4707 3.8908 0.317600 0.833756 0.282355 0.870376
3 8.6860 4.3844 3.9279 0.275178 0.889227 0.266050 0.898078
4 8.7258 4.4961 3.8700 0.244601 0.896797 0.228738 0.913691
5 8.5662 4.3311 3.8702 0.243217 0.901200 0.235826 0.913851
6 8.6519 4.3918 3.8928 0.236958 0.905719 0.226038 0.916573
7 8.5787 4.3320 3.8824 0.231134 0.906884 0.219734 0.918655
8 8.7286 4.4451 3.9085 0.221356 0.908921 0.213748 0.921697
9 8.6227 4.3447 3.9115 0.213307 0.910673 0.207815 0.921377
10 8.6590 4.4076 3.9005 0.207961 0.912088 0.198421 0.923779
11 8.6254 4.3941 3.8740 0.199226 0.914071 0.192140 0.925220
12 8.6979 4.4054 3.9249 0.191072 0.916304 0.190628 0.926261
13 8.7487 4.4893 3.9017 0.184870 0.917959 0.195655 0.921777
14 8.6597 4.3801 3.9152 0.182786 0.919444 0.193110 0.923699
15 8.6750 4.3759 3.9065 0.179836 0.920298 0.190115 0.924820
16 8.5960 4.3566 3.8760 0.175645 0.921481 0.190338 0.923539
17 8.7302 4.4846 3.8783 0.171418 0.922575 0.190906 0.922738
18 8.7923 4.5085 3.9165 0.167706 0.923767 0.190481 0.921857
19 8.6834 4.4567 3.8646 0.164613 0.925004 0.188814 0.922018
20 8.6675 4.4045 3.9018 0.162091 0.926053 0.185823 0.923539
21 8.8721 4.5315 3.9742 0.160179 0.926987 0.179823 0.926902
22 8.6511 4.3788 3.9130 0.159137 0.928348 0.170446 0.931065
23 8.7144 4.4259 3.9329 0.158499 0.929354 0.161196 0.937070
24 8.5404 4.3329 3.8542 0.156373 0.930305 0.157063 0.938511
25 8.6232 4.3546 3.9047 0.153563 0.931239 0.155248 0.939071
26 8.6522 4.3782 3.9072 0.150908 0.932414 0.153585 0.939952
27 8.7955 4.5597 3.8675 0.148370 0.933205 0.150703 0.940592
28 8.6387 4.3737 3.8996 0.145799 0.934548 0.146076 0.941713
29 8.7220 4.4398 3.9178 0.142565 0.935634 0.141313 0.943795
30 8.7434 4.4797 3.8930 0.138204 0.936879 0.139349 0.944836
31 8.7723 4.5211 3.8881 0.132664 0.938311 0.137759 0.944756
32 8.8538 4.5176 3.9692 0.126135 0.939619 0.130993 0.946757
33 8.6550 4.4153 3.8706 0.120397 0.941505 0.126265 0.947798
34 8.7401 4.4257 3.9302 0.114206 0.943737 0.127027 0.948519
35 8.5608 4.3574 3.8438 0.113928 0.945623 0.128871 0.948599
36 8.8125 4.4900 3.9154 0.109840 0.945934 0.118845 0.951081
37 8.5999 4.3836 3.8530 0.106718 0.948745 0.115447 0.953323
38 8.8225 4.4847 3.9790 0.102386 0.949777 0.112949 0.954123
39 8.7837 4.5251 3.8897 0.099440 0.950809 0.110435 0.954604
40 8.7995 4.4586 3.9750 0.097672 0.952054 0.108036 0.956205
41 8.6536 4.4038 3.8689 0.097219 0.953531 0.107627 0.955725
42 8.7002 4.3965 3.9360 0.098965 0.953211 0.103934 0.957566
43 8.7007 4.3975 3.9477 0.105389 0.955248 0.096659 0.961489
44 8.6830 4.4381 3.8718 0.098668 0.956235 0.100946 0.959007
45 8.6735 4.3901 3.9059 0.097922 0.956973 0.094033 0.962610
46 8.6522 4.3724 3.9153 0.095706 0.957383 0.096237 0.959808
47 8.5042 4.3029 3.8393 0.093914 0.957988 0.099175 0.959327
48 8.7021 4.4819 3.8558 0.093718 0.958655 0.097981 0.960048
49 8.7500 4.4729 3.9052 0.092910 0.959268 0.097941 0.959648
