epoch time fwd_time bwd_time loss acc val_loss val_acc
0 8.7279 4.4038 3.9472 0.461302 0.823695 0.460060 0.827142
1 8.5522 4.3516 3.8273 0.457251 0.823695 0.458291 0.827142
2 8.7101 4.4439 3.8953 0.446285 0.823695 0.444403 0.827142
3 8.6748 4.3594 3.9457 0.349212 0.823695 0.326860 0.827142
4 8.6133 4.3859 3.8569 0.288981 0.872504 0.244356 0.901601
5 8.6596 4.3798 3.9087 0.261676 0.896112 0.262195 0.890713
6 8.6194 4.3627 3.8858 0.284121 0.899296 0.229004 0.905444
7 8.6622 4.3701 3.9193 0.247961 0.901645 0.244581 0.895036
8 8.7131 4.4364 3.9058 0.242632 0.903139 0.242010 0.895356
9 8.7287 4.4238 3.9270 0.241147 0.904963 0.233873 0.900160
10 8.9037 4.5868 3.9322 0.232731 0.907418 0.232462 0.899680
11 8.6424 4.3353 3.9361 0.233938 0.907960 0.233122 0.901361
12 8.6324 4.3366 3.9182 0.223472 0.910318 0.231650 0.900160
13 8.7335 4.4766 3.8967 0.220243 0.910887 0.235196 0.900160
14 8.7860 4.4906 3.9282 0.213390 0.912746 0.230665 0.901121
15 8.7435 4.4128 3.9179 0.209436 0.913920 0.234243 0.900000
16 8.7830 4.4713 3.9458 0.205443 0.915086 0.232199 0.900721
17 8.7491 4.4401 3.9391 0.202558 0.916269 0.232611 0.899840
18 8.6119 4.3520 3.8996 0.200444 0.917461 0.230549 0.901121
19 8.8731 4.5831 3.9222 0.199952 0.918599 0.228169 0.902642
20 8.6836 4.3808 3.9329 0.204914 0.919631 0.220260 0.907926
21 8.7449 4.4744 3.9049 0.217977 0.920823 0.199742 0.918495
22 8.7072 4.4298 3.9034 0.231085 0.922006 0.174945 0.930825
23 8.6141 4.3583 3.8518 0.212520 0.922006 0.190231 0.922978
24 8.7248 4.4171 3.9357 0.229509 0.923910 0.163531 0.934508
25 8.6748 4.4298 3.8677 0.215609 0.923954 0.175815 0.928583
26 8.6129 4.3894 3.8584 0.222956 0.925324 0.162718 0.934588
27 8.6968 4.4467 3.8835 0.209525 0.926071 0.173788 0.929223
28 8.7167 4.4139 3.9321 0.219366 0.927085 0.157497 0.936509
29 8.6963 4.4339 3.8840 0.208217 0.927895 0.166709 0.932346
30 8.7605 4.4993 3.8903 0.213500 0.928624 0.156635 0.936749
31 8.6774 4.4143 3.8862 0.207848 0.929434 0.159478 0.935468
32 8.6893 4.4036 3.9071 0.211037 0.930252 0.151240 0.939792
33 8.7990 4.4755 3.9408 0.208467 0.930706 0.148819 0.940833
34 8.7332 4.4533 3.8934 0.206669 0.931204 0.146320 0.941873
35 8.7087 4.4144 3.9238 0.204621 0.931871 0.142685 0.943635
36 8.6980 4.4177 3.9040 0.204213 0.932769 0.140640 0.943955
37 8.6666 4.4291 3.8612 0.202324 0.933143 0.139555 0.944275
38 8.6857 4.4390 3.8723 0.197850 0.933250 0.138665 0.943315
39 8.6657 4.3758 3.9174 0.188266 0.934620 0.138309 0.942754
40 8.6940 4.4127 3.9109 0.200894 0.935171 0.138020 0.944516
41 8.6436 4.3879 3.8870 0.190603 0.935127 0.135065 0.944756
42 8.7463 4.4654 3.9107 0.195430 0.936408 0.134537 0.946357
43 8.6401 4.3796 3.8836 0.181355 0.936728 0.133856 0.944916
44 8.6260 4.4031 3.8590 0.180387 0.937644 0.149393 0.939392
45 8.6817 4.3954 3.9139 0.172970 0.937902 0.132810 0.944676
46 8.6300 4.4083 3.8513 0.179432 0.938872 0.139686 0.944596
47 8.5296 4.3085 3.8475 0.159674 0.939725 0.128320 0.949239
48 8.6444 4.3775 3.8591 0.151142 0.941602 0.129238 0.950600
49 8.7682 4.4577 3.9291 0.123233 0.943915 0.127898 0.951321
