epoch time fwd_time bwd_time loss acc val_loss val_acc
0 8.7207 4.4391 3.9267 0.591395 0.419698 0.590910 0.827142
1 8.6374 4.4381 3.8534 0.464755 0.823695 0.466410 0.827142
2 8.7241 4.4693 3.9049 0.458764 0.823695 0.460665 0.827142
3 8.5359 4.3272 3.8635 0.458543 0.823695 0.460410 0.827142
4 8.7543 4.4914 3.8986 0.458429 0.823695 0.460238 0.827142
5 8.5987 4.3782 3.8664 0.458292 0.823695 0.460038 0.827142
6 8.6181 4.3480 3.9132 0.458112 0.823695 0.459789 0.827142
7 8.7141 4.4265 3.9254 0.457869 0.823695 0.459465 0.827142
8 8.5964 4.3765 3.8685 0.457527 0.823695 0.459017 0.827142
9 8.6725 4.4053 3.9102 0.457016 0.823695 0.458328 0.827142
10 8.7014 4.4356 3.9087 0.456155 0.823695 0.457123 0.827142
11 8.6048 4.3719 3.8745 0.454628 0.823695 0.455032 0.827142
12 8.7187 4.4711 3.8916 0.452673 0.823695 0.452387 0.827142
13 8.7477 4.4682 3.9316 0.450067 0.823695 0.448973 0.827142
14 8.5802 4.3513 3.8715 0.446186 0.823695 0.444269 0.827142
15 8.5510 4.3084 3.8848 0.385676 0.823491 0.376629 0.826902
16 8.6948 4.4149 3.9174 0.373102 0.823553 0.354658 0.828423
17 8.6619 4.3724 3.9231 0.362015 0.824656 0.345333 0.830665
18 8.6611 4.4396 3.8727 0.351162 0.825803 0.333447 0.832106
19 8.6581 4.3948 3.8968 0.332076 0.831897 0.310435 0.853723
20 8.7240 4.4834 3.8794 0.270518 0.861376 0.284056 0.887510
21 8.6929 4.3811 3.9672 0.265038 0.890588 0.250524 0.907126
22 8.6464 4.4294 3.8562 0.251914 0.900479 0.233482 0.911289
23 8.7543 4.4544 3.9462 0.231516 0.903513 0.221274 0.911369
24 8.5628 4.3291 3.8854 0.225541 0.906021 0.216438 0.914892
25 8.6758 4.4184 3.8750 0.219500 0.907996 0.212775 0.915532
26 8.6914 4.4307 3.9191 0.214965 0.909473 0.208465 0.916413
27 8.7450 4.4435 3.9485 0.211391 0.910700 0.205346 0.917614
28 8.6293 4.3737 3.8991 0.207281 0.911937 0.202746 0.917374
29 8.7420 4.4624 3.9183 0.205638 0.913022 0.201357 0.918255
30 8.7554 4.4924 3.9128 0.202267 0.914329 0.198317 0.920016
31 8.6775 4.3989 3.9271 0.199013 0.915397 0.196218 0.920416
32 8.6734 4.4561 3.8672 0.195534 0.916455 0.194230 0.921217
33 8.7281 4.4723 3.9028 0.192687 0.917736 0.192707 0.922418
34 8.6558 4.4067 3.8923 0.190313 0.918946 0.191284 0.923299
35 8.7496 4.4581 3.9413 0.188314 0.920058 0.189888 0.924019
36 8.5915 4.3875 3.8421 0.188012 0.921063 0.188640 0.924500
37 8.7066 4.4445 3.9119 0.186030 0.922095 0.186560 0.925060
38 8.6218 4.3606 3.9115 0.186709 0.922824 0.185060 0.925941
39 8.7524 4.4837 3.9105 0.182729 0.924016 0.182062 0.926661
40 8.5671 4.3141 3.8900 0.182277 0.924568 0.180008 0.928022
41 8.5882 4.3490 3.8873 0.178990 0.925262 0.177485 0.928743
42 8.6293 4.3501 3.9209 0.176214 0.926045 0.175007 0.930104
43 8.6175 4.3220 3.9342 0.173257 0.926907 0.172633 0.931625
44 8.6182 4.4047 3.8633 0.170515 0.928117 0.170464 0.932266
45 8.5702 4.3668 3.8492 0.168094 0.928944 0.168537 0.932986
46 8.5162 4.3122 3.8605 0.166014 0.929781 0.166822 0.933387
47 8.5613 4.3589 3.8355 0.164134 0.930519 0.165217 0.933707
48 8.7208 4.4781 3.8894 0.162305 0.931195 0.163632 0.934748
49 8.6028 4.4006 3.8566 0.160443 0.931960 0.162005 0.935548
