epoch time fwd_time bwd_time loss acc val_loss val_acc
0 8.9426 4.6303 3.9344 0.460617 0.823909 0.459958 0.825220
1 8.7813 4.5341 3.8699 0.431553 0.823909 0.429334 0.825220
2 8.9821 4.6806 3.9115 0.348823 0.823909 0.357694 0.825220
3 8.8769 4.5821 3.9227 0.336366 0.823909 0.343271 0.825220
4 8.8756 4.6188 3.8799 0.252725 0.841504 0.262048 0.887270
5 8.8768 4.6264 3.8710 0.223348 0.901147 0.212560 0.908647
6 8.7183 4.5175 3.8309 0.185476 0.917416 0.213420 0.903923
7 8.9464 4.5824 3.9887 0.168349 0.921944 0.199884 0.910328
8 8.9590 4.5954 3.9699 0.156680 0.925884 0.178258 0.923299
9 8.6996 4.4947 3.8282 0.152327 0.926400 0.163886 0.930745
10 8.8583 4.5742 3.8771 0.152963 0.928678 0.178123 0.923219
11 8.9716 4.6170 3.9700 0.146959 0.931195 0.159867 0.932106
12 8.8529 4.5623 3.9006 0.150498 0.930973 0.175238 0.924580
13 9.0175 4.6890 3.9486 0.144085 0.932680 0.159103 0.932026
14 8.9348 4.6673 3.8895 0.143768 0.932725 0.162973 0.929784
15 8.9122 4.6119 3.9284 0.143042 0.933792 0.156001 0.933387
16 8.8838 4.6128 3.8877 0.147342 0.932938 0.167533 0.927862
17 8.9836 4.6947 3.9060 0.144390 0.936025 0.165147 0.928503
18 8.8935 4.6522 3.8646 0.181570 0.934878 0.161627 0.931705
19 8.8256 4.5161 3.9271 0.143608 0.935465 0.189880 0.927622
20 8.8509 4.5613 3.9097 0.136091 0.937084 0.265189 0.905685
21 8.8483 4.5584 3.9020 0.160302 0.931204 0.156980 0.933707
22 9.0738 4.7785 3.9157 0.158557 0.935224 0.160247 0.931305
23 8.9847 4.6233 3.9787 0.134804 0.936123 0.160692 0.931065
24 8.8333 4.5727 3.8814 0.116778 0.941691 0.135903 0.946117
25 8.7568 4.5077 3.8765 0.097774 0.948994 0.121447 0.951721
26 8.8443 4.5977 3.8715 0.083360 0.951405 0.112437 0.955004
27 8.7546 4.5165 3.8461 0.113868 0.952250 0.108643 0.957086
28 8.8199 4.6058 3.8269 0.091737 0.952455 0.107568 0.957566
29 8.9308 4.6481 3.9031 0.099338 0.953878 0.106067 0.957806
30 9.0320 4.6966 3.9553 0.090437 0.954269 0.104376 0.959167
31 8.8297 4.5605 3.8476 0.089594 0.954999 0.103148 0.959728
32 8.8753 4.6022 3.8832 0.088649 0.955194 0.101909 0.959648
33 8.8659 4.5896 3.8913 0.082572 0.955114 0.101056 0.959728
34 8.9587 4.6331 3.9482 0.079454 0.955381 0.102193 0.959087
35 8.8773 4.5852 3.8767 0.079291 0.955853 0.101800 0.959408
36 8.7744 4.5689 3.8237 0.080651 0.956155 0.101002 0.959408
37 8.8814 4.5763 3.9163 0.079095 0.956591 0.099681 0.959568
38 8.7940 4.5749 3.8392 0.076760 0.957054 0.098542 0.960048
39 8.9141 4.6011 3.8970 0.074231 0.957614 0.097320 0.960608
40 8.8958 4.5833 3.9319 0.071543 0.958032 0.095769 0.960849
41 8.8722 4.6162 3.8700 0.069137 0.958539 0.093915 0.962050
42 8.9095 4.6468 3.8828 0.067470 0.958824 0.092505 0.962610
43 8.9175 4.6502 3.8958 0.066466 0.959295 0.091938 0.962610
44 8.7737 4.5670 3.8271 0.065715 0.959713 0.091821 0.961729
45 8.8873 4.6426 3.8542 0.064989 0.960265 0.091815 0.961569
46 8.8632 4.5534 3.9217 0.064566 0.960549 0.092097 0.961890
47 9.0521 4.6927 3.9635 0.064809 0.961136 0.093131 0.961489
48 10.0712 5.2704 4.3992 0.063900 0.961394 0.093436 0.961009
49 9.2766 4.7904 4.0953 0.062502 0.961412 0.086667 0.965412
