epoch time fwd_time bwd_time loss acc val_loss val_acc
0 8.6948 4.4363 3.8809 0.413803 0.822566 0.395593 0.827142
1 8.6385 4.3978 3.8670 0.304770 0.855149 0.296612 0.876541
2 8.6041 4.3194 3.9063 0.255811 0.891984 0.229756 0.906085
3 8.7267 4.4566 3.9004 0.267060 0.896886 0.228502 0.902322
4 8.6930 4.4053 3.9150 0.243513 0.900408 0.221734 0.904404
5 8.8249 4.5368 3.8731 0.237114 0.900506 0.253267 0.900480
6 8.6700 4.4087 3.8750 0.251832 0.903477 0.217544 0.904484
7 8.7850 4.5047 3.9108 0.232611 0.902908 0.238717 0.904404
8 8.7070 4.4381 3.8866 0.225851 0.904411 0.233038 0.906805
9 8.6876 4.4230 3.8858 0.221521 0.905523 0.235616 0.904884
10 8.6411 4.3533 3.9086 0.225666 0.906368 0.246852 0.902402
11 8.7093 4.3902 3.9204 0.234521 0.909188 0.228741 0.907286
12 8.6044 4.3607 3.8664 0.218444 0.908290 0.256205 0.893835
13 8.7469 4.4072 3.9290 0.205277 0.909989 0.213171 0.913771
14 8.6944 4.4007 3.9070 0.200899 0.911412 0.212500 0.913531
15 8.7085 4.4186 3.9148 0.197786 0.912275 0.220349 0.909047
16 8.6209 4.3564 3.8860 0.202155 0.916046 0.185548 0.922178
17 8.7831 4.4981 3.9062 0.207660 0.918590 0.192545 0.916573
18 8.7857 4.4491 3.9471 0.187079 0.919044 0.175134 0.927302
19 8.8018 4.5090 3.9048 0.178591 0.920779 0.169266 0.930745
20 8.7054 4.4325 3.8984 0.177808 0.918519 0.170103 0.930504
21 8.7328 4.4730 3.8863 0.175796 0.923260 0.162814 0.933066
22 8.7048 4.4163 3.9050 0.232985 0.923180 0.205208 0.908967
23 8.7167 4.4136 3.9327 0.175345 0.922869 0.179105 0.922738
24 8.6795 4.4030 3.8893 0.180638 0.921793 0.182985 0.926181
25 8.7837 4.4549 3.9499 0.160932 0.925457 0.154574 0.936109
26 8.6081 4.3456 3.8811 0.165758 0.928295 0.161583 0.932666
27 8.6952 4.3872 3.9299 0.189507 0.929274 0.214441 0.905685
28 8.8103 4.4704 3.9579 0.173163 0.929051 0.193685 0.923539
29 8.5931 4.3776 3.8429 0.172114 0.932360 0.173599 0.922578
30 8.5304 4.2974 3.8530 0.139311 0.931213 0.137811 0.942834
31 8.7297 4.3978 3.9433 0.179744 0.933214 0.157849 0.932346
32 8.6633 4.3668 3.9046 0.120780 0.940748 0.123638 0.949239
33 8.7184 4.4355 3.8969 0.106075 0.945036 0.124920 0.948839
34 8.8031 4.5151 3.9133 0.105998 0.945490 0.110836 0.955725
35 8.7014 4.4333 3.8809 0.106378 0.947340 0.113440 0.953243
36 8.7416 4.4407 3.9100 0.108698 0.948452 0.107782 0.957406
37 8.6773 4.3805 3.9189 0.107074 0.948247 0.109518 0.955805
38 8.7723 4.4575 3.8961 0.102375 0.950676 0.112070 0.954363
39 8.6808 4.4121 3.8863 0.099985 0.950542 0.110265 0.955004
40 8.6983 4.4347 3.8777 0.100958 0.953887 0.101960 0.959968
41 8.7728 4.4746 3.9022 0.140513 0.952321 0.113567 0.955164
42 8.6696 4.3872 3.8963 0.094353 0.951868 0.104370 0.957246
43 8.6817 4.3977 3.8927 0.098055 0.955105 0.108721 0.955404
44 8.6114 4.3344 3.8871 0.100360 0.953727 0.112702 0.954844
45 8.7710 4.4590 3.9278 0.114704 0.954100 0.097137 0.961569
46 8.6386 4.3817 3.8816 0.095873 0.954403 0.098963 0.961729
47 8.6892 4.3876 3.9205 0.115155 0.955844 0.092621 0.963571
48 8.7898 4.4644 3.9447 0.125593 0.955577 0.091734 0.965092
49 8.5789 4.3520 3.8435 0.111569 0.956102 0.092818 0.965012
