epoch time fwd_time bwd_time loss acc val_loss val_acc
0 8.4876 4.2970 3.8301 0.460817 0.808013 0.459972 0.827142
1 8.8144 4.5185 3.9192 0.439503 0.823695 0.436011 0.827142
2 8.5662 4.3313 3.8737 0.379994 0.823695 0.367056 0.827142
3 8.7091 4.3954 3.9257 0.362866 0.823695 0.345273 0.827142
4 8.7691 4.4579 3.9374 0.338760 0.823784 0.327544 0.830825
5 8.5549 4.3247 3.8484 0.290859 0.848504 0.277246 0.888231
6 8.7551 4.4591 3.9321 0.260707 0.890196 0.235962 0.904163
7 8.6936 4.3771 3.9261 0.250572 0.896210 0.264003 0.888551
8 8.7337 4.4313 3.9360 0.243127 0.901058 0.256984 0.896397
9 8.7483 4.4817 3.8907 0.239327 0.903904 0.242567 0.903523
10 8.7241 4.4105 3.9060 0.242018 0.905843 0.226148 0.911689
11 8.5629 4.3237 3.8764 0.244385 0.908085 0.219349 0.914892
12 8.6780 4.3717 3.9302 0.240010 0.910113 0.222263 0.913531
13 8.7418 4.4505 3.8982 0.221253 0.911857 0.236064 0.908167
14 8.7838 4.4620 3.9075 0.208088 0.913858 0.244251 0.901121
15 8.6879 4.3984 3.9222 0.207086 0.916242 0.239733 0.903923
16 8.6183 4.3325 3.9069 0.228512 0.919355 0.182372 0.923299
17 8.6787 4.3815 3.9253 0.239553 0.918501 0.186425 0.927062
18 8.5519 4.3322 3.8543 0.205651 0.922086 0.174301 0.926501
19 8.7101 4.3942 3.9422 0.173212 0.926267 0.167962 0.930665
20 8.8118 4.4861 3.9563 0.156949 0.929549 0.170409 0.929624
21 8.6331 4.3713 3.8908 0.163645 0.931738 0.241190 0.908727
22 8.7776 4.5083 3.9019 0.129301 0.933952 0.145032 0.941793
23 8.5908 4.3364 3.8798 0.131383 0.935287 0.158697 0.935548
24 8.8368 4.5103 3.9483 0.159208 0.941540 0.159169 0.934187
25 8.7670 4.4723 3.9251 0.116490 0.942109 0.141372 0.944516
26 8.6385 4.3770 3.9024 0.128386 0.947598 0.136120 0.944916
27 8.5700 4.3395 3.8646 0.125946 0.947678 0.127127 0.947558
28 8.6721 4.3687 3.9303 0.118635 0.948514 0.126670 0.948759
29 8.6206 4.3473 3.8967 0.115229 0.952259 0.123986 0.949480
30 8.7136 4.4307 3.9214 0.105616 0.954527 0.104475 0.958287
31 8.6979 4.4357 3.8812 0.101091 0.956093 0.100930 0.960608
32 8.6743 4.3661 3.9374 0.103346 0.956351 0.097627 0.962210
33 8.7667 4.4138 3.9645 0.100796 0.956920 0.095090 0.962850
34 8.8197 4.5385 3.9033 0.096707 0.958148 0.092635 0.963811
35 8.6443 4.3545 3.9202 0.096253 0.959126 0.091161 0.964211
36 8.6104 4.3469 3.8980 0.095550 0.959589 0.089982 0.964211
37 8.7558 4.4840 3.8967 0.099391 0.958957 0.092564 0.963010
38 8.8147 4.4994 3.9337 0.097108 0.959989 0.089544 0.964051
39 8.7479 4.4442 3.8965 0.104720 0.959331 0.089173 0.965332
40 8.7673 4.4954 3.9024 0.101003 0.961208 0.086642 0.966133
41 8.7076 4.4007 3.9378 0.101392 0.961190 0.086752 0.965653
42 8.7143 4.4005 3.9498 0.106545 0.960905 0.085936 0.966133
43 8.7566 4.4744 3.9028 0.104036 0.961741 0.084774 0.966453
44 8.7845 4.4642 3.9413 0.108420 0.961279 0.084727 0.966853
45 8.7216 4.4272 3.9176 0.109950 0.961234 0.086442 0.965893
46 8.7111 4.4070 3.9387 0.115719 0.961021 0.093928 0.963411
47 8.7745 4.5018 3.9010 0.114854 0.961234 0.096060 0.962210
48 8.5595 4.3170 3.8709 0.116071 0.961368 0.097233 0.961329
49 8.7294 4.4490 3.9094 0.116870 0.961866 0.098875 0.960288
