epoch time fwd_time bwd_time loss acc val_loss val_acc
0 8.6430 4.3673 3.8919 0.471676 0.794777 0.459713 0.827142
1 8.6206 4.3236 3.9197 0.452294 0.823695 0.452564 0.827142
2 8.6737 4.3801 3.9034 0.373622 0.823695 0.360089 0.827142
3 8.7153 4.4175 3.9158 0.348870 0.823695 0.331662 0.827142
4 8.7947 4.5032 3.9172 0.372936 0.833507 0.358164 0.827142
5 8.5903 4.3460 3.8657 0.310356 0.831621 0.291409 0.853483
6 8.5864 4.3348 3.8688 0.314571 0.871045 0.261799 0.898319
7 8.6985 4.4496 3.8621 0.268609 0.895925 0.228108 0.909528
8 8.7046 4.4456 3.8689 0.283681 0.900684 0.209564 0.915212
9 8.7079 4.3821 3.9032 0.226425 0.905363 0.235298 0.896717
10 8.7384 4.4840 3.8682 0.206337 0.909428 0.222447 0.904644
11 8.7948 4.4875 3.9220 0.232549 0.912515 0.209212 0.920977
12 8.6998 4.4135 3.8948 0.208714 0.916473 0.186268 0.927142
13 8.6756 4.3887 3.9142 0.181946 0.915032 0.221243 0.909448
14 8.5130 4.2965 3.8288 0.225386 0.920147 0.214905 0.915452
15 8.6905 4.4099 3.9004 0.166192 0.920414 0.209761 0.911769
16 8.7529 4.4672 3.9056 0.181101 0.926507 0.175066 0.928983
17 8.5668 4.3175 3.8582 0.174880 0.925742 0.180318 0.926821
18 8.6762 4.3915 3.8930 0.191337 0.927575 0.173033 0.934187
19 8.6250 4.3493 3.8971 0.188338 0.929540 0.186426 0.930264
20 8.6736 4.4382 3.8545 0.151838 0.932885 0.158509 0.935869
21 8.7570 4.4262 3.9431 0.181063 0.931933 0.169971 0.933547
22 8.7473 4.4503 3.9038 0.130115 0.935927 0.158662 0.934988
23 8.6949 4.3721 3.9342 0.117827 0.937760 0.127505 0.949960
24 8.6318 4.3571 3.8867 0.133816 0.941051 0.193392 0.918975
25 8.7995 4.4810 3.9395 0.118766 0.941505 0.168409 0.930985
26 8.6159 4.3427 3.8790 0.149939 0.946041 0.154604 0.939151
27 8.7028 4.3798 3.9354 0.109230 0.947598 0.135930 0.945076
28 8.6754 4.4020 3.8789 0.110016 0.949919 0.144545 0.939712
29 8.8135 4.4811 3.9469 0.110129 0.945463 0.154263 0.933467
30 8.7175 4.4434 3.8904 0.100120 0.953620 0.144482 0.938671
31 8.7334 4.4143 3.9351 0.102756 0.954750 0.133070 0.944676
32 8.5451 4.3109 3.8542 0.102651 0.954429 0.124448 0.948038
33 8.7412 4.4385 3.9140 0.097506 0.954438 0.136513 0.941793
34 8.6368 4.3408 3.9185 0.097985 0.957872 0.143815 0.937870
35 8.7005 4.4019 3.9192 0.104354 0.958512 0.131288 0.944115
36 8.5724 4.3070 3.8828 0.099971 0.956546 0.141202 0.938831
37 8.7070 4.4388 3.8810 0.104855 0.959037 0.134056 0.942114
38 8.8334 4.4657 3.9353 0.103793 0.958957 0.137567 0.940272
39 8.6835 4.3778 3.9245 0.103454 0.959704 0.138362 0.940032
40 8.7473 4.4802 3.8959 0.099709 0.959268 0.148516 0.935228
41 8.7671 4.4496 3.9343 0.106993 0.959918 0.093291 0.961970
42 8.6578 4.3998 3.8823 0.104754 0.961083 0.110223 0.955324
43 8.6158 4.3878 3.8556 0.098747 0.959197 0.133899 0.941873
44 8.7637 4.4349 3.9431 0.095761 0.961439 0.144617 0.936269
45 8.6862 4.3591 3.9452 0.093097 0.959037 0.093580 0.961649
46 8.7277 4.4444 3.8719 0.096046 0.961973 0.141770 0.938030
47 8.6255 4.3476 3.8825 0.094886 0.961332 0.115311 0.950200
48 8.8002 4.4650 3.9483 0.097056 0.960665 0.113434 0.951081
49 8.6569 4.3561 3.9155 0.126136 0.957845 0.089049 0.964532
