epoch time fwd_time bwd_time loss acc val_loss val_acc
0 9.2804 4.7707 4.1154 0.461851 0.822219 0.461127 0.825220
1 9.0805 4.6529 4.0460 0.447839 0.823909 0.446118 0.825220
2 8.8901 4.5875 3.9244 0.344390 0.823909 0.347281 0.825220
3 8.8186 4.5455 3.8869 0.329194 0.823909 0.340997 0.825220
4 8.9025 4.5993 3.9156 0.324735 0.824398 0.334317 0.826581
5 8.9369 4.6578 3.8942 0.304941 0.829317 0.324616 0.830424
6 8.7539 4.5361 3.8429 0.254950 0.859659 0.272965 0.900480
7 8.9188 4.6064 3.9236 0.213091 0.903344 0.225566 0.898479
8 9.0060 4.6447 3.9759 0.190949 0.914943 0.205668 0.906565
9 8.8832 4.6231 3.8716 0.178660 0.919782 0.190577 0.916573
10 8.8432 4.5677 3.8594 0.172602 0.922122 0.189418 0.916493
11 8.8355 4.5360 3.9070 0.167360 0.923323 0.194232 0.912970
12 8.8465 4.6008 3.8605 0.163711 0.924977 0.196228 0.911769
13 8.8487 4.5911 3.8808 0.165722 0.925964 0.200735 0.910008
14 8.8103 4.5514 3.8423 0.169334 0.926907 0.192975 0.913771
15 8.8645 4.5580 3.9192 0.163924 0.927877 0.191981 0.914652
16 8.7567 4.5135 3.8563 0.172793 0.928686 0.181353 0.921537
17 8.9166 4.6553 3.8796 0.161883 0.929656 0.186313 0.916733
18 9.0379 4.7227 3.9287 0.175137 0.930065 0.172468 0.926181
19 8.8737 4.5948 3.8987 0.157113 0.930955 0.182621 0.920176
20 8.7765 4.5307 3.8687 0.176487 0.931168 0.164979 0.929063
21 8.7645 4.5213 3.8652 0.151415 0.932138 0.177509 0.923299
22 8.8906 4.6227 3.8811 0.148652 0.933659 0.169979 0.927462
23 9.0403 4.6604 4.0076 0.147786 0.934068 0.177680 0.922978
24 8.9451 4.6255 3.9271 0.144463 0.934637 0.172371 0.926181
25 9.0944 4.6677 4.0454 0.142213 0.934833 0.165568 0.929864
26 8.9193 4.6090 3.9294 0.140836 0.935411 0.159221 0.931785
27 8.8866 4.6073 3.8990 0.139294 0.935812 0.154889 0.933867
28 8.8547 4.5923 3.8712 0.137454 0.936061 0.155449 0.934267
29 8.9431 4.6762 3.8817 0.136077 0.936310 0.155487 0.933147
30 8.8746 4.6062 3.8739 0.135512 0.936630 0.157256 0.932506
31 8.9489 4.6473 3.9124 0.134534 0.937297 0.160019 0.930424
32 8.9411 4.6580 3.8898 0.133446 0.937822 0.159244 0.930665
33 9.1373 4.7248 4.0241 0.132400 0.938107 0.160607 0.930024
34 9.1522 4.7977 3.9630 0.131498 0.938569 0.160309 0.930344
35 8.7505 4.5176 3.8516 0.130801 0.939032 0.159588 0.930504
36 8.7997 4.5576 3.8635 0.130109 0.939343 0.158066 0.931305
37 8.8672 4.6001 3.8852 0.129413 0.939654 0.156021 0.932266
38 8.7988 4.5607 3.8572 0.128675 0.939983 0.153939 0.933947
39 8.8922 4.6238 3.8893 0.127947 0.940152 0.152259 0.934347
40 8.8356 4.5624 3.8908 0.127285 0.940490 0.151055 0.935148
41 9.0316 4.6254 4.0188 0.126693 0.940704 0.150156 0.935629
42 8.9307 4.6302 3.9228 0.126161 0.940829 0.149412 0.935869
43 8.8928 4.5866 3.8932 0.125675 0.941069 0.148747 0.936349
44 8.7185 4.5125 3.8294 0.125229 0.941211 0.148131 0.936910
45 8.8800 4.6044 3.8886 0.124818 0.941362 0.147537 0.936829
46 8.8411 4.5478 3.9080 0.124433 0.941522 0.146949 0.936990
47 8.8670 4.5755 3.9024 0.124069 0.941620 0.146351 0.937470
48 8.9194 4.6154 3.9152 0.123719 0.941869 0.145741 0.937710
49 8.9573 4.6776 3.8941 0.123374 0.942020 0.145112 0.938030
