epoch time fwd_time bwd_time loss acc val_loss val_acc
0 8.7316 4.4141 3.9268 0.460496 0.808022 0.458624 0.827142
1 8.6048 4.3198 3.8883 0.373536 0.823695 0.359024 0.827142
2 8.7163 4.3819 3.9459 0.365470 0.823686 0.352268 0.827142
3 8.8033 4.4779 3.9251 0.346837 0.824096 0.319303 0.834027
4 8.6595 4.3600 3.9064 0.283823 0.858627 0.258119 0.897358
5 8.7285 4.4352 3.8995 0.266600 0.891691 0.236703 0.904163
6 8.6843 4.4094 3.8883 0.257533 0.895480 0.266736 0.887430
7 8.8081 4.5346 3.8849 0.254726 0.897597 0.261176 0.887990
8 8.6687 4.3557 3.9298 0.246411 0.899376 0.263979 0.886549
9 8.6786 4.4139 3.8659 0.243781 0.900906 0.259213 0.890392
10 8.7117 4.3973 3.9195 0.241053 0.902001 0.255126 0.892154
11 8.7198 4.4404 3.8824 0.238248 0.902801 0.251317 0.894315
12 8.7920 4.4345 3.9218 0.235499 0.903797 0.248209 0.895677
13 8.6185 4.3533 3.8651 0.232803 0.904900 0.245365 0.897438
14 8.7745 4.4706 3.9145 0.230381 0.905932 0.242786 0.898239
15 8.7135 4.4400 3.8694 0.228968 0.907142 0.240110 0.900320
16 8.8150 4.5023 3.9119 0.235975 0.908361 0.233110 0.903363
17 8.7643 4.4861 3.8934 0.235187 0.909357 0.227384 0.905364
18 8.7415 4.4087 3.9373 0.246110 0.910798 0.218355 0.909608
19 8.7532 4.4575 3.8973 0.247482 0.912043 0.207561 0.915212
20 8.7012 4.3489 3.9139 0.211206 0.913493 0.242037 0.896157
21 8.7843 4.4859 3.9108 0.258106 0.914792 0.184543 0.925140
22 8.7744 4.4463 3.9360 0.209750 0.916313 0.222168 0.905604
23 8.6236 4.3347 3.8985 0.217564 0.919960 0.166601 0.930264
24 8.8547 4.4999 3.9573 0.202474 0.922291 0.189090 0.919456
25 8.7017 4.4151 3.8912 0.197008 0.923856 0.168713 0.929063
26 8.7985 4.4307 3.9708 0.172006 0.928268 0.176011 0.924339
27 8.6846 4.3637 3.9219 0.170268 0.930990 0.150589 0.938671
28 8.7625 4.4745 3.9012 0.137644 0.934041 0.163950 0.934187
29 8.7812 4.4474 3.9381 0.202268 0.939387 0.165548 0.926902
30 8.6397 4.3608 3.8916 0.123161 0.940677 0.154961 0.936829
31 8.6266 4.3599 3.8692 0.115615 0.950346 0.112702 0.955004
32 8.7313 4.4238 3.9086 0.124628 0.953780 0.134985 0.944035
33 8.6516 4.3704 3.8852 0.121935 0.956102 0.118369 0.951561
34 8.6786 4.4057 3.8861 0.119070 0.955915 0.105303 0.957486
35 8.7306 4.4298 3.9007 0.110636 0.958672 0.106401 0.956765
36 8.6675 4.4119 3.8605 0.121309 0.955915 0.108417 0.959488
37 8.5435 4.3038 3.8442 0.111187 0.957916 0.098851 0.960929
38 8.7711 4.4696 3.9054 0.104537 0.959633 0.093750 0.963811
39 8.7054 4.3658 3.9475 0.106298 0.959420 0.091400 0.964131
40 8.7060 4.3723 3.9388 0.101605 0.960861 0.103393 0.957886
41 8.7041 4.3801 3.8829 0.101041 0.957392 0.093203 0.962290
42 8.7689 4.4481 3.9204 0.106368 0.961670 0.097851 0.960048
43 8.8129 4.5022 3.9081 0.105915 0.961661 0.106502 0.955805
44 8.8045 4.4773 3.9243 0.102388 0.961394 0.109034 0.954604
45 8.8059 4.5002 3.9008 0.100104 0.961581 0.120157 0.948439
46 8.6266 4.3403 3.8938 0.099216 0.961225 0.121804 0.947478
47 8.7631 4.4164 3.9469 0.090178 0.961065 0.096241 0.961169
48 8.6971 4.3849 3.9239 0.091223 0.960701 0.102635 0.957246
49 8.8815 4.5352 3.9515 0.089850 0.960256 0.097348 0.960208
