epoch time fwd_time bwd_time loss acc val_loss val_acc
0 8.8405 4.4595 3.9857 0.471853 0.808413 0.460170 0.827142
1 8.7547 4.4380 3.9232 0.386245 0.823695 0.367221 0.827142
2 8.6044 4.3236 3.8912 0.320202 0.825937 0.299154 0.841473
3 8.6051 4.3487 3.8650 0.285141 0.863733 0.268982 0.884147
4 8.7190 4.4205 3.8719 0.286967 0.886585 0.269916 0.882226
5 8.8545 4.5102 3.9504 0.254439 0.891940 0.281732 0.866853
6 8.7047 4.4022 3.9195 0.253549 0.893559 0.267059 0.879424
7 8.7885 4.5009 3.8946 0.246821 0.896646 0.268202 0.881345
8 8.6414 4.3810 3.8730 0.242167 0.899030 0.260808 0.885989
9 8.6428 4.3363 3.9185 0.240171 0.900880 0.246098 0.894636
10 8.6564 4.3903 3.8806 0.237071 0.902837 0.234074 0.901121
11 8.5314 4.2790 3.8596 0.235168 0.904589 0.247914 0.894716
12 8.6987 4.3726 3.8944 0.236825 0.905443 0.251310 0.892314
13 8.6015 4.3321 3.8775 0.235110 0.906573 0.249301 0.894155
14 8.7252 4.4513 3.8792 0.232861 0.907863 0.244187 0.897198
15 8.6875 4.3552 3.9273 0.230447 0.909277 0.239087 0.898959
16 8.7631 4.4530 3.9283 0.228791 0.910077 0.233850 0.902162
17 8.8009 4.4923 3.9123 0.227479 0.911065 0.228887 0.904724
18 8.6543 4.3580 3.9081 0.226133 0.912248 0.224421 0.906565
19 8.6336 4.3288 3.9034 0.224599 0.913013 0.220521 0.908247
20 8.7465 4.4522 3.9126 0.223085 0.913796 0.216992 0.909688
21 8.6595 4.3887 3.8839 0.222089 0.914650 0.213407 0.911289
22 8.7912 4.4876 3.8958 0.220643 0.915619 0.210608 0.912490
23 8.6291 4.3481 3.8851 0.219513 0.916491 0.207856 0.913691
24 8.8034 4.4966 3.9124 0.218595 0.917114 0.205228 0.914572
25 8.5906 4.3010 3.9051 0.217791 0.917550 0.202753 0.915532
26 8.7358 4.4424 3.8997 0.216753 0.918510 0.200734 0.916733
27 8.6011 4.3282 3.8865 0.215635 0.919026 0.199005 0.917694
28 8.7034 4.4310 3.8750 0.214545 0.919524 0.197451 0.917774
29 8.6142 4.3382 3.8883 0.213456 0.920102 0.196079 0.918415
30 8.7604 4.4117 3.9496 0.212286 0.920556 0.194953 0.918655
31 8.6898 4.4163 3.8761 0.211104 0.920867 0.193972 0.919536
32 8.7832 4.4966 3.8952 0.209953 0.921428 0.193077 0.920256
33 8.7332 4.4239 3.8741 0.208847 0.921846 0.192241 0.920496
34 8.7294 4.4548 3.8910 0.207793 0.922246 0.191446 0.920977
35 8.6781 4.3483 3.9424 0.206795 0.922691 0.190680 0.921457
36 8.7173 4.4378 3.8849 0.205853 0.923038 0.189932 0.922178
37 8.8200 4.4986 3.9279 0.204978 0.923278 0.189186 0.922418
38 8.7346 4.4426 3.8903 0.204172 0.923563 0.188438 0.922578
39 8.6027 4.3661 3.8446 0.203444 0.923830 0.187675 0.922978
40 8.8234 4.5193 3.9066 0.202819 0.924212 0.186871 0.922978
41 8.7158 4.4410 3.8737 0.202318 0.924657 0.186004 0.923939
42 8.7372 4.4094 3.9216 0.201888 0.924950 0.185123 0.924339
43 8.7518 4.4463 3.9066 0.201479 0.925422 0.184274 0.924420
44 8.6979 4.4296 3.8729 0.201104 0.925618 0.183435 0.925380
45 8.6969 4.4101 3.8939 0.200801 0.925831 0.182554 0.925620
46 8.6240 4.3220 3.9071 0.200613 0.926089 0.181584 0.926101
47 8.6951 4.3864 3.9108 0.200562 0.926249 0.180519 0.927142
48 8.6186 4.3277 3.8960 0.200450 0.926489 0.179581 0.927942
49 8.6531 4.3822 3.8813 0.200232 0.926694 0.178804 0.928102
