epoch time fwd_time bwd_time loss acc val_loss val_acc
0 8.6386 4.3641 3.8871 0.473134 0.791245 0.459985 0.827142
1 8.7744 4.4942 3.8822 0.415088 0.823695 0.405502 0.827142
2 8.6832 4.4293 3.8748 0.336413 0.827084 0.308338 0.843955
3 8.7573 4.4325 3.8948 0.275446 0.871534 0.249389 0.899440
4 8.6733 4.3711 3.9048 0.265642 0.889262 0.240857 0.900641
5 8.8964 4.5686 3.9267 0.258731 0.895480 0.237201 0.901681
6 8.7167 4.4383 3.8908 0.253793 0.897517 0.231385 0.903763
7 8.7577 4.4755 3.8857 0.250153 0.899679 0.230164 0.904243
8 8.7010 4.4263 3.8808 0.235085 0.900711 0.224260 0.909528
9 8.7630 4.4724 3.8897 0.227708 0.902294 0.242243 0.902242
10 8.8539 4.5386 3.9218 0.236986 0.904518 0.209615 0.914892
11 8.7436 4.3950 3.9533 0.257536 0.907098 0.203255 0.908167
12 8.5675 4.3098 3.8624 0.256541 0.908983 0.200915 0.909207
13 8.6903 4.3684 3.9255 0.255359 0.911794 0.195954 0.911449
14 8.8109 4.4255 3.9949 0.259886 0.913956 0.183771 0.920977
15 8.7098 4.4167 3.8992 0.253068 0.916002 0.181906 0.921217
16 8.6409 4.3550 3.8873 0.252724 0.917781 0.172693 0.925701
17 8.7512 4.4448 3.9081 0.209890 0.920067 0.177913 0.921938
18 8.7171 4.4217 3.8966 0.214897 0.926347 0.190371 0.914331
19 8.8379 4.5255 3.9153 0.165908 0.928046 0.165873 0.927222
20 8.7729 4.4575 3.8785 0.174202 0.928589 0.153200 0.933867
21 8.7647 4.4639 3.9072 0.164302 0.928544 0.147483 0.937950
22 8.8139 4.5039 3.9183 0.170613 0.933090 0.163029 0.928823
23 8.8639 4.5252 3.9398 0.203776 0.934744 0.151156 0.934267
24 8.7289 4.4051 3.9271 0.188941 0.937511 0.152846 0.934428
25 8.6254 4.3402 3.8919 0.217964 0.938089 0.138520 0.942594
26 8.6600 4.3424 3.9130 0.209965 0.936950 0.131413 0.945717
27 8.6903 4.3676 3.9190 0.167335 0.939797 0.136014 0.942594
28 8.7746 4.4361 3.9022 0.188431 0.941175 0.134574 0.943875
29 8.5989 4.3506 3.8690 0.179134 0.941789 0.135525 0.943235
30 8.6637 4.3411 3.9153 0.206626 0.942376 0.128524 0.945797
31 8.5772 4.3057 3.8752 0.201943 0.940126 0.126865 0.946437
32 8.6728 4.4005 3.8833 0.183725 0.941362 0.130417 0.945396
33 8.6252 4.3822 3.8538 0.177968 0.941727 0.127505 0.946277
34 8.6262 4.3314 3.9086 0.183172 0.942643 0.126077 0.947478
35 8.6929 4.3682 3.9271 0.155736 0.945258 0.114156 0.954043
36 8.7063 4.4278 3.8718 0.172190 0.948407 0.115684 0.953563
37 8.7433 4.4026 3.9371 0.118737 0.948621 0.127668 0.948439
38 8.7230 4.4158 3.9125 0.113738 0.952535 0.127089 0.949159
39 8.6501 4.3582 3.9049 0.127599 0.954296 0.121143 0.951641
40 8.8854 4.5422 3.9462 0.117527 0.954643 0.122801 0.950360
41 8.7111 4.3929 3.9249 0.102331 0.955168 0.130142 0.946517
42 8.7769 4.4630 3.9177 0.099874 0.956093 0.107531 0.957806
43 8.7908 4.4844 3.9077 0.097006 0.957801 0.101287 0.960048
44 8.8331 4.5318 3.9051 0.099874 0.958753 0.119131 0.951081
45 8.6856 4.4010 3.8981 0.099526 0.959117 0.105875 0.957886
46 8.8297 4.4788 3.9558 0.092871 0.959002 0.097504 0.961009
47 8.7376 4.4584 3.8789 0.093247 0.960487 0.103308 0.958207
48 8.6442 4.3621 3.8928 0.091589 0.960345 0.103416 0.957406
49 8.6420 4.3371 3.8799 0.091199 0.961697 0.103436 0.957086
