epoch time fwd_time bwd_time loss acc val_loss val_acc
0 8.7636 4.4557 3.9313 0.464695 0.814951 0.455920 0.827142
1 8.7765 4.4824 3.9068 0.365645 0.823695 0.310332 0.827302
2 8.8024 4.4814 3.9384 0.369057 0.867122 0.328060 0.873579
3 8.6809 4.3611 3.9397 0.280758 0.887003 0.272594 0.871737
4 8.6409 4.3707 3.8519 0.290047 0.891388 0.244121 0.895837
5 8.5606 4.3211 3.8551 0.261032 0.896717 0.217321 0.911849
6 8.7115 4.4324 3.8985 0.232982 0.902979 0.252630 0.889271
7 8.6652 4.3453 3.9294 0.226937 0.905763 0.240734 0.895196
8 8.7795 4.4538 3.9318 0.225754 0.907525 0.239281 0.896557
9 8.6100 4.3342 3.8944 0.222603 0.908983 0.231647 0.900480
10 8.7251 4.3906 3.9548 0.219753 0.910193 0.225401 0.903923
11 8.7746 4.4876 3.9007 0.217390 0.911421 0.220304 0.906485
12 8.7370 4.4457 3.9112 0.215611 0.912728 0.216282 0.908807
13 8.9056 4.5121 4.0060 0.214263 0.913902 0.212999 0.910649
14 8.6296 4.3449 3.9055 0.213120 0.914694 0.210246 0.912410
15 8.7232 4.4088 3.9304 0.212122 0.915762 0.207828 0.913611
16 8.7839 4.4594 3.9416 0.211273 0.916624 0.205685 0.915212
17 8.6123 4.3418 3.8786 0.210491 0.917398 0.203865 0.915532
18 8.7858 4.5068 3.8962 0.209729 0.917994 0.202376 0.916173
19 8.6707 4.4280 3.8675 0.209058 0.918590 0.200994 0.916974
20 8.7452 4.4374 3.9303 0.208265 0.918955 0.199861 0.917694
21 8.6944 4.4227 3.8829 0.207335 0.919587 0.198955 0.917854
22 8.6385 4.3783 3.8794 0.206333 0.920129 0.198242 0.918655
23 8.6982 4.4149 3.9039 0.205256 0.920672 0.197759 0.918975
24 8.8694 4.5016 3.9801 0.204229 0.921152 0.197353 0.919536
25 8.7697 4.4036 3.9332 0.203283 0.921552 0.196981 0.919376
26 8.6511 4.3486 3.9203 0.202204 0.922033 0.196847 0.919536
27 8.8696 4.4897 3.9896 0.201073 0.922469 0.196777 0.919856
28 8.7377 4.4554 3.8906 0.199929 0.922878 0.196792 0.920176
29 8.8170 4.4975 3.9288 0.198799 0.923216 0.197023 0.920416
30 8.7348 4.4357 3.9040 0.197711 0.923545 0.197476 0.920336
31 8.6836 4.3972 3.8954 0.196550 0.924061 0.198253 0.920496
32 8.8400 4.5462 3.9051 0.195293 0.924470 0.199253 0.920176
33 8.7174 4.4122 3.9198 0.194055 0.924790 0.200189 0.919776
34 8.7351 4.4374 3.9194 0.192779 0.925191 0.201353 0.919055
35 8.6351 4.3222 3.9309 0.191655 0.925449 0.202274 0.918255
36 8.7604 4.4609 3.9074 0.190853 0.925769 0.202715 0.918014
37 8.6913 4.4119 3.8967 0.190341 0.926294 0.202980 0.917774
38 8.6890 4.3778 3.9171 0.190117 0.926783 0.203392 0.917454
39 8.6476 4.3907 3.8591 0.190177 0.927094 0.203507 0.917694
40 8.7443 4.4592 3.8971 0.190393 0.927379 0.203185 0.917774
41 8.7247 4.4357 3.8930 0.190862 0.927601 0.203033 0.917934
42 8.6175 4.3316 3.9080 0.191471 0.927921 0.202838 0.917774
43 8.7683 4.4840 3.8951 0.192134 0.928037 0.202616 0.917374
44 8.6458 4.3432 3.9134 0.193093 0.928179 0.201947 0.917854
45 8.8299 4.5730 3.8683 0.193812 0.928509 0.201940 0.917694
46 8.7731 4.4437 3.9292 0.194351 0.928793 0.202416 0.917454
47 8.7624 4.4500 3.9236 0.194442 0.929096 0.203270 0.916493
48 8.6899 4.4258 3.8784 0.193968 0.929407 0.204099 0.915693
49 8.6801 4.4164 3.8730 0.193288 0.929781 0.204722 0.914492
