epoch time fwd_time bwd_time loss acc val_loss val_acc
0 8.7272 4.3845 3.9451 0.462171 0.818056 0.457400 0.827142
1 8.7042 4.4395 3.8875 0.372780 0.823695 0.359962 0.827142
2 8.7092 4.4317 3.8881 0.324905 0.823918 0.324119 0.839552
3 8.7560 4.4525 3.9195 0.279873 0.869568 0.269576 0.881505
4 8.7549 4.4577 3.9139 0.288697 0.889280 0.265835 0.897998
5 8.6273 4.3407 3.8971 0.262870 0.894457 0.268184 0.883427
6 8.7124 4.4155 3.9138 0.259232 0.896201 0.264487 0.888151
7 8.8029 4.4813 3.9306 0.253361 0.898362 0.257100 0.893275
8 8.7335 4.4547 3.8909 0.246864 0.899572 0.247124 0.897518
9 8.6136 4.3287 3.8993 0.276401 0.901129 0.214253 0.911930
10 8.7688 4.4749 3.9042 0.238519 0.901903 0.245556 0.898719
11 8.7149 4.4260 3.8929 0.240741 0.903326 0.227746 0.905685
12 8.7389 4.4576 3.8991 0.256024 0.904705 0.210723 0.912410
13 8.7327 4.4363 3.9085 0.229083 0.905950 0.241315 0.897678
14 8.8223 4.5251 3.9004 0.278440 0.907293 0.203729 0.917054
15 8.8261 4.4973 3.9415 0.272070 0.908716 0.206521 0.917934
16 8.7396 4.4552 3.9007 0.238877 0.909971 0.217021 0.915853
17 8.7629 4.4537 3.8971 0.241958 0.912559 0.207927 0.922098
18 8.7160 4.4311 3.8935 0.225803 0.914934 0.211694 0.923219
19 8.8398 4.5694 3.8734 0.211907 0.917123 0.230148 0.916493
20 8.7127 4.4346 3.8884 0.179515 0.921036 0.216326 0.919295
21 8.8348 4.5126 3.9369 0.216300 0.927041 0.164831 0.934347
22 8.7842 4.4760 3.9162 0.229804 0.928286 0.167800 0.936829
23 8.8234 4.4856 3.9521 0.156275 0.930821 0.193356 0.922258
24 8.7041 4.3866 3.9378 0.146212 0.934522 0.201354 0.912890
25 8.6500 4.4025 3.8610 0.147517 0.938578 0.169110 0.928823
26 8.7954 4.5154 3.8851 0.161687 0.943168 0.131330 0.949239
27 8.6887 4.3917 3.9069 0.133627 0.948158 0.123637 0.952682
28 8.5595 4.3116 3.8672 0.115821 0.952037 0.106176 0.957886
29 8.5916 4.3478 3.8560 0.114689 0.953024 0.103174 0.959087
30 8.6274 4.3679 3.8853 0.110995 0.955017 0.099680 0.960288
31 8.7305 4.4336 3.9061 0.126671 0.956137 0.098904 0.960849
32 8.6972 4.4450 3.8619 0.136340 0.955995 0.099018 0.961409
33 8.6588 4.3802 3.8943 0.123209 0.955070 0.107012 0.957326
34 8.7156 4.4297 3.8954 0.109737 0.955728 0.093684 0.961329
35 8.5648 4.3057 3.8801 0.103474 0.959509 0.093591 0.961169
36 8.6372 4.3420 3.9072 0.108152 0.959464 0.093918 0.962770
37 8.7239 4.4107 3.9260 0.112860 0.959829 0.099921 0.961249
38 8.6330 4.3297 3.9162 0.113362 0.958708 0.101971 0.957966
39 8.6570 4.4160 3.8510 0.110960 0.957436 0.119159 0.949239
40 8.6813 4.3723 3.9267 0.109133 0.960096 0.113256 0.952602
41 8.8654 4.5606 3.9187 0.103180 0.958877 0.123281 0.947958
42 8.7002 4.3987 3.9087 0.104665 0.960220 0.115489 0.951001
43 8.6821 4.3710 3.9226 0.107055 0.961092 0.118264 0.948599
44 8.6368 4.3730 3.8876 0.104599 0.960398 0.123050 0.948038
45 8.7938 4.4647 3.9463 0.102844 0.961839 0.095371 0.960208
46 8.7444 4.4247 3.8894 0.098596 0.961261 0.131120 0.945556
47 8.6518 4.3671 3.8932 0.099958 0.961724 0.088110 0.964452
48 8.6994 4.4222 3.8969 0.100967 0.962631 0.116969 0.949720
49 8.6295 4.3765 3.8855 0.097081 0.962569 0.118684 0.949560
