epoch time fwd_time bwd_time loss acc val_loss val_acc
0 3.9674 2.2962 1.3932 0.482409 0.815592 0.452619 0.823779
1 3.6759 1.9857 1.4101 0.312009 0.836060 0.291151 0.865092
2 3.6805 2.0054 1.3946 0.290121 0.882395 0.271271 0.887830
3 3.7138 2.0262 1.4011 0.280822 0.893550 0.237617 0.901121
4 3.7961 2.1034 1.4001 0.283669 0.898442 0.251846 0.889351
5 3.7462 2.0589 1.4032 0.271739 0.901111 0.228070 0.903523
6 3.7129 2.0414 1.3929 0.272330 0.903290 0.236886 0.897998
7 3.6999 2.0149 1.4009 0.265861 0.906190 0.213613 0.907366
8 3.7556 2.0726 1.3968 0.259384 0.907702 0.207746 0.910488
9 3.7193 2.0335 1.3970 0.254338 0.908387 0.207100 0.910809
10 3.6739 1.9990 1.3850 0.250303 0.912381 0.203598 0.912810
11 3.6838 2.0071 1.3833 0.245016 0.913360 0.197654 0.915052
12 3.7413 2.0819 1.3854 0.236804 0.914374 0.202573 0.915132
13 3.7675 2.0776 1.4091 0.233428 0.917968 0.189076 0.918575
14 3.6691 1.9835 1.3993 0.229362 0.917283 0.186527 0.920096
15 3.6718 2.0014 1.3850 0.216491 0.919827 0.181046 0.922578
16 3.6870 2.0065 1.4009 0.209498 0.922860 0.177127 0.924500
17 3.6972 2.0203 1.3905 0.217256 0.922887 0.176573 0.924179
18 3.7473 2.0627 1.4052 0.216562 0.924977 0.179901 0.922018
19 3.6506 1.9900 1.3906 0.199519 0.923527 0.175113 0.927622
20 3.6288 1.9704 1.3783 0.206304 0.926151 0.169779 0.926261
21 3.7335 2.0499 1.4014 0.185855 0.931462 0.159798 0.931545
22 3.8248 2.1348 1.4063 0.182644 0.934290 0.177441 0.924099
23 3.6783 2.0006 1.3885 0.184425 0.931746 0.148459 0.936269
24 3.7222 2.0332 1.4046 0.203452 0.931124 0.176765 0.924660
25 3.7298 2.0476 1.3995 0.186138 0.932129 0.187067 0.918735
26 3.6419 1.9720 1.3914 0.167070 0.936532 0.144811 0.938351
27 3.7777 2.1084 1.3837 0.185386 0.938596 0.173640 0.924099
28 3.6991 2.0117 1.3974 0.149732 0.938863 0.148445 0.937070
29 3.7037 2.0211 1.3991 0.178898 0.940197 0.177695 0.924500
30 3.6623 1.9913 1.3935 0.145086 0.942928 0.129949 0.945316
31 3.6965 2.0195 1.3916 0.179521 0.943070 0.146827 0.936829
32 3.6850 2.0026 1.3967 0.174529 0.944618 0.126760 0.947638
33 3.7635 2.0898 1.3956 0.177474 0.946130 0.131099 0.945396
34 3.6954 2.0111 1.3983 0.159477 0.947874 0.123535 0.948439
35 3.8172 2.1310 1.4105 0.156167 0.949057 0.118911 0.950520
36 3.7378 2.0532 1.3948 0.150620 0.950676 0.117336 0.950200
37 3.7217 2.0399 1.4005 0.109776 0.953317 0.109811 0.954123
38 3.7978 2.0977 1.4156 0.106213 0.952508 0.127618 0.945396
39 3.6777 2.0106 1.3815 0.112097 0.955488 0.111377 0.952602
40 3.7770 2.0727 1.4227 0.106965 0.955159 0.104510 0.956445
41 3.7426 2.0539 1.4043 0.118804 0.956297 0.109359 0.953082
42 3.7010 2.0465 1.3767 0.097120 0.957392 0.098868 0.958687
43 3.7388 2.0496 1.4055 0.095719 0.958886 0.098512 0.959327
44 3.7176 2.0360 1.3949 0.094740 0.959188 0.095905 0.960608
45 3.6934 2.0165 1.3962 0.089654 0.959873 0.094609 0.961249
46 3.7005 2.0237 1.3904 0.090864 0.960603 0.093249 0.962130
47 3.6871 2.0051 1.3999 0.092560 0.960807 0.092570 0.962610
48 3.7023 2.0075 1.4120 0.089080 0.960914 0.091335 0.962690
49 3.7444 2.0567 1.3983 0.090239 0.961635 0.090476 0.963811
