epoch time fwd_time bwd_time loss acc val_loss val_acc
0 4.0242 2.3513 1.3903 0.521062 0.796458 0.502311 0.823779
1 3.6022 1.9420 1.3753 0.488781 0.824069 0.467387 0.823779
2 3.6300 1.9787 1.3775 0.487359 0.824069 0.465464 0.823779
3 3.6185 1.9557 1.3859 0.485329 0.824069 0.463585 0.823779
4 3.7248 2.0524 1.3874 0.481712 0.824069 0.459818 0.823779
5 3.5662 1.9221 1.3683 0.440699 0.824069 0.418248 0.823779
6 3.7567 2.0699 1.3981 0.398897 0.824069 0.375088 0.823779
7 3.6254 1.9692 1.3802 0.384525 0.824069 0.353795 0.823779
8 3.8285 2.1437 1.3891 0.375587 0.824140 0.341026 0.824660
9 3.7259 2.0520 1.3948 0.355200 0.827627 0.327982 0.832026
10 3.7427 2.0922 1.3807 0.332853 0.842153 0.308295 0.857566
11 3.6890 2.0304 1.3913 0.316526 0.871401 0.274365 0.882306
12 3.6917 2.0383 1.3781 0.293181 0.888569 0.260631 0.895757
13 3.6654 2.0039 1.3807 0.289064 0.895418 0.247331 0.899119
14 3.6359 1.9811 1.3780 0.283537 0.899234 0.241460 0.901041
15 3.6818 2.0267 1.3863 0.280962 0.900782 0.234685 0.901922
16 3.6346 1.9539 1.4035 0.280553 0.902205 0.231488 0.900881
17 3.6927 2.0195 1.3902 0.278404 0.903708 0.229777 0.900480
18 3.7418 2.0695 1.3894 0.275652 0.904723 0.227189 0.901521
19 3.7189 2.0486 1.3877 0.273431 0.905674 0.223909 0.903603
20 3.6949 2.0113 1.4015 0.271542 0.906902 0.220503 0.905685
21 3.7206 2.0656 1.3804 0.268903 0.907738 0.216721 0.908327
22 3.7907 2.1130 1.3962 0.265716 0.908957 0.213173 0.909928
23 3.7885 2.1200 1.3885 0.262068 0.910024 0.209936 0.911369
24 3.7378 2.0660 1.3900 0.256211 0.911065 0.206896 0.911449
25 3.7030 2.0134 1.4020 0.249380 0.912577 0.203403 0.912810
26 3.7511 2.0782 1.3926 0.245223 0.913378 0.204497 0.913451
27 3.6992 2.0428 1.3785 0.252240 0.915931 0.199286 0.916653
28 3.7525 2.0669 1.4047 0.238845 0.916687 0.197831 0.916413
29 3.6982 2.0412 1.3803 0.227718 0.918430 0.197549 0.914572
30 3.7742 2.1083 1.3836 0.235077 0.919222 0.196969 0.915212
31 3.8125 2.1271 1.4032 0.229606 0.920538 0.193674 0.916253
32 3.7148 2.0507 1.3910 0.225501 0.920698 0.186653 0.920016
33 3.7384 2.0493 1.4054 0.220644 0.922860 0.184057 0.921617
34 3.7201 2.0380 1.4044 0.223218 0.923607 0.183549 0.922578
35 3.7035 2.0317 1.3959 0.220421 0.925093 0.181241 0.923139
36 3.6498 1.9919 1.3811 0.217974 0.925680 0.178074 0.924420
37 3.7339 2.0509 1.4096 0.212605 0.925724 0.175869 0.924820
38 3.7245 2.0529 1.3902 0.206428 0.927628 0.173896 0.926261
39 3.7653 2.0893 1.3974 0.207272 0.928242 0.173665 0.926982
40 3.7639 2.0854 1.3932 0.209402 0.929016 0.175534 0.925540
41 3.6876 2.0035 1.4010 0.219734 0.930341 0.173630 0.926982
42 3.6900 2.0168 1.3934 0.206575 0.930483 0.169547 0.928022
43 3.6949 2.0107 1.4098 0.196771 0.930394 0.166553 0.930584
44 3.6334 1.9861 1.3725 0.191977 0.933161 0.163651 0.931625
45 3.8318 2.1344 1.4115 0.191734 0.933036 0.163376 0.932266
46 3.7926 2.1007 1.4084 0.187261 0.933863 0.160143 0.931946
47 3.6224 1.9652 1.3820 0.195952 0.935100 0.157731 0.933547
48 3.7487 2.0841 1.3929 0.182235 0.934744 0.156693 0.934508
49 3.7218 2.0496 1.3891 0.184604 0.935678 0.159288 0.933307
