epoch time fwd_time bwd_time loss acc val_loss val_acc
0 3.9427 2.2806 1.3894 0.484457 0.824069 0.471631 0.823779
1 3.6453 1.9994 1.3839 0.488070 0.824069 0.466451 0.823779
2 3.7465 2.0824 1.3977 0.486709 0.824069 0.465307 0.823779
3 3.6717 2.0117 1.3867 0.484922 0.824069 0.463663 0.823779
4 3.7708 2.1131 1.3903 0.481865 0.824069 0.460782 0.823779
5 3.7089 2.0599 1.3824 0.472491 0.824069 0.452611 0.823779
6 3.6237 1.9730 1.3884 0.441768 0.824069 0.403667 0.823779
7 3.6593 2.0106 1.3834 0.401264 0.824069 0.377436 0.823779
8 3.7042 2.0267 1.4067 0.382679 0.824069 0.360564 0.823779
9 3.6953 2.0276 1.3995 0.370155 0.824069 0.353983 0.823779
10 3.7290 2.0640 1.3942 0.366434 0.824069 0.337588 0.824179
11 3.7190 2.0615 1.3943 0.340448 0.827752 0.317275 0.843235
12 3.6367 1.9835 1.3943 0.318748 0.856697 0.289478 0.869496
13 3.7742 2.0801 1.4132 0.321062 0.873874 0.276890 0.870616
14 3.6236 1.9592 1.3903 0.299859 0.882342 0.267585 0.889512
15 3.7318 2.0491 1.4023 0.293623 0.889120 0.255900 0.894396
16 3.7860 2.1243 1.3921 0.283390 0.893870 0.248776 0.896317
17 3.6562 1.9974 1.3872 0.279228 0.898087 0.242613 0.898078
18 3.7216 2.0697 1.3897 0.276920 0.900684 0.234187 0.902402
19 3.7264 2.0608 1.3923 0.273692 0.903104 0.228643 0.903523
20 3.6737 2.0150 1.3869 0.269012 0.905078 0.223589 0.905364
21 3.7232 2.0663 1.3789 0.261233 0.907231 0.214544 0.909688
22 3.6209 1.9599 1.3855 0.256124 0.911794 0.205925 0.914972
23 3.6796 2.0158 1.3916 0.240796 0.916402 0.200498 0.922338
24 3.6206 1.9617 1.3873 0.241194 0.919355 0.195772 0.920576
25 3.7562 2.0839 1.3991 0.239388 0.920894 0.191708 0.923058
26 3.6313 1.9687 1.4019 0.234527 0.922389 0.189422 0.924740
27 3.7312 2.0622 1.3938 0.230467 0.923732 0.187150 0.926181
28 3.7654 2.1014 1.3988 0.226965 0.924701 0.184881 0.927542
29 3.7438 2.0659 1.4023 0.223779 0.925662 0.182668 0.928503
30 3.7164 2.0103 1.4284 0.220807 0.926543 0.180543 0.929464
31 3.6811 2.0203 1.3915 0.218013 0.927477 0.178513 0.930825
32 3.6981 2.0142 1.4103 0.215380 0.928251 0.176584 0.931946
33 3.7406 2.0651 1.4045 0.212890 0.929149 0.174762 0.932746
34 3.7761 2.0930 1.4116 0.210529 0.929932 0.173047 0.933066
35 3.6507 1.9709 1.4126 0.208288 0.930706 0.171434 0.933947
36 3.6688 2.0121 1.3863 0.206162 0.931497 0.169913 0.934347
37 3.6598 1.9714 1.4155 0.204162 0.932013 0.168479 0.935148
38 3.6549 1.9773 1.4033 0.202335 0.932494 0.167128 0.935548
39 3.6394 1.9945 1.3764 0.200854 0.932823 0.165853 0.935629
40 3.7488 2.0691 1.4017 0.200328 0.932929 0.164569 0.936189
41 3.7745 2.0669 1.3909 0.200660 0.933365 0.163369 0.936029
42 3.7585 2.0433 1.3980 0.199825 0.934033 0.162312 0.936589
43 3.6750 1.9813 1.3793 0.198502 0.934620 0.161259 0.936509
44 3.8290 2.1135 1.3989 0.196903 0.935447 0.160155 0.936589
45 3.6516 1.9461 1.3864 0.195186 0.936043 0.159104 0.937470
46 3.7626 2.0815 1.3783 0.193451 0.936399 0.158063 0.937710
47 3.6863 1.9900 1.3932 0.191679 0.936897 0.157001 0.937950
48 3.7446 2.0404 1.3927 0.189900 0.937181 0.155936 0.938511
49 3.7657 2.0404 1.4034 0.188169 0.937671 0.154876 0.938751
