epoch time fwd_time bwd_time loss acc val_loss val_acc
0 4.0232 2.3352 1.4010 0.489739 0.795186 0.464307 0.823779
1 3.7597 2.0806 1.3857 0.423924 0.824069 0.402210 0.823779
2 3.6424 1.9737 1.3763 0.384346 0.824069 0.378622 0.823779
3 3.7591 2.0481 1.4169 0.368548 0.824069 0.341661 0.823779
4 3.7489 2.0688 1.3902 0.346938 0.824158 0.305995 0.824500
5 3.6818 2.0081 1.3862 0.305572 0.855861 0.294671 0.896637
6 3.7314 2.0411 1.3916 0.265684 0.897820 0.234152 0.904804
7 3.7208 2.0381 1.3936 0.255816 0.904749 0.226331 0.906245
8 3.6925 1.9955 1.4061 0.252693 0.908663 0.218746 0.909367
9 3.6581 1.9849 1.3908 0.247144 0.912355 0.204324 0.914812
10 3.7907 2.1070 1.3903 0.245734 0.915575 0.207725 0.910649
11 3.7984 2.1140 1.4005 0.243111 0.917300 0.194033 0.917214
12 3.6486 1.9709 1.3970 0.235653 0.920236 0.188687 0.919135
13 3.6797 1.9927 1.4055 0.210792 0.926418 0.177413 0.931385
14 3.7805 2.0887 1.4040 0.229060 0.928989 0.170222 0.931065
15 3.6787 1.9794 1.4154 0.207340 0.926898 0.160075 0.934347
16 3.6664 1.9726 1.4131 0.211624 0.928651 0.155824 0.935949
17 3.6916 2.0257 1.3861 0.192287 0.935305 0.156799 0.930985
18 3.7275 2.0456 1.3929 0.244128 0.933712 0.171427 0.922738
19 3.7315 2.0480 1.3981 0.180182 0.939761 0.145491 0.937070
20 3.7632 2.0718 1.4017 0.212312 0.931764 0.193027 0.925540
21 3.7020 2.0039 1.4124 0.162009 0.934958 0.141379 0.946437
22 3.7500 2.0453 1.4131 0.191845 0.941994 0.156271 0.933627
23 3.7026 2.0125 1.4105 0.157105 0.942029 0.127319 0.948118
24 3.7419 2.0465 1.4019 0.153328 0.941682 0.128839 0.947878
25 3.6512 1.9806 1.3946 0.155906 0.949448 0.117149 0.951882
26 3.6855 1.9898 1.4055 0.154954 0.947393 0.182742 0.914652
27 3.7814 2.0822 1.4147 0.130126 0.950000 0.118088 0.955725
28 3.6969 2.0251 1.3816 0.136025 0.951663 0.117906 0.954203
29 3.7751 2.0873 1.3969 0.201252 0.950951 0.129728 0.949480
30 3.7637 2.0786 1.4004 0.151140 0.953602 0.119181 0.950120
31 3.9039 2.2242 1.3918 0.123751 0.953371 0.111721 0.954684
32 3.7272 2.0236 1.3796 0.176976 0.953709 0.139667 0.939552
33 3.6993 2.0100 1.3995 0.117642 0.952232 0.129065 0.947798
34 3.6963 2.0230 1.3852 0.113170 0.955283 0.111673 0.955725
35 3.7283 2.0465 1.3908 0.117990 0.956253 0.125344 0.952682
36 3.7150 2.0216 1.4002 0.118676 0.956280 0.101950 0.958367
37 3.7688 2.0496 1.4258 0.111743 0.956849 0.123443 0.948999
38 3.7347 2.0495 1.4046 0.121181 0.956609 0.132974 0.950040
39 3.7087 2.0125 1.3996 0.106091 0.956422 0.113372 0.954043
40 3.7874 2.0715 1.3763 0.135779 0.956920 0.158671 0.935068
41 3.6806 1.9991 1.3930 0.150198 0.956600 0.145643 0.939952
42 3.6969 2.0125 1.3915 0.160380 0.956484 0.134869 0.944195
43 3.6774 1.9911 1.4016 0.126342 0.957641 0.148618 0.937710
44 3.7932 2.0518 1.4009 0.119518 0.958397 0.135290 0.947638
45 3.7374 2.0303 1.3843 0.144007 0.957383 0.135680 0.942754
46 3.6931 2.0015 1.3820 0.123936 0.957311 0.116891 0.948839
47 3.8549 2.1676 1.3996 0.144004 0.958201 0.132750 0.944516
48 3.7421 2.0372 1.4119 0.115128 0.959357 0.138443 0.941313
49 3.7391 2.0569 1.3944 0.107804 0.959144 0.109899 0.952282
