epoch time fwd_time bwd_time loss acc val_loss val_acc
0 3.9580 2.2611 1.3914 0.513596 0.679867 0.502557 0.823779
1 3.7401 2.0459 1.3747 0.488572 0.824069 0.467884 0.823779
2 3.7256 2.0760 1.3766 0.486758 0.824069 0.466244 0.823779
3 3.7093 2.0362 1.3904 0.484641 0.824069 0.464324 0.823779
4 3.6880 2.0091 1.4022 0.480950 0.824069 0.460859 0.823779
5 3.7259 2.0388 1.3971 0.471115 0.824069 0.450983 0.823779
6 3.6755 2.0117 1.3877 0.424501 0.824069 0.405562 0.823779
7 3.8163 2.1491 1.3799 0.396584 0.824069 0.385089 0.823779
8 3.7447 2.0707 1.3953 0.387762 0.824069 0.368240 0.823779
9 3.6969 2.0421 1.3766 0.377701 0.824069 0.357115 0.823779
10 3.7138 2.0337 1.4103 0.369721 0.824327 0.351085 0.837070
11 3.6756 2.0112 1.3889 0.357290 0.831692 0.326067 0.837630
12 3.7326 2.0534 1.4039 0.345547 0.838159 0.315825 0.837950
13 3.6389 1.9676 1.3938 0.335508 0.838559 0.306878 0.839231
14 3.6572 1.9905 1.3945 0.325657 0.840018 0.295620 0.842034
15 3.6920 2.0262 1.3916 0.322984 0.848353 0.288200 0.863010
16 3.7419 2.0805 1.3823 0.323264 0.864320 0.282809 0.873419
17 3.7185 2.0557 1.3867 0.315275 0.874461 0.278117 0.880544
18 3.7007 2.0325 1.3892 0.308188 0.882627 0.271695 0.887030
19 3.7236 2.0527 1.3881 0.302670 0.889681 0.263081 0.892954
20 3.7687 2.1178 1.3821 0.295816 0.895124 0.255421 0.895677
21 3.7179 2.0388 1.3974 0.292743 0.897909 0.247969 0.897758
22 3.7160 2.0694 1.3819 0.288991 0.900159 0.240868 0.898879
23 3.7479 2.0745 1.3961 0.280381 0.901796 0.235380 0.900400
24 3.8205 2.1189 1.4257 0.271636 0.903184 0.231796 0.901281
25 3.9600 2.2058 1.4808 0.268006 0.905790 0.226478 0.904564
26 3.7112 2.0379 1.3987 0.271621 0.908708 0.220361 0.907766
27 3.7405 2.0399 1.4202 0.264131 0.911189 0.217487 0.909207
28 3.6549 2.0104 1.3753 0.258260 0.912888 0.214886 0.911129
29 3.7295 2.0458 1.3978 0.252474 0.914249 0.210854 0.912650
30 3.7177 2.0439 1.3918 0.249799 0.916144 0.208080 0.913771
31 3.6669 1.9974 1.3850 0.245437 0.917140 0.204852 0.915052
32 3.7799 2.1149 1.3901 0.242090 0.918386 0.202299 0.915612
33 3.7423 2.0823 1.3782 0.237484 0.919444 0.199857 0.917054
34 3.8003 2.1282 1.3897 0.233764 0.920200 0.196979 0.917854
35 3.6872 2.0090 1.4053 0.230989 0.921650 0.193958 0.919776
36 3.7405 2.0786 1.3858 0.227532 0.922486 0.192337 0.920737
37 3.6427 1.9938 1.3735 0.224681 0.922780 0.190887 0.920176
38 3.7436 2.0798 1.3869 0.221241 0.923412 0.189978 0.919856
39 3.8237 2.1352 1.4181 0.218388 0.924016 0.189053 0.920336
40 3.7058 2.0637 1.3673 0.217063 0.924248 0.188019 0.920576
41 3.7100 2.0244 1.4057 0.214413 0.925093 0.187033 0.920657
42 3.6723 2.0076 1.3896 0.211352 0.925760 0.185816 0.920977
43 3.6322 1.9725 1.3857 0.208373 0.926454 0.184239 0.921617
44 3.6827 2.0200 1.3895 0.205788 0.927156 0.182628 0.922178
45 3.6982 2.0252 1.4009 0.203395 0.927583 0.181014 0.922498
46 3.6616 1.9881 1.3973 0.201160 0.928046 0.179446 0.923459
47 3.6732 2.0104 1.3850 0.199055 0.928597 0.177930 0.923859
48 3.6302 1.9632 1.3936 0.197081 0.928971 0.176499 0.924500
49 3.6746 2.0146 1.3790 0.195219 0.929629 0.175182 0.924980
