epoch time fwd_time bwd_time loss acc val_loss val_acc
0 4.0315 2.3294 1.4210 0.496885 0.812194 0.466581 0.823779
1 3.8140 2.1002 1.4093 0.475489 0.824069 0.453589 0.823779
2 3.7519 2.0386 1.3755 0.369113 0.824069 0.350152 0.823779
3 3.7180 2.0198 1.3831 0.340695 0.827236 0.318371 0.834828
4 3.6711 1.9869 1.3854 0.293608 0.861856 0.294908 0.869175
5 3.8175 2.1088 1.4149 0.277545 0.889947 0.241141 0.897998
6 3.6907 1.9854 1.3720 0.269851 0.897126 0.245125 0.892714
7 3.6757 1.9749 1.3792 0.264097 0.901858 0.234910 0.898879
8 3.7297 2.0360 1.3679 0.254279 0.905612 0.224997 0.903763
9 4.1296 2.2227 1.5660 0.246525 0.908325 0.214953 0.907846
10 3.6282 1.9535 1.3843 0.240203 0.910887 0.207963 0.911209
11 3.7209 2.0512 1.3890 0.233478 0.912728 0.199575 0.914412
12 3.7412 2.0239 1.4140 0.227188 0.914783 0.192774 0.917294
13 3.7218 2.0181 1.4080 0.220147 0.917220 0.186422 0.921057
14 3.7402 2.0344 1.3831 0.216586 0.919667 0.187337 0.920657
15 3.7883 2.0764 1.3733 0.207734 0.921366 0.175234 0.925540
16 3.6927 1.9835 1.3778 0.202127 0.922264 0.171960 0.926902
17 3.7189 2.0014 1.3991 0.197203 0.924666 0.167115 0.929464
18 3.7341 2.0155 1.3700 0.186671 0.927619 0.162369 0.929864
19 3.7437 2.0363 1.3907 0.179564 0.929158 0.156715 0.933467
20 3.6873 1.9843 1.3829 0.166268 0.931257 0.154241 0.932746
21 3.6295 1.9428 1.3770 0.156299 0.934833 0.158554 0.929223
22 3.7390 2.0497 1.3656 0.149512 0.937208 0.146702 0.936669
23 3.7865 2.0789 1.3785 0.141931 0.940046 0.135770 0.942114
24 3.8589 2.1625 1.3792 0.134593 0.941585 0.133128 0.942914
25 3.6996 2.0318 1.3768 0.129746 0.943675 0.130855 0.943395
26 3.6620 1.9788 1.3979 0.128439 0.944342 0.124107 0.946277
27 3.7963 2.0914 1.4119 0.123254 0.944840 0.118475 0.950841
28 3.7581 2.0745 1.3786 0.119276 0.948630 0.115905 0.950200
29 3.6983 2.0238 1.3831 0.119162 0.949048 0.113382 0.953403
30 3.7077 2.0276 1.3957 0.110223 0.949982 0.110038 0.954604
31 3.8019 2.1242 1.3782 0.111350 0.952864 0.107995 0.955164
32 3.7365 2.0492 1.3906 0.107542 0.951521 0.106697 0.955004
33 3.7189 2.0144 1.4130 0.104516 0.952570 0.104136 0.957086
34 3.7589 2.0641 1.4035 0.099431 0.952819 0.109136 0.955965
35 3.6475 1.9643 1.3955 0.102794 0.955968 0.100616 0.958367
36 3.7074 2.0200 1.3960 0.098095 0.955933 0.098690 0.959568
37 3.6862 2.0138 1.3863 0.105954 0.957080 0.098648 0.958127
38 3.6200 1.9454 1.3855 0.103052 0.958334 0.097010 0.958927
39 3.7766 2.0940 1.3931 0.096645 0.957827 0.095958 0.960448
40 3.7409 2.0562 1.3816 0.094996 0.956893 0.095980 0.959247
41 3.6288 1.9534 1.3826 0.095647 0.958815 0.093578 0.961890
42 3.6647 1.9845 1.3902 0.098269 0.958299 0.095450 0.960689
43 3.6487 1.9837 1.3744 0.087998 0.958103 0.091197 0.961970
44 3.6767 2.0046 1.3851 0.094973 0.960434 0.091099 0.963171
45 3.7293 2.0327 1.3984 0.089400 0.957498 0.092907 0.961329
46 3.7143 2.0406 1.3917 0.090119 0.961154 0.092733 0.961409
47 3.7496 2.0589 1.3967 0.085843 0.959251 0.088590 0.962770
48 3.7694 2.1025 1.3807 0.086608 0.961092 0.089458 0.963331
49 3.7344 2.0691 1.3689 0.091071 0.959811 0.087920 0.963171
