epoch time fwd_time bwd_time loss acc val_loss val_acc
0 4.1205 2.4132 1.4097 0.484045 0.824069 0.458237 0.823779
1 3.7636 2.0694 1.3972 0.384862 0.824069 0.361018 0.823779
2 3.7204 2.0400 1.3850 0.365892 0.824131 0.335682 0.824339
3 3.7421 2.0598 1.3850 0.348456 0.829228 0.314709 0.836349
4 3.7981 2.0985 1.4008 0.319704 0.846805 0.297009 0.870857
5 3.8562 2.1640 1.3961 0.283435 0.885446 0.241678 0.897278
6 3.8314 2.1032 1.4121 0.268516 0.901093 0.224455 0.911369
7 3.7232 2.0252 1.3854 0.251835 0.905852 0.215707 0.911369
8 3.7349 2.0371 1.3853 0.243722 0.909908 0.209860 0.913050
9 3.7434 2.0332 1.4005 0.244806 0.912817 0.200938 0.915292
10 3.6987 1.9957 1.4015 0.221592 0.917372 0.193066 0.916813
11 3.7745 2.0752 1.3916 0.208350 0.918741 0.184061 0.917854
12 3.7403 2.0308 1.3996 0.186603 0.925902 0.161321 0.933387
13 3.6941 1.9977 1.3922 0.180596 0.931142 0.210558 0.901201
14 3.8377 2.1228 1.4065 0.167775 0.935411 0.202659 0.907046
15 3.7799 2.0811 1.3935 0.175021 0.940704 0.195725 0.911529
16 3.7044 1.9949 1.3931 0.222515 0.944191 0.137301 0.945957
17 3.8472 2.1073 1.4176 0.183780 0.949430 0.126787 0.951882
18 3.7619 2.0612 1.3933 0.177290 0.951859 0.127797 0.951481
19 3.7554 2.0349 1.4076 0.132011 0.953353 0.209624 0.910008
20 3.8535 2.1490 1.3924 0.148545 0.952117 0.126609 0.946197
21 3.7743 2.0669 1.3995 0.136491 0.956716 0.153941 0.935068
22 3.7812 2.0503 1.4133 0.140470 0.957142 0.124911 0.946277
23 3.7112 2.0012 1.4038 0.113791 0.958468 0.117656 0.950681
24 3.7136 1.9921 1.4154 0.139104 0.959891 0.106570 0.955004
25 3.7397 2.0214 1.4036 0.103338 0.960042 0.105818 0.955004
26 3.6926 1.9816 1.4065 0.109144 0.959215 0.125286 0.946597
27 3.7494 2.0325 1.4018 0.104812 0.961546 0.107938 0.954924
28 3.7525 2.0352 1.3982 0.104358 0.960078 0.108417 0.954444
29 3.7396 2.0283 1.3958 0.096444 0.960701 0.104807 0.955645
30 3.7727 2.0520 1.3991 0.133511 0.960345 0.090097 0.966053
31 3.7050 2.0109 1.3902 0.090799 0.962079 0.097454 0.958367
32 3.7181 2.0177 1.3899 0.102503 0.961012 0.096386 0.959087
33 3.8324 2.1270 1.3948 0.092156 0.961741 0.096813 0.958447
34 3.6948 1.9790 1.4008 0.084510 0.962239 0.092777 0.961089
35 3.7344 2.0279 1.3895 0.086013 0.963004 0.090229 0.961970
36 3.7026 1.9963 1.3978 0.135141 0.962239 0.104066 0.958367
37 3.7611 2.0676 1.3846 0.087575 0.963574 0.090708 0.961809
38 3.7462 2.0462 1.3932 0.091363 0.962640 0.088423 0.962210
39 3.7134 2.0141 1.3875 0.103149 0.963681 0.087223 0.964452
40 3.7748 2.0656 1.3949 0.087475 0.964463 0.083162 0.965973
41 3.7473 2.0290 1.4066 0.100181 0.963983 0.087087 0.963491
42 3.8139 2.1024 1.4089 0.085960 0.964472 0.082296 0.966373
43 3.7903 2.0741 1.3940 0.090444 0.964205 0.088500 0.962530
44 3.6569 1.9514 1.3932 0.096804 0.963956 0.087101 0.963491
45 3.7678 2.0733 1.3905 0.083789 0.964757 0.081465 0.966293
46 3.8461 2.1269 1.3995 0.121949 0.963894 0.081713 0.967094
47 3.8190 2.1110 1.3969 0.123599 0.963867 0.081657 0.967974
48 3.8176 2.0985 1.4107 0.114905 0.964410 0.080412 0.967974
49 3.7368 2.0253 1.4039 0.122356 0.963467 0.095743 0.960849
