epoch time fwd_time bwd_time loss acc val_loss val_acc
0 4.0242 2.3373 1.3976 0.484003 0.821436 0.458219 0.823779
1 3.6713 1.9857 1.3860 0.367965 0.824069 0.349217 0.823779
2 3.7223 2.0439 1.3932 0.324228 0.826773 0.304389 0.837390
3 3.6930 2.0047 1.4032 0.298129 0.876693 0.260121 0.899680
4 3.7013 2.0054 1.3976 0.292238 0.893861 0.267890 0.883106
5 3.7381 2.0525 1.3941 0.278811 0.897517 0.270163 0.878463
6 3.6416 1.9597 1.3865 0.275044 0.900853 0.245564 0.893595
7 3.7244 2.0236 1.3992 0.268427 0.902783 0.240382 0.895596
8 3.7136 2.0417 1.3841 0.262043 0.904402 0.230648 0.900240
9 3.8073 2.1126 1.4020 0.261385 0.905692 0.219787 0.906485
10 3.8261 2.1455 1.3888 0.259227 0.907587 0.215560 0.908167
11 3.8265 2.1297 1.3998 0.256461 0.908654 0.210802 0.911609
12 3.6623 1.9567 1.4012 0.255526 0.910282 0.206884 0.912410
13 3.8366 2.1387 1.3954 0.245817 0.912541 0.205734 0.912330
14 3.7981 2.0904 1.4071 0.230039 0.915272 0.196533 0.917774
15 3.7986 2.0974 1.4034 0.245784 0.919195 0.186708 0.923619
16 3.7546 2.0583 1.3949 0.204759 0.920271 0.185056 0.921697
17 3.7421 2.0688 1.3798 0.197335 0.928428 0.249853 0.885588
18 3.6408 1.9576 1.3912 0.183352 0.929523 0.146301 0.937230
19 3.7370 2.0311 1.4069 0.268247 0.920111 0.246363 0.891994
20 3.7686 2.0865 1.3800 0.176179 0.926694 0.143031 0.942354
21 3.7260 2.0303 1.3990 0.158058 0.940944 0.129446 0.944676
22 3.6950 1.9982 1.3897 0.173581 0.947322 0.152780 0.930985
23 3.7789 2.0978 1.3885 0.143643 0.949662 0.189863 0.914892
24 3.7519 2.0567 1.4022 0.128951 0.953077 0.151461 0.936109
25 3.7221 2.0203 1.4122 0.106791 0.954776 0.101732 0.956445
26 3.6382 1.9484 1.3946 0.102955 0.956591 0.119549 0.947238
27 3.7963 2.0851 1.4165 0.131819 0.957507 0.112125 0.952762
28 3.7751 2.0798 1.3973 0.099932 0.957134 0.105820 0.954043
29 3.6929 1.9971 1.4008 0.128818 0.959126 0.106311 0.953243
30 3.7154 2.0134 1.4138 0.106339 0.959188 0.096558 0.958687
31 3.7670 2.0605 1.4146 0.133540 0.960443 0.089147 0.964932
32 3.7829 2.0687 1.4145 0.096841 0.960514 0.091272 0.961169
33 3.7420 2.0503 1.3942 0.096559 0.961448 0.088954 0.961970
34 3.8279 2.1221 1.4078 0.098532 0.962426 0.090691 0.961809
35 3.7315 2.0643 1.3747 0.082594 0.962578 0.091171 0.961009
36 3.7086 2.0154 1.4069 0.089363 0.963093 0.088947 0.962290
37 3.7645 2.0561 1.4155 0.095975 0.962097 0.090349 0.964371
38 3.7186 2.0190 1.3963 0.086295 0.963716 0.084417 0.964852
39 3.7196 2.0353 1.3794 0.083016 0.963458 0.082906 0.965733
40 3.7082 2.0190 1.3945 0.082203 0.963600 0.081493 0.966213
41 3.7036 2.0271 1.3863 0.077674 0.963903 0.082101 0.965172
42 3.7595 2.0710 1.3998 0.088880 0.963743 0.084142 0.967734
43 3.7382 2.0463 1.3924 0.072507 0.963414 0.090860 0.963331
44 3.7320 2.0459 1.3813 0.088077 0.964881 0.083233 0.967734
45 3.7087 2.0073 1.4020 0.073335 0.963867 0.090352 0.963491
46 3.7240 2.0264 1.3977 0.087291 0.965424 0.082320 0.968054
47 3.7702 2.0786 1.4035 0.074753 0.964365 0.089725 0.963731
48 3.7336 2.0434 1.3911 0.084197 0.965139 0.086613 0.965172
49 3.7317 2.0318 1.4003 0.081585 0.965006 0.087336 0.965012
