epoch time fwd_time bwd_time loss acc val_loss val_acc
0 4.1087 2.4133 1.4005 0.484484 0.784440 0.461410 0.823779
1 3.7842 2.0880 1.3975 0.362514 0.824416 0.333365 0.824580
2 3.6409 1.9446 1.3833 0.316128 0.850088 0.284905 0.869656
3 3.7754 2.0779 1.3897 0.296704 0.885019 0.249764 0.894315
4 3.6894 1.9819 1.4187 0.284369 0.892242 0.235753 0.902962
5 3.8090 2.1099 1.4017 0.273819 0.898265 0.221256 0.904804
6 3.6719 1.9869 1.3883 0.254015 0.903015 0.218743 0.905765
7 3.6778 1.9845 1.3996 0.237044 0.905212 0.234379 0.896477
8 3.7802 2.0742 1.4076 0.233170 0.911305 0.194678 0.916253
9 3.6347 1.9611 1.3825 0.232479 0.916322 0.198627 0.914331
10 3.6780 1.9921 1.3927 0.216584 0.916180 0.187489 0.918495
11 3.6124 1.9416 1.3722 0.215808 0.917727 0.188801 0.918655
12 3.7321 2.0589 1.3867 0.216940 0.921490 0.175443 0.924179
13 3.6794 1.9933 1.3978 0.204795 0.921544 0.173663 0.925140
14 3.7944 2.0973 1.4020 0.200995 0.924799 0.174993 0.924420
15 3.6542 1.9831 1.3820 0.195665 0.926089 0.176495 0.924179
16 3.7503 2.0461 1.4027 0.193456 0.924870 0.164650 0.928263
17 3.7465 2.0469 1.4045 0.190478 0.928758 0.166278 0.927062
18 3.7595 2.0657 1.3887 0.188074 0.927032 0.159246 0.930584
19 3.6661 1.9845 1.3869 0.180617 0.931524 0.166271 0.927782
20 3.6417 1.9700 1.3806 0.194461 0.929176 0.156998 0.932986
21 3.7177 2.0224 1.3995 0.178784 0.930626 0.157228 0.931145
22 3.7640 2.0887 1.3877 0.175578 0.931311 0.156649 0.931785
23 3.7007 2.0059 1.4012 0.176493 0.931871 0.152471 0.934107
24 3.7610 2.0711 1.3965 0.172096 0.934851 0.150548 0.933867
25 3.7170 2.0313 1.3951 0.168390 0.932769 0.152250 0.933467
26 3.6718 1.9887 1.3887 0.170600 0.935616 0.146938 0.936749
27 3.7607 2.0736 1.3977 0.170055 0.936594 0.146368 0.935548
28 3.7473 2.0409 1.4049 0.167053 0.937048 0.144716 0.936429
29 3.6878 2.0088 1.3884 0.165749 0.937591 0.143479 0.936829
30 3.7119 2.0257 1.3939 0.164445 0.937893 0.142474 0.938110
31 3.6846 1.9953 1.3907 0.161092 0.938489 0.144363 0.936749
32 3.7384 2.0484 1.3913 0.161337 0.938703 0.142243 0.937630
33 3.7873 2.0900 1.3959 0.161834 0.939192 0.137662 0.941153
34 3.7777 2.0775 1.4038 0.158973 0.939218 0.141987 0.938991
35 3.7527 2.0532 1.4099 0.159436 0.940046 0.146969 0.936910
36 3.7904 2.0891 1.4005 0.155711 0.939921 0.135484 0.942754
37 3.7502 2.0708 1.3847 0.160192 0.940873 0.141204 0.938911
38 3.7813 2.0841 1.3871 0.153271 0.941042 0.134033 0.943635
39 3.7392 2.0507 1.3984 0.158827 0.941567 0.141490 0.938110
40 3.7513 2.0517 1.4054 0.153111 0.941647 0.134914 0.942274
41 3.7559 2.0559 1.3951 0.158496 0.942234 0.139587 0.938831
42 3.7509 2.0661 1.3940 0.162576 0.941896 0.133682 0.943315
43 3.7135 2.0124 1.3966 0.161637 0.942367 0.131811 0.943555
44 3.6755 1.9680 1.4089 0.154447 0.942999 0.134023 0.941793
45 3.7110 2.0201 1.3969 0.165540 0.942910 0.130530 0.943875
46 3.7298 2.0413 1.3870 0.159622 0.941380 0.128822 0.944676
47 3.7507 2.0455 1.4126 0.147207 0.940366 0.127305 0.946037
48 3.7353 2.0325 1.4050 0.148158 0.941754 0.128420 0.944756
49 3.7339 2.0376 1.3968 0.148178 0.942350 0.125152 0.946437
