epoch time fwd_time bwd_time loss acc val_loss val_acc
0 3.9908 2.2836 1.3949 0.433780 0.824069 0.411604 0.823779
1 3.7853 2.0756 1.3955 0.369512 0.824069 0.336702 0.823779
2 3.7503 2.0398 1.4020 0.344336 0.827040 0.309857 0.836269
3 3.8420 2.1301 1.3936 0.304526 0.857649 0.265533 0.884468
4 3.7897 2.0700 1.4118 0.278059 0.891380 0.262644 0.896077
5 3.7100 2.0199 1.3834 0.267336 0.900737 0.227994 0.905284
6 3.6661 1.9795 1.3771 0.269214 0.902481 0.218604 0.905925
7 3.6837 1.9760 1.3966 0.273780 0.904162 0.211408 0.909928
8 3.7500 2.0506 1.3933 0.246866 0.909295 0.206339 0.912250
9 3.7928 2.0867 1.3930 0.254635 0.910842 0.212069 0.912010
10 3.7711 2.0615 1.3984 0.234612 0.915424 0.190421 0.915693
11 3.8542 2.1248 1.4050 0.221590 0.918822 0.181841 0.919856
12 3.7495 2.0449 1.3865 0.287167 0.878481 0.271578 0.875981
13 3.7651 2.0728 1.3828 0.259037 0.900408 0.218746 0.906645
14 3.7863 2.0727 1.4010 0.246901 0.909028 0.211461 0.910568
15 3.7394 2.0203 1.4024 0.244939 0.912364 0.204453 0.913931
16 3.6999 2.0139 1.3810 0.237139 0.915664 0.202097 0.915132
17 3.6728 1.9686 1.3960 0.235953 0.915619 0.198196 0.916493
18 3.7922 2.0789 1.3958 0.233562 0.916758 0.196981 0.915372
19 3.8168 2.0928 1.4194 0.233318 0.918243 0.194876 0.918335
20 3.6969 1.9966 1.3926 0.231676 0.920031 0.187427 0.920737
21 3.7752 2.0763 1.3923 0.234623 0.919800 0.183694 0.922178
22 3.7666 2.0422 1.4175 0.219078 0.922495 0.190763 0.916253
23 3.6658 1.9527 1.3975 0.215602 0.922922 0.193789 0.914652
24 3.7871 2.0791 1.3959 0.216694 0.924292 0.171488 0.924980
25 3.7214 2.0013 1.4073 0.212245 0.926614 0.169813 0.927382
26 3.6535 1.9604 1.3838 0.199365 0.929051 0.176334 0.920576
27 3.6682 1.9561 1.3984 0.229078 0.929754 0.170179 0.931785
28 3.6579 1.9603 1.3947 0.223504 0.932156 0.156641 0.934508
29 3.7841 2.0815 1.3926 0.185810 0.931684 0.155843 0.938271
30 3.8053 2.1176 1.3874 0.204467 0.935331 0.150290 0.937470
31 3.8149 2.1110 1.4070 0.186714 0.937012 0.171896 0.922018
32 3.7095 1.9779 1.4136 0.177187 0.937964 0.141292 0.942034
33 3.7961 2.0869 1.4012 0.181990 0.939628 0.144968 0.937150
34 3.7337 2.0273 1.3979 0.184149 0.938462 0.142682 0.940673
35 3.7591 2.0475 1.4059 0.179615 0.942652 0.175500 0.919776
36 3.7306 2.0269 1.3912 0.185638 0.941585 0.133191 0.945717
37 3.7333 2.0306 1.3950 0.145353 0.944520 0.126749 0.950280
38 3.7860 2.0702 1.4043 0.153642 0.945881 0.142565 0.938831
39 3.7870 2.0824 1.3893 0.145282 0.946539 0.122906 0.953082
40 3.7156 2.0125 1.3837 0.133243 0.949626 0.117416 0.953403
41 3.7477 2.0479 1.3944 0.146221 0.949777 0.132745 0.942914
42 3.7684 2.0394 1.4074 0.149982 0.945605 0.127440 0.946597
43 3.7319 2.0370 1.3906 0.137296 0.951458 0.127179 0.946197
44 3.7266 2.0165 1.4020 0.214598 0.950471 0.146305 0.942834
45 3.7390 2.0013 1.4113 0.127144 0.948710 0.131306 0.944035
46 3.6744 1.9924 1.3811 0.129692 0.953042 0.125532 0.947558
47 3.7939 2.0861 1.3960 0.134247 0.952295 0.114978 0.951481
48 3.7502 2.0334 1.4102 0.128161 0.953077 0.122457 0.948118
49 3.7631 2.0409 1.4016 0.146860 0.953922 0.131329 0.942034
