epoch time fwd_time bwd_time loss acc val_loss val_acc
0 3.9315 2.2168 1.4079 0.421988 0.818287 0.415128 0.823779
1 3.7664 2.0507 1.3996 0.368445 0.824069 0.334473 0.823779
2 3.7217 2.0105 1.4027 0.308573 0.838328 0.286662 0.884868
3 3.7116 1.9964 1.4027 0.271088 0.880465 0.227038 0.904003
4 3.7013 2.0086 1.3826 0.248658 0.900586 0.270715 0.873579
5 3.7251 2.0110 1.3995 0.258434 0.903966 0.228598 0.896477
6 3.7596 2.0360 1.4055 0.234202 0.911937 0.193005 0.921377
7 3.6763 1.9774 1.3908 0.232554 0.912986 0.196709 0.914331
8 3.7244 2.0209 1.3905 0.219186 0.918484 0.168536 0.926982
9 3.6419 1.9467 1.3823 0.199294 0.920245 0.174253 0.924980
10 3.7396 2.0223 1.4041 0.215487 0.923082 0.165163 0.931065
11 3.8071 2.0927 1.3915 0.208746 0.925280 0.169361 0.927782
12 3.7784 2.0575 1.4125 0.218318 0.928144 0.184792 0.918094
13 3.8496 2.1483 1.3860 0.188241 0.927005 0.153368 0.935789
14 3.6972 1.9908 1.3937 0.191617 0.931898 0.168525 0.926501
15 3.7211 2.0230 1.3875 0.175457 0.931871 0.147594 0.935709
16 3.7743 2.0616 1.3971 0.194610 0.932111 0.157031 0.934748
17 3.7200 2.0251 1.3943 0.187618 0.935287 0.139971 0.939872
18 3.6543 1.9617 1.3797 0.187675 0.935794 0.138323 0.938431
19 3.7796 2.0664 1.3989 0.212206 0.940081 0.136937 0.941873
20 3.7075 2.0023 1.3892 0.188417 0.939432 0.136503 0.942594
21 3.7303 2.0237 1.3849 0.183248 0.941851 0.155774 0.933547
22 3.7052 2.0136 1.3757 0.143889 0.946664 0.119834 0.949480
23 3.7705 2.0568 1.3993 0.129916 0.947900 0.132367 0.946998
24 3.7254 2.0158 1.3937 0.138921 0.952081 0.121737 0.949239
25 3.7007 2.0000 1.3936 0.124173 0.951467 0.130090 0.945076
26 3.7858 2.0833 1.3959 0.409755 0.880438 0.396869 0.829624
27 3.7970 2.1032 1.3811 0.332007 0.834325 0.312444 0.843074
28 3.6602 1.9635 1.3870 0.265976 0.864356 0.246999 0.887910
29 3.8239 2.1292 1.3786 0.240873 0.896832 0.212781 0.908967
30 3.7236 2.0146 1.3942 0.234518 0.908663 0.208711 0.913050
31 3.7324 2.0201 1.4064 0.228717 0.915112 0.198683 0.918415
32 3.7458 2.0208 1.4039 0.226246 0.918724 0.189905 0.920657
33 3.7022 1.9997 1.3953 0.218928 0.922967 0.177541 0.924820
34 3.7722 2.0632 1.4017 0.209846 0.927014 0.171968 0.928583
35 3.7965 2.0924 1.3929 0.199457 0.929825 0.164597 0.932106
36 3.6989 1.9892 1.4049 0.196952 0.930901 0.160885 0.934187
37 3.6325 1.9432 1.3802 0.189116 0.932778 0.156666 0.935789
38 3.8038 2.0775 1.4109 0.183939 0.934735 0.153902 0.936990
39 3.7795 2.0680 1.3972 0.179403 0.935963 0.151222 0.937950
40 3.6899 1.9932 1.3841 0.175510 0.937573 0.148603 0.939632
41 3.7132 2.0063 1.3911 0.172446 0.939049 0.146651 0.940432
42 3.6924 1.9786 1.3994 0.171321 0.940126 0.146303 0.939872
43 3.7449 2.0214 1.4024 0.170663 0.940909 0.145265 0.939872
44 3.7379 2.0451 1.3759 0.170757 0.941255 0.143734 0.940032
45 3.7595 2.0499 1.3915 0.170247 0.941273 0.142500 0.940833
46 3.7531 2.0355 1.4053 0.170528 0.941620 0.141375 0.941473
47 3.6700 1.9504 1.3999 0.171648 0.941869 0.140200 0.941633
48 3.7135 2.0130 1.3967 0.172646 0.941958 0.139044 0.942114
49 3.7073 1.9950 1.4034 0.172868 0.942376 0.138069 0.942914
