epoch time fwd_time bwd_time loss acc val_loss val_acc
0 4.0457 2.2979 1.4383 0.479648 0.819790 0.450060 0.823779
1 3.8190 2.1098 1.3987 0.353693 0.824185 0.327457 0.827462
2 3.7016 1.9966 1.3926 0.313982 0.840961 0.289466 0.857806
3 3.6913 2.0033 1.3828 0.278214 0.881132 0.244873 0.901841
4 3.7633 2.0656 1.3885 0.261527 0.896779 0.235607 0.895036
5 3.7655 2.0470 1.4066 0.250879 0.901004 0.221714 0.905524
6 3.7256 2.0171 1.3884 0.247230 0.904874 0.219252 0.904644
7 3.6910 1.9651 1.4130 0.244979 0.906822 0.212117 0.908967
8 3.7605 2.0419 1.4000 0.239307 0.909135 0.212472 0.906966
9 3.7281 2.0249 1.3929 0.240279 0.911492 0.201254 0.912890
10 3.8024 2.0931 1.3975 0.235474 0.912862 0.197279 0.915532
11 3.7182 2.0118 1.3876 0.230115 0.914819 0.197099 0.914652
12 3.7541 2.0320 1.4011 0.234998 0.917069 0.184986 0.921617
13 3.7746 2.0629 1.4006 0.216157 0.918982 0.177979 0.924339
14 3.8918 2.1559 1.4148 0.214460 0.920432 0.178094 0.923699
15 3.6559 1.9488 1.4041 0.214478 0.921437 0.170294 0.927862
16 3.7467 2.0389 1.3883 0.210616 0.923456 0.172076 0.926101
17 3.7876 2.0709 1.4000 0.203168 0.925778 0.174210 0.924019
18 3.7497 2.0379 1.4021 0.201260 0.927423 0.171299 0.925300
19 3.6995 2.0093 1.3792 0.197654 0.928936 0.167541 0.926982
20 3.7914 2.0721 1.3942 0.195360 0.930074 0.164280 0.928903
21 3.8316 2.1256 1.3965 0.193347 0.931417 0.159130 0.931385
22 3.9153 2.1476 1.4485 0.192992 0.932209 0.153647 0.934988
23 3.7936 2.0862 1.3994 0.195959 0.933703 0.149202 0.937550
24 3.6859 1.9787 1.3916 0.194703 0.934726 0.147853 0.937390
25 3.8117 2.0919 1.4068 0.193332 0.935180 0.146672 0.938191
26 3.7826 2.0647 1.4020 0.191886 0.935732 0.145635 0.938671
27 3.6811 1.9853 1.3823 0.190419 0.936221 0.144725 0.938351
28 3.7558 2.0356 1.3982 0.188967 0.936577 0.143919 0.938751
29 3.7749 2.0371 1.4207 0.194153 0.937244 0.142383 0.938831
30 3.7148 2.0074 1.3885 0.185134 0.937279 0.143108 0.938831
31 3.7845 2.0604 1.4106 0.184935 0.937671 0.142022 0.938991
32 3.7463 2.0252 1.4077 0.184036 0.938142 0.141441 0.939392
33 3.7369 2.0046 1.4302 0.182871 0.938347 0.140965 0.939792
34 3.8039 2.0651 1.4199 0.181823 0.938551 0.140467 0.939552
35 3.7948 2.0875 1.3995 0.180804 0.938872 0.139961 0.939792
36 3.6873 1.9806 1.4001 0.179792 0.939236 0.139426 0.940112
37 3.7466 2.0523 1.3880 0.178788 0.939628 0.138855 0.940192
38 3.7498 2.0411 1.3972 0.177814 0.939966 0.138268 0.939952
39 3.7286 2.0238 1.3912 0.176892 0.940241 0.137696 0.940352
40 3.8130 2.0907 1.4047 0.176047 0.940508 0.137149 0.940592
41 3.8001 2.0891 1.3974 0.175299 0.940971 0.136618 0.940913
42 3.6785 1.9749 1.3913 0.174660 0.941371 0.136087 0.941473
43 3.7409 2.0287 1.3995 0.174135 0.941638 0.135545 0.941954
44 3.7545 2.0387 1.4004 0.173719 0.941887 0.134993 0.942274
45 3.7121 2.0067 1.3919 0.173411 0.942270 0.134439 0.942434
46 3.8269 2.1008 1.4138 0.173212 0.942296 0.133899 0.942514
47 3.6982 1.9967 1.3918 0.173126 0.942519 0.133390 0.942434
48 3.7622 2.0462 1.3989 0.173154 0.942848 0.132924 0.942674
49 3.7625 2.0630 1.3917 0.173295 0.942990 0.132506 0.942994
