epoch time loss acc val_loss val_acc
0 11.3967 0.483076 0.823935 0.484984 0.824420
1 11.2706 0.452421 0.823998 0.464826 0.824420
2 11.4117 0.451361 0.823998 0.464142 0.824420
3 11.3476 0.450775 0.823998 0.463550 0.824420
4 11.3336 0.445503 0.823998 0.457321 0.824420
5 11.3867 0.398307 0.823998 0.405804 0.824420
6 11.2792 0.382002 0.823998 0.386351 0.824420
7 11.4359 0.366148 0.823998 0.368664 0.824420
8 11.4682 0.355497 0.823998 0.359659 0.824420
9 11.2828 0.350782 0.823998 0.355771 0.824420
10 11.1735 0.347811 0.823998 0.352925 0.824420
11 11.3977 0.345422 0.823998 0.350545 0.824420
12 11.3134 0.343244 0.823998 0.348386 0.824420
13 11.3060 0.341044 0.823998 0.346115 0.824420
14 11.3380 0.337975 0.823998 0.342840 0.824420
15 11.4443 0.333361 0.823998 0.338668 0.824420
16 11.2834 0.324826 0.823998 0.326616 0.824099
17 11.3520 0.261504 0.837705 0.273621 0.872058
18 11.2421 0.229854 0.886905 0.246945 0.898319
19 11.3527 0.217624 0.896663 0.237934 0.899840
20 11.3872 0.211594 0.899456 0.231972 0.900961
21 11.2034 0.207777 0.901823 0.226879 0.902882
22 11.1737 0.204358 0.905052 0.220858 0.906485
23 11.3261 0.199570 0.907818 0.215473 0.908727
24 11.4334 0.193465 0.910389 0.210159 0.910889
25 11.2913 0.187153 0.912364 0.204927 0.913211
26 11.2980 0.183054 0.914819 0.199972 0.914732
27 11.1910 0.179562 0.916286 0.195881 0.916413
28 11.4595 0.176360 0.917683 0.192426 0.917854
29 11.2230 0.173346 0.918759 0.189334 0.918735
30 11.3233 0.170472 0.919889 0.186414 0.919776
31 11.2106 0.167682 0.920894 0.183571 0.920817
32 11.2102 0.165032 0.922237 0.180763 0.922498
33 11.1755 0.162983 0.923607 0.177602 0.923219
34 11.3014 0.161078 0.925244 0.173938 0.925781
35 11.3171 0.158591 0.927263 0.169908 0.928022
36 11.2314 0.156380 0.929149 0.166026 0.929143
37 11.4249 0.154055 0.930350 0.163221 0.931145
38 11.1611 0.151824 0.931586 0.161213 0.931065
39 11.1810 0.149770 0.932743 0.159414 0.932106
40 11.3581 0.147795 0.934024 0.157464 0.933467
41 11.2670 0.145796 0.935518 0.155406 0.934428
42 11.3761 0.143707 0.936505 0.153318 0.934748
43 11.1309 0.141514 0.937706 0.151174 0.935228
44 11.3653 0.139231 0.938569 0.148928 0.936349
45 11.4981 0.136896 0.939539 0.146589 0.937310
46 11.3067 0.134558 0.940117 0.144232 0.938831
47 11.4203 0.132273 0.940695 0.141973 0.940512
48 11.3668 0.130081 0.941567 0.139908 0.941233
49 11.2180 0.127996 0.942430 0.138079 0.941393
