epoch time loss acc val_loss val_acc
0 11.3109 0.382476 0.822895 0.384195 0.824660
1 11.3073 0.340391 0.823882 0.347053 0.824259
2 11.3454 0.331058 0.824327 0.336665 0.824980
3 11.2672 0.308716 0.829050 0.309453 0.846517
4 11.3023 0.214102 0.867184 0.232479 0.897118
5 11.5022 0.178866 0.899403 0.205631 0.911849
6 11.4426 0.156288 0.918386 0.178873 0.924339
7 11.2051 0.153610 0.921721 0.172952 0.923459
8 11.3310 0.173021 0.920565 0.172991 0.925781
9 11.2968 0.134111 0.927930 0.152417 0.938030
10 11.3469 0.120059 0.935651 0.150537 0.935228
11 11.2817 0.112330 0.939921 0.129174 0.946918
12 11.3106 0.109734 0.943150 0.126819 0.946918
13 11.3845 0.109600 0.946406 0.122989 0.948999
14 11.2126 0.102341 0.945356 0.122350 0.948199
15 11.3784 0.102710 0.946352 0.118987 0.950761
16 11.1859 0.101420 0.946584 0.118775 0.951801
17 11.4095 0.100641 0.948541 0.125668 0.947238
18 11.3915 0.098373 0.947971 0.120893 0.950520
19 11.2745 0.101609 0.949475 0.121504 0.949239
20 11.2836 0.096375 0.948603 0.120658 0.950280
21 11.4298 0.105518 0.949759 0.117566 0.951641
22 11.2895 0.105753 0.950249 0.117589 0.951882
23 11.3938 0.104276 0.950249 0.116893 0.952042
24 11.4077 0.091460 0.950907 0.124600 0.948118
25 11.1960 0.096273 0.950480 0.121176 0.950440
26 11.3204 0.092463 0.951414 0.115921 0.952202
27 11.2870 0.089909 0.950008 0.126437 0.946837
28 11.2554 0.091089 0.950720 0.119613 0.951161
29 11.2057 0.088811 0.950453 0.124654 0.948199
30 11.3000 0.090008 0.951094 0.119729 0.951081
31 11.3068 0.088377 0.951174 0.122823 0.949480
32 11.4823 0.091274 0.951378 0.119959 0.951882
33 11.4409 0.089071 0.952526 0.117126 0.953723
34 11.2140 0.100039 0.951699 0.115232 0.954203
35 11.2966 0.096388 0.952223 0.114247 0.953563
36 11.1926 0.088877 0.952650 0.117113 0.953002
37 11.3189 0.098475 0.951965 0.114630 0.954604
38 11.2105 0.094548 0.952357 0.113919 0.953883
39 11.3432 0.090889 0.952917 0.115206 0.954043
40 11.1688 0.094007 0.952570 0.113599 0.954524
41 11.5132 0.091180 0.952944 0.114622 0.954203
42 11.2045 0.092742 0.952597 0.113413 0.955004
43 11.4611 0.090958 0.952810 0.114272 0.954283
44 11.4731 0.091906 0.952855 0.113100 0.954604
45 11.3006 0.090325 0.952979 0.114258 0.954123
46 11.2251 0.091538 0.953015 0.112496 0.954203
47 11.3040 0.089513 0.953042 0.114643 0.954524
48 11.4195 0.091425 0.953033 0.111982 0.953803
49 11.2695 0.089213 0.953060 0.114524 0.954123
