epoch time loss acc val_loss val_acc
0 11.3698 0.486467 0.814240 0.486186 0.824420
1 11.3576 0.452893 0.823998 0.464762 0.824420
2 11.1527 0.451863 0.823998 0.464027 0.824420
3 11.1631 0.451114 0.823998 0.463286 0.824420
4 11.2912 0.449597 0.823998 0.461343 0.824420
5 11.4815 0.381785 0.823749 0.385271 0.821057
6 11.3639 0.363836 0.823437 0.364926 0.822578
7 11.2600 0.357603 0.823508 0.358816 0.823779
8 11.2574 0.353281 0.823847 0.354641 0.824259
9 11.3506 0.349765 0.824754 0.350549 0.824900
10 11.2425 0.341486 0.826310 0.338925 0.826902
11 11.3678 0.288092 0.843808 0.303336 0.858127
12 11.1714 0.251743 0.879042 0.259124 0.883587
13 11.2232 0.239006 0.888827 0.244043 0.889512
14 11.4045 0.231501 0.893799 0.232812 0.895356
15 11.3500 0.223085 0.898042 0.225769 0.899199
16 11.1365 0.216480 0.900782 0.219596 0.903122
17 11.2007 0.210051 0.903797 0.214026 0.904644
18 11.4596 0.203541 0.906991 0.208980 0.905765
19 11.4651 0.197073 0.909713 0.204334 0.907206
20 11.2604 0.190689 0.911848 0.199933 0.909287
21 11.1965 0.184384 0.913689 0.195688 0.912090
22 11.2545 0.178204 0.916117 0.191602 0.915452
23 11.3296 0.172284 0.918252 0.187718 0.917214
24 11.3959 0.166798 0.920183 0.184103 0.919776
25 11.3735 0.161880 0.921997 0.180808 0.921137
26 11.3552 0.157596 0.923581 0.177840 0.922338
27 11.2586 0.153924 0.925199 0.175149 0.923619
28 11.3398 0.150767 0.926480 0.172662 0.925380
29 11.4612 0.148001 0.927468 0.170323 0.926021
30 11.3430 0.145539 0.928802 0.168094 0.928102
31 11.2808 0.143404 0.930110 0.165907 0.929544
32 11.4250 0.141636 0.930706 0.163810 0.930344
33 11.2594 0.139995 0.931302 0.161919 0.931865
34 11.3292 0.138227 0.932245 0.160233 0.931705
35 11.3305 0.136285 0.933107 0.158666 0.933066
36 11.2535 0.134223 0.933828 0.157140 0.934347
37 11.3289 0.132155 0.934789 0.155626 0.934748
38 11.4728 0.130150 0.935491 0.154109 0.934988
39 11.2310 0.128194 0.936176 0.152563 0.935468
40 11.3011 0.126240 0.936701 0.150973 0.936429
41 11.4071 0.124284 0.937511 0.149353 0.936509
42 11.0871 0.122385 0.938258 0.147742 0.937230
43 11.2948 0.120596 0.938889 0.146171 0.938271
44 11.2830 0.118941 0.939379 0.144662 0.938751
45 11.4274 0.117418 0.940161 0.143226 0.939552
46 11.3513 0.116016 0.940855 0.141867 0.940592
47 11.2836 0.114718 0.941478 0.140581 0.940913
48 11.4229 0.113504 0.942145 0.139363 0.941313
49 11.3431 0.112356 0.942759 0.138211 0.942034
