epoch time loss acc val_loss val_acc
0 11.4114 0.548543 0.507325 0.547426 0.824420
1 11.2952 0.453298 0.823998 0.465087 0.824420
2 11.3805 0.451819 0.823998 0.464247 0.824420
3 11.3737 0.450865 0.823998 0.463432 0.824420
4 11.2522 0.443076 0.823998 0.456127 0.824420
5 11.2901 0.376797 0.824051 0.377425 0.824019
6 11.3294 0.363013 0.823695 0.362324 0.824019
7 11.2040 0.357851 0.823820 0.357435 0.825861
8 11.4214 0.353874 0.824087 0.354101 0.825300
9 11.2943 0.350801 0.823935 0.351589 0.825220
10 11.3469 0.348250 0.823918 0.349496 0.825460
11 11.4072 0.345952 0.824024 0.347480 0.825460
12 11.3508 0.343346 0.824567 0.345019 0.825220
13 11.2132 0.339238 0.825626 0.341749 0.825861
14 11.4223 0.336965 0.827129 0.338035 0.828343
15 11.3117 0.317499 0.833453 0.323426 0.842354
16 11.3758 0.268444 0.860887 0.297380 0.862930
17 11.3783 0.244067 0.877779 0.265899 0.883747
18 11.2452 0.230228 0.885607 0.250747 0.889512
19 11.2695 0.219832 0.891015 0.240250 0.895436
20 11.4605 0.211408 0.895818 0.231457 0.898078
21 11.4445 0.204309 0.900026 0.223929 0.901922
22 11.4086 0.197932 0.903895 0.217366 0.904163
23 11.4356 0.192030 0.907507 0.211520 0.907606
24 11.1077 0.186870 0.909917 0.206424 0.910328
25 11.2375 0.182359 0.911679 0.202049 0.912970
26 11.3527 0.178319 0.913235 0.198235 0.914572
27 11.3503 0.174511 0.914872 0.194751 0.916253
28 11.3393 0.170609 0.916669 0.191301 0.917694
29 11.4722 0.166215 0.918510 0.187539 0.919856
30 11.4867 0.161469 0.920663 0.183508 0.922178
31 11.3397 0.157152 0.923002 0.179697 0.924740
32 11.2569 0.153130 0.925271 0.175799 0.927222
33 11.1377 0.149650 0.927067 0.171683 0.928983
34 11.2213 0.146274 0.928838 0.168351 0.929784
35 11.2968 0.143400 0.930572 0.165535 0.930264
36 11.2964 0.140951 0.932209 0.163070 0.931545
37 11.4485 0.138399 0.933828 0.160429 0.932586
38 11.1594 0.135510 0.935153 0.157646 0.934107
39 11.3627 0.132346 0.936594 0.154704 0.934588
40 11.7780 0.129509 0.937626 0.151444 0.936269
41 11.4530 0.127751 0.938676 0.149026 0.937150
42 11.2920 0.126031 0.939690 0.147852 0.937550
43 11.2903 0.123940 0.940704 0.146840 0.937630
44 11.4171 0.121705 0.941851 0.145506 0.938351
45 11.3243 0.119418 0.942714 0.143876 0.938911
46 11.3246 0.117076 0.943408 0.142189 0.940032
47 11.3435 0.114658 0.943942 0.140699 0.940272
48 11.3697 0.112212 0.944653 0.139399 0.941313
49 11.3963 0.109869 0.945214 0.138087 0.941954
