epoch time loss acc val_loss val_acc
0 11.4590 0.450500 0.823998 0.455756 0.824420
1 11.4903 0.348751 0.823998 0.353205 0.824339
2 11.3900 0.323801 0.825243 0.340018 0.828983
3 11.2840 0.366153 0.851155 0.372650 0.824420
4 11.3483 0.184973 0.887483 0.221982 0.910809
5 11.2141 0.162609 0.914792 0.183393 0.923459
6 11.2814 0.140283 0.923812 0.168685 0.928983
7 11.0816 0.146738 0.926463 0.177090 0.927462
8 11.2155 0.138783 0.928971 0.152802 0.937230
9 11.2755 0.134805 0.933419 0.159496 0.932026
10 11.3552 0.140040 0.934984 0.150067 0.937390
11 11.3074 0.121759 0.935358 0.141712 0.941633
12 11.1761 0.120279 0.937866 0.145754 0.939472
13 11.3120 0.123765 0.940695 0.135378 0.943875
14 11.3961 0.113252 0.941451 0.138647 0.941793
15 11.4857 0.118403 0.943506 0.131645 0.945396
16 11.4286 0.112860 0.942092 0.132125 0.944035
17 11.3163 0.116601 0.943595 0.127162 0.947638
18 11.4689 0.107839 0.944645 0.128750 0.947638
19 11.4372 0.112028 0.945472 0.125143 0.947398
20 11.3209 0.106325 0.945899 0.129556 0.946117
21 11.3923 0.104918 0.946157 0.126925 0.946597
22 11.0936 0.108890 0.945543 0.122870 0.949800
23 11.3288 0.098999 0.946940 0.130702 0.946757
24 11.3926 0.098327 0.947215 0.140610 0.941393
25 11.2595 0.097379 0.947891 0.127639 0.947638
26 11.2927 0.109041 0.946664 0.119086 0.951161
27 11.4296 0.099150 0.948879 0.119268 0.949560
28 11.2657 0.095534 0.948514 0.122658 0.950681
29 11.3190 0.095255 0.949439 0.120483 0.950360
30 11.1970 0.096225 0.949475 0.118696 0.951081
31 11.2928 0.095065 0.949386 0.119560 0.951241
32 11.1760 0.092944 0.949235 0.121807 0.951321
33 11.3586 0.093771 0.950124 0.117074 0.951401
34 11.4172 0.090921 0.949608 0.125846 0.948999
35 11.3377 0.094097 0.948372 0.120042 0.951081
36 11.4702 0.090593 0.950053 0.117692 0.951321
37 11.3880 0.097649 0.948639 0.119578 0.951801
38 11.3900 0.090587 0.949644 0.119467 0.951962
39 11.4266 0.095229 0.950667 0.116469 0.952122
40 11.5082 0.089876 0.950435 0.117818 0.952042
41 11.3052 0.092348 0.951485 0.114436 0.952922
42 11.2945 0.096522 0.949528 0.114468 0.952522
43 11.2798 0.094707 0.951200 0.120706 0.951001
44 11.1289 0.093297 0.951334 0.115760 0.952202
45 11.4542 0.088488 0.951921 0.115159 0.951641
46 11.4026 0.095404 0.951031 0.118022 0.952282
47 11.2712 0.096170 0.951894 0.117907 0.952442
48 11.3659 0.093434 0.951601 0.120825 0.951321
49 11.0676 0.093303 0.951610 0.113527 0.953163
