epoch time loss acc val_loss val_acc
0 11.3943 0.447027 0.823998 0.442502 0.824420
1 11.4225 0.366571 0.823864 0.382881 0.822658
2 11.3247 0.352160 0.824113 0.355572 0.824420
3 11.3283 0.347759 0.824016 0.351661 0.824500
4 11.3853 0.343181 0.824496 0.347448 0.824740
5 11.2035 0.336468 0.824327 0.339343 0.826101
6 11.3601 0.323695 0.829353 0.304592 0.860528
7 11.2052 0.229957 0.869933 0.239905 0.912330
8 11.2184 0.216374 0.898193 0.215388 0.913691
9 11.2695 0.180020 0.914685 0.181932 0.922258
10 11.3454 0.160820 0.919782 0.175843 0.923859
11 11.1346 0.152587 0.921766 0.172068 0.925140
12 11.4078 0.152833 0.921143 0.173356 0.924580
13 11.2288 0.159041 0.924434 0.168425 0.926661
14 11.3731 0.161256 0.923429 0.168225 0.928903
15 11.2506 0.181630 0.922700 0.173962 0.925140
16 11.3902 0.155089 0.922282 0.191387 0.913611
17 11.2384 0.159254 0.922211 0.185760 0.916013
18 11.2489 0.153459 0.924523 0.181704 0.918975
19 11.2225 0.145425 0.925493 0.173700 0.922738
20 11.2725 0.144575 0.926027 0.170859 0.924259
21 11.2993 0.142385 0.926569 0.169326 0.924500
22 11.2869 0.143067 0.926934 0.168806 0.925060
23 11.3281 0.142286 0.927610 0.168166 0.925300
24 11.4861 0.141756 0.927832 0.167979 0.925540
25 11.2404 0.140626 0.928082 0.166068 0.925861
26 11.4475 0.140380 0.928402 0.165444 0.926501
27 11.4295 0.140189 0.928606 0.165326 0.926341
28 11.4995 0.140088 0.928784 0.164620 0.927142
29 11.1807 0.139765 0.928900 0.164302 0.926982
30 11.4162 0.139594 0.929158 0.163608 0.927542
31 11.3677 0.139514 0.929478 0.162812 0.928263
32 11.3316 0.139440 0.929620 0.162096 0.928263
33 11.4290 0.139069 0.929878 0.162490 0.928263
34 11.1470 0.138656 0.930190 0.163430 0.926661
35 11.2188 0.139134 0.930626 0.162762 0.927782
36 11.4780 0.139635 0.930537 0.162951 0.927862
37 11.4225 0.137683 0.930875 0.161943 0.927622
38 11.2542 0.135642 0.931133 0.165085 0.926501
39 11.1700 0.131709 0.934664 0.158135 0.930344
40 11.2561 0.130697 0.938818 0.143558 0.940512
41 11.3429 0.122732 0.938400 0.138121 0.944996
42 11.2601 0.120711 0.941344 0.139761 0.943795
43 11.2672 0.116919 0.942056 0.135504 0.946277
44 11.2781 0.114815 0.942198 0.133430 0.947398
45 11.2393 0.113095 0.942394 0.139139 0.942274
46 11.3020 0.112870 0.944111 0.132048 0.947558
47 11.3214 0.108750 0.943444 0.136985 0.943635
48 11.2766 0.108284 0.944983 0.132445 0.946677
49 11.3976 0.105959 0.944520 0.135525 0.945476
