epoch time loss acc val_loss val_acc
0 11.3556 0.464708 0.788772 0.462307 0.824420
1 11.4107 0.392213 0.823998 0.397525 0.824420
2 11.2099 0.357363 0.823998 0.356720 0.824420
3 11.3017 0.346581 0.824042 0.349921 0.824580
4 11.3961 0.342174 0.823402 0.346472 0.826021
5 11.1709 0.260096 0.837118 0.327372 0.842034
6 11.0691 0.228266 0.877076 0.201875 0.914251
7 11.4262 0.179150 0.903281 0.185899 0.921057
8 11.3764 0.151879 0.917398 0.181166 0.922258
9 11.3904 0.146580 0.924337 0.178487 0.924420
10 11.2384 0.146226 0.926160 0.176169 0.925300
11 11.3367 0.157163 0.922593 0.167634 0.928583
12 11.1669 0.172393 0.923661 0.164801 0.929143
13 11.3843 0.149455 0.923865 0.175695 0.923139
14 11.2249 0.147459 0.926000 0.163450 0.930184
15 11.4557 0.145764 0.925733 0.166855 0.925380
16 11.5073 0.145093 0.926685 0.166960 0.925140
17 11.4279 0.144138 0.927343 0.164579 0.926661
18 11.2884 0.143318 0.927672 0.163050 0.927302
19 11.2996 0.143225 0.928108 0.162186 0.927782
20 11.3070 0.143344 0.928517 0.160976 0.928343
21 11.3722 0.143392 0.928669 0.160344 0.928102
22 11.3665 0.143185 0.928953 0.159911 0.928503
23 11.5186 0.143044 0.929060 0.159500 0.928343
24 11.7727 0.142927 0.929345 0.159115 0.928503
25 11.7058 0.142838 0.929620 0.158772 0.928423
26 11.6964 0.142649 0.929932 0.158543 0.928343
27 11.4961 0.141472 0.930065 0.159156 0.927782
28 11.2508 0.138965 0.930314 0.159029 0.928263
29 11.2636 0.142591 0.930955 0.156853 0.930424
30 11.3972 0.145653 0.933276 0.149985 0.936990
31 11.2521 0.119571 0.940144 0.158191 0.933147
32 11.3559 0.119770 0.945107 0.135397 0.941954
33 11.4743 0.117396 0.945748 0.137443 0.940432
34 11.3513 0.114293 0.945979 0.127809 0.944836
35 11.3144 0.110717 0.946637 0.126392 0.945877
36 11.3807 0.108415 0.947135 0.124809 0.946918
37 11.4685 0.106197 0.947971 0.123327 0.948359
38 11.3350 0.104479 0.948363 0.121886 0.949239
39 11.2438 0.102999 0.948816 0.120451 0.949079
40 11.3944 0.101602 0.949057 0.119160 0.949640
41 11.2613 0.100278 0.949635 0.118258 0.950681
42 11.3918 0.099118 0.950017 0.117673 0.950681
43 11.3199 0.098129 0.950444 0.117111 0.951161
44 11.2870 0.097242 0.950551 0.116529 0.951081
45 11.2402 0.096428 0.950658 0.115915 0.951321
46 11.2583 0.095665 0.950800 0.115308 0.951481
47 11.4030 0.094985 0.950907 0.114677 0.952042
48 11.3339 0.094421 0.951165 0.114008 0.951641
49 11.3474 0.093968 0.951236 0.113338 0.951721
