epoch time loss acc val_loss val_acc
0 11.4147 0.458472 0.813777 0.461271 0.824420
1 11.3680 0.370885 0.823998 0.364854 0.824420
2 11.3012 0.345338 0.823998 0.347965 0.824420
3 11.2926 0.297168 0.831692 0.301418 0.839952
4 11.2508 0.282174 0.872753 0.341317 0.853883
5 11.4473 0.305620 0.895285 0.195468 0.919536
6 11.3092 0.177393 0.915326 0.184022 0.919456
7 11.4462 0.173680 0.915548 0.174196 0.925701
8 11.3923 0.150569 0.924283 0.170211 0.925701
9 11.3896 0.150479 0.924212 0.168194 0.927222
10 11.3080 0.152773 0.919409 0.182191 0.920657
11 11.1725 0.179889 0.921152 0.166741 0.929544
12 11.4164 0.166199 0.922478 0.179753 0.919776
13 11.2858 0.173164 0.924132 0.165445 0.928743
14 11.4263 0.161322 0.925217 0.166953 0.926181
15 11.3353 0.161976 0.925582 0.165261 0.926501
16 11.3845 0.157561 0.926605 0.163687 0.928022
17 11.2690 0.153588 0.926463 0.169252 0.922978
18 11.3827 0.156053 0.927183 0.166034 0.925861
19 11.3832 0.153425 0.927592 0.162980 0.927382
20 11.4243 0.150780 0.927984 0.163230 0.927222
21 11.4322 0.150222 0.928553 0.162449 0.926581
22 11.4171 0.152158 0.928944 0.158712 0.928663
23 11.3605 0.149460 0.929523 0.155563 0.931625
24 11.3319 0.151369 0.930563 0.143667 0.938351
25 11.2789 0.125214 0.937742 0.131463 0.944115
26 11.2416 0.111524 0.945374 0.129569 0.945476
27 11.4836 0.099386 0.944449 0.121779 0.948519
28 11.2262 0.101895 0.945854 0.129800 0.943555
29 11.0784 0.105083 0.948078 0.120502 0.949400
30 11.3514 0.100175 0.948985 0.120031 0.949239
31 11.3234 0.102392 0.948603 0.120346 0.948999
32 11.2066 0.098663 0.949421 0.116593 0.951321
33 11.3623 0.096673 0.948772 0.121401 0.949079
34 11.2092 0.095759 0.948203 0.116468 0.950600
35 11.1738 0.093767 0.949608 0.116836 0.950040
36 11.3214 0.093602 0.949581 0.131759 0.943715
37 11.1641 0.091556 0.949635 0.131961 0.944035
38 11.1793 0.093560 0.949822 0.129073 0.945797
39 11.3612 0.092311 0.950195 0.131399 0.944836
40 11.1563 0.087852 0.948381 0.127311 0.945637
41 11.2433 0.087040 0.950916 0.122366 0.949480
42 11.1706 0.095142 0.947847 0.122002 0.949239
43 11.3021 0.088248 0.950765 0.135173 0.943235
44 11.3759 0.105029 0.948772 0.117733 0.951481
45 11.3254 0.090395 0.952108 0.120338 0.950280
46 11.2829 0.091182 0.951868 0.127517 0.947158
47 11.4208 0.094271 0.950551 0.115662 0.952122
48 11.4332 0.085602 0.950435 0.124418 0.948118
49 11.4506 0.094850 0.952126 0.115226 0.952042
