epoch time loss acc val_loss val_acc
0 11.1283 0.439178 0.817967 0.455704 0.824420
1 11.3441 0.365034 0.823998 0.356696 0.824420
2 11.3710 0.358514 0.823998 0.353461 0.824420
3 11.3830 0.356190 0.823998 0.349710 0.824420
4 11.3890 0.351596 0.823998 0.342819 0.824420
5 11.5959 0.324506 0.824113 0.333896 0.824900
6 11.3781 0.278370 0.834192 0.277628 0.838751
7 11.3713 0.281680 0.888711 0.290450 0.868054
8 11.2858 0.206492 0.904642 0.198824 0.916573
9 11.3492 0.171915 0.913698 0.186534 0.919936
10 11.2506 0.179288 0.918822 0.178130 0.924820
11 11.3328 0.181413 0.920770 0.175932 0.926661
12 11.3479 0.180360 0.921873 0.180943 0.923379
13 11.2175 0.176105 0.923002 0.176065 0.924820
14 11.2357 0.172962 0.924034 0.175845 0.925380
15 11.2136 0.168146 0.924470 0.181453 0.923299
16 11.1383 0.153172 0.923936 0.186317 0.920817
17 11.3869 0.166028 0.922709 0.169876 0.928263
18 11.3446 0.165732 0.921935 0.180326 0.921137
19 11.2627 0.166442 0.924737 0.175951 0.922098
20 11.3816 0.156049 0.924817 0.179275 0.921057
21 11.3061 0.152830 0.925360 0.177303 0.921537
22 11.2511 0.149765 0.925395 0.174582 0.923299
23 11.2278 0.147809 0.925689 0.171184 0.924420
24 11.1829 0.146349 0.926045 0.167608 0.926181
25 11.1372 0.144172 0.926658 0.164269 0.926982
26 11.3709 0.141017 0.927343 0.166140 0.925781
27 11.4051 0.152354 0.926961 0.157298 0.929464
28 11.3688 0.148305 0.927575 0.154979 0.934428
29 11.3748 0.145196 0.929229 0.146728 0.937630
30 11.3345 0.109697 0.935340 0.140631 0.938591
31 11.3625 0.115615 0.942278 0.142656 0.937310
32 11.4635 0.122402 0.943293 0.127104 0.946357
33 11.2429 0.114529 0.945205 0.129460 0.943235
34 11.1023 0.112540 0.945792 0.129006 0.943395
35 11.3445 0.111209 0.946059 0.127907 0.944836
36 11.3341 0.109996 0.946610 0.125582 0.946197
37 11.3798 0.109175 0.947162 0.124813 0.947318
38 11.2522 0.110076 0.947438 0.124494 0.947318
39 11.3399 0.110204 0.946797 0.124661 0.947718
40 11.2466 0.104060 0.947420 0.122653 0.949079
41 11.3135 0.112435 0.948728 0.120948 0.948919
42 11.3094 0.111955 0.948345 0.119999 0.949319
43 11.3020 0.111654 0.948772 0.119545 0.950120
44 11.3996 0.112213 0.949172 0.119018 0.950520
45 11.4224 0.113311 0.949457 0.118464 0.950841
46 11.3790 0.114344 0.949599 0.118022 0.950841
47 11.3906 0.114750 0.949750 0.117675 0.950681
48 11.3625 0.114444 0.949688 0.117335 0.951161
49 11.2287 0.113521 0.949839 0.117047 0.951321
