epoch time fwd_time bwd_time loss acc val_loss val_acc
0 7.3747 3.8009 3.2308 0.583088 0.811500 0.594608 0.818895
1 7.7359 3.9876 3.3935 0.472510 0.824611 0.498354 0.818895
2 7.9129 4.1306 3.4224 0.437898 0.824611 0.474624 0.818895
3 7.3987 3.8437 3.2093 0.433093 0.824611 0.473189 0.818895
4 7.4002 3.8471 3.1952 0.432391 0.824611 0.473162 0.818895
5 7.3192 3.8067 3.1567 0.432275 0.824611 0.473072 0.818895
6 7.3555 3.8034 3.1974 0.432230 0.824611 0.472943 0.818895
7 7.3832 3.8219 3.2090 0.432177 0.824611 0.472780 0.818895
8 7.4261 3.8575 3.2132 0.432103 0.824611 0.472567 0.818895
9 7.3339 3.7942 3.1957 0.432012 0.824611 0.472263 0.818895
10 7.3857 3.8277 3.2114 0.431934 0.824611 0.471773 0.818895
11 7.4307 3.8539 3.2219 0.431636 0.824611 0.471034 0.818895
12 7.4045 3.8562 3.2036 0.430858 0.824611 0.469783 0.818895
13 7.3056 3.7890 3.1745 0.428730 0.824611 0.467427 0.818895
14 7.3946 3.8424 3.2015 0.395214 0.824567 0.425249 0.818735
15 7.4371 3.8587 3.2264 0.355207 0.823064 0.380854 0.813771
16 7.4206 3.8654 3.1951 0.343943 0.821827 0.369072 0.814972
17 7.4597 3.8553 3.1986 0.336565 0.823090 0.357398 0.816093
18 7.3392 3.7940 3.1945 0.303709 0.833364 0.337247 0.840432
19 7.4349 3.8585 3.2263 0.274978 0.858787 0.301641 0.864291
20 7.4278 3.8610 3.2088 0.251191 0.871054 0.282856 0.875020
21 7.4156 3.8596 3.2107 0.240707 0.878072 0.272388 0.880464
22 7.3193 3.7741 3.1953 0.233965 0.884077 0.263272 0.887190
23 7.4380 3.8604 3.2304 0.227836 0.890116 0.254937 0.893355
24 7.2831 3.7540 3.1837 0.219575 0.896147 0.247675 0.897518
25 7.3001 3.7654 3.1799 0.213026 0.900497 0.239881 0.902002
26 7.2960 3.7682 3.1882 0.207645 0.903949 0.233678 0.906165
27 7.5479 3.9065 3.2966 0.203037 0.906359 0.229012 0.908006
28 7.4195 3.8614 3.2140 0.199346 0.908138 0.225518 0.908887
29 7.3720 3.8208 3.2028 0.196423 0.909126 0.222762 0.909768
30 7.3550 3.8222 3.1838 0.194045 0.910077 0.220458 0.910649
31 7.3888 3.8390 3.2020 0.192071 0.910602 0.218461 0.911449
32 7.4103 3.8347 3.2257 0.190414 0.911252 0.216689 0.911449
33 7.4811 3.9029 3.2186 0.189011 0.911536 0.215094 0.911769
34 7.4846 3.8857 3.2393 0.187801 0.912052 0.213643 0.911289
35 7.4129 3.8454 3.2283 0.186727 0.912444 0.212317 0.911289
36 7.4170 3.8615 3.2088 0.185740 0.912648 0.211097 0.911209
37 7.4125 3.8451 3.2226 0.184806 0.912942 0.209960 0.912170
38 7.3180 3.7694 3.2022 0.183899 0.913200 0.208886 0.912490
39 7.4191 3.8271 3.2395 0.183004 0.913609 0.207859 0.913050
40 7.4736 3.8679 3.2477 0.182115 0.913956 0.206867 0.913771
41 7.7789 4.0336 3.3894 0.181229 0.914205 0.205902 0.913771
42 7.4620 3.8790 3.2350 0.180348 0.914445 0.204957 0.914251
43 7.3813 3.8241 3.2034 0.179472 0.914730 0.204027 0.914412
44 7.3255 3.8031 3.1730 0.178602 0.915059 0.203108 0.914972
45 7.3412 3.7849 3.2060 0.177740 0.915237 0.202198 0.915052
46 7.3627 3.8383 3.1751 0.176886 0.915539 0.201295 0.915452
47 7.3828 3.8465 3.1815 0.176040 0.915886 0.200400 0.915532
48 7.3975 3.8325 3.2043 0.175203 0.916189 0.199511 0.916173
49 7.4311 3.8838 3.2056 0.174376 0.916518 0.198627 0.916173
