epoch time fwd_time bwd_time loss acc val_loss val_acc
0 7.3820 3.8131 3.2132 0.648288 0.370071 0.648618 0.818895
1 7.4418 3.8548 3.1992 0.488362 0.824611 0.510962 0.818895
2 7.4514 3.8537 3.2117 0.446320 0.824611 0.479050 0.818895
3 7.4738 3.8889 3.2053 0.436670 0.824611 0.473905 0.818895
4 7.4340 3.8598 3.2035 0.433903 0.824611 0.473203 0.818895
5 7.4313 3.8501 3.2118 0.433037 0.824611 0.473196 0.818895
6 7.4648 3.8839 3.2121 0.432758 0.824611 0.473225 0.818895
7 7.4457 3.8460 3.2245 0.432673 0.824611 0.473226 0.818895
8 7.3684 3.8034 3.2112 0.432650 0.824611 0.473211 0.818895
9 7.4252 3.8443 3.2233 0.432645 0.824611 0.473189 0.818895
10 7.4128 3.8466 3.1970 0.432643 0.824611 0.473163 0.818895
11 7.4226 3.8539 3.2044 0.432640 0.824611 0.473128 0.818895
12 7.4010 3.8189 3.2191 0.432641 0.824611 0.473072 0.818895
13 7.3818 3.8122 3.2049 0.432674 0.824611 0.472964 0.818895
14 7.3687 3.8074 3.2017 0.432773 0.824611 0.472804 0.818895
15 7.2987 3.7416 3.1919 0.432788 0.824611 0.472697 0.818895
16 7.3895 3.8087 3.1701 0.432737 0.824611 0.472615 0.818895
17 7.4221 3.8398 3.2115 0.432680 0.824611 0.472518 0.818895
18 7.4128 3.8419 3.1902 0.432616 0.824611 0.472398 0.818895
19 7.3869 3.8152 3.1997 0.432538 0.824611 0.472250 0.818895
20 7.5247 3.9069 3.2549 0.432440 0.824611 0.472065 0.818895
21 7.3160 3.7518 3.1890 0.432321 0.824611 0.471817 0.818895
22 7.3430 3.7939 3.1813 0.432219 0.824611 0.471428 0.818895
23 7.3945 3.8441 3.1750 0.432194 0.824611 0.470796 0.818895
24 7.3645 3.8195 3.1860 0.431799 0.824611 0.470174 0.818895
25 7.3845 3.7959 3.2190 0.431186 0.824611 0.469489 0.818895
26 7.4133 3.8343 3.2057 0.430406 0.824611 0.468601 0.818895
27 7.4021 3.8291 3.2049 0.429356 0.824611 0.467273 0.818895
28 7.4088 3.8552 3.1873 0.427674 0.824611 0.464847 0.818895
29 7.3827 3.8153 3.1972 0.425420 0.824611 0.462509 0.818895
30 7.4157 3.8410 3.2088 0.422906 0.824611 0.459755 0.818895
31 7.4007 3.8251 3.2069 0.419688 0.824611 0.455440 0.818895
32 7.3671 3.8122 3.1816 0.412967 0.824611 0.446679 0.818895
33 7.3265 3.7709 3.1814 0.366888 0.824611 0.381161 0.818975
34 7.4198 3.8337 3.2141 0.328825 0.824878 0.349322 0.820416
35 7.4349 3.8571 3.2084 0.306183 0.827956 0.331216 0.826982
36 7.4617 3.8710 3.2259 0.290116 0.843016 0.314842 0.851401
37 7.3358 3.7791 3.1940 0.276339 0.867469 0.300562 0.877262
38 7.3489 3.7572 3.2172 0.264951 0.881844 0.289475 0.886629
39 7.4525 3.8542 3.2391 0.256595 0.887608 0.281280 0.890713
40 7.3648 3.7889 3.2108 0.249394 0.890321 0.274959 0.892394
41 7.3879 3.8068 3.1800 0.243552 0.892554 0.269414 0.894235
42 7.3177 3.7772 3.1802 0.238801 0.893870 0.264774 0.895516
43 7.6562 3.9678 3.3146 0.234845 0.894600 0.260787 0.897278
44 7.6502 3.9764 3.2984 0.231528 0.895267 0.257316 0.897838
45 8.8484 4.7919 3.6019 0.228719 0.895934 0.254282 0.898159
46 7.5170 3.8741 3.2695 0.226299 0.896397 0.251620 0.897838
47 7.4399 3.8326 3.2365 0.224177 0.896850 0.249272 0.898639
48 7.3039 3.7460 3.1975 0.222282 0.897197 0.247182 0.898399
49 7.3597 3.8149 3.1812 0.220566 0.897660 0.245306 0.898879
