epoch time fwd_time bwd_time loss acc val_loss val_acc
0 7.4267 3.8223 3.2123 0.433764 0.711090 0.472840 0.818895
1 7.4860 3.8471 3.2397 0.432302 0.824611 0.471715 0.818895
2 7.4058 3.8269 3.1881 0.430672 0.824611 0.468378 0.818895
3 7.4082 3.8212 3.2052 0.424840 0.824611 0.462456 0.818895
4 7.3854 3.7861 3.2101 0.411596 0.824611 0.444379 0.818895
5 7.7434 3.9812 3.3637 0.322092 0.824611 0.359223 0.818895
6 7.5703 3.9510 3.2262 0.287698 0.824611 0.318675 0.818895
7 7.4140 3.8241 3.2070 0.252556 0.842367 0.284616 0.887510
8 7.4042 3.8082 3.2069 0.231269 0.879211 0.269120 0.888631
9 7.4398 3.8287 3.2095 0.217764 0.893933 0.254335 0.896557
10 8.6666 4.7950 3.4625 0.209340 0.894804 0.245115 0.897678
11 7.6989 3.9595 3.3490 0.205777 0.898780 0.241954 0.896717
12 7.4602 3.8195 3.2557 0.203471 0.900328 0.235331 0.900400
13 7.4768 3.7938 3.2948 0.201091 0.901547 0.232433 0.900721
14 7.3853 3.7634 3.2335 0.198992 0.902001 0.229445 0.901201
15 7.4477 3.8343 3.1845 0.196110 0.902454 0.227077 0.902642
16 7.4624 3.8566 3.2031 0.194499 0.903219 0.225215 0.903283
17 7.4552 3.8451 3.2209 0.192453 0.903806 0.222431 0.904804
18 7.4143 3.8282 3.1957 0.190510 0.904509 0.221037 0.905444
19 7.4669 3.8753 3.2052 0.189968 0.905461 0.219890 0.905765
20 7.4298 3.8164 3.2261 0.185347 0.906893 0.215684 0.907206
21 7.4754 3.8393 3.2555 0.181740 0.907578 0.209514 0.910248
22 7.4850 3.8431 3.2523 0.177044 0.910478 0.200224 0.913771
23 7.5008 3.8672 3.2337 0.168608 0.913004 0.197165 0.915372
24 7.3925 3.8092 3.1840 0.163267 0.915397 0.192637 0.917454
25 7.4673 3.8381 3.2358 0.160599 0.918804 0.182866 0.922418
26 7.5010 3.8528 3.2503 0.157413 0.921552 0.176683 0.925060
27 7.4408 3.8529 3.1956 0.154179 0.923331 0.173246 0.927302
28 7.4905 3.8782 3.2161 0.148611 0.924612 0.184196 0.921697
29 7.4196 3.8037 3.2295 0.146996 0.925973 0.173298 0.927222
30 7.4881 3.8663 3.2277 0.145083 0.927468 0.174790 0.927382
31 7.4425 3.8228 3.2230 0.142201 0.928580 0.171112 0.927542
32 7.3265 3.7230 3.2052 0.139698 0.929523 0.172337 0.927382
33 7.4339 3.8497 3.2004 0.136680 0.929185 0.162547 0.929944
34 7.4825 3.8616 3.2314 0.137546 0.931382 0.163831 0.930104
35 7.5241 3.9055 3.2294 0.132426 0.932672 0.163843 0.930584
36 7.4397 3.8532 3.1928 0.145174 0.931613 0.158360 0.933947
37 7.4725 3.8532 3.2216 0.129819 0.935296 0.157457 0.933547
38 7.4797 3.8617 3.2211 0.127621 0.935331 0.154979 0.934107
39 7.3467 3.7409 3.2194 0.125350 0.936150 0.152687 0.933947
40 7.5265 3.8825 3.2102 0.123860 0.937039 0.151011 0.933867
41 7.4657 3.8372 3.2349 0.122948 0.937608 0.148740 0.935228
42 7.3114 3.7109 3.2092 0.122469 0.938169 0.146640 0.935949
43 7.4725 3.8459 3.2351 0.122254 0.938952 0.144635 0.936749
44 7.5063 3.8450 3.2216 0.122249 0.939361 0.142725 0.937390
45 7.3307 3.7413 3.1965 0.122467 0.939903 0.140800 0.938671
46 7.4606 3.8202 3.2463 0.122964 0.940410 0.138883 0.939792
47 7.4759 3.8520 3.2329 0.123800 0.941042 0.136937 0.940673
48 7.4994 3.9005 3.2171 0.125006 0.941336 0.134934 0.941793
49 7.4379 3.8237 3.2229 0.126543 0.941869 0.132918 0.942994
