epoch time fwd_time bwd_time loss acc val_loss val_acc
0 7.5011 3.8893 3.1864 0.451655 0.824345 0.469047 0.821297
1 7.6784 4.0018 3.2564 0.448767 0.824345 0.466123 0.821297
2 7.5641 3.9664 3.1680 0.378460 0.824345 0.383038 0.821297
3 7.4030 3.8475 3.1358 0.368556 0.824345 0.362170 0.821297
4 7.4778 3.8962 3.1533 0.362409 0.824345 0.353289 0.821297
5 7.5727 3.9620 3.1753 0.347494 0.824345 0.346475 0.821297
6 7.5394 3.9559 3.1709 0.327479 0.829548 0.303132 0.855404
7 7.6015 3.9426 3.2389 0.250755 0.869639 0.316493 0.835869
8 7.4885 3.9081 3.1597 0.232171 0.890623 0.229739 0.896878
9 7.5059 3.9169 3.1642 0.237182 0.905870 0.232921 0.891753
10 7.6440 3.9839 3.2354 0.211829 0.912266 0.200297 0.911049
11 7.3351 3.7876 3.1314 0.206070 0.918048 0.192869 0.913451
12 7.4809 3.9001 3.1577 0.195145 0.922504 0.157670 0.934428
13 7.4815 3.8918 3.1658 0.178877 0.932796 0.148421 0.938271
14 7.5428 3.9334 3.1814 0.169933 0.937021 0.141551 0.939552
15 7.4509 3.8675 3.1580 0.175509 0.940241 0.139854 0.940993
16 7.4708 3.8868 3.1631 0.175394 0.940704 0.135629 0.943795
17 7.4916 3.9162 3.1558 0.157942 0.942661 0.122796 0.947238
18 7.4987 3.9161 3.1608 0.152528 0.946735 0.127494 0.947558
19 7.4783 3.8833 3.1341 0.153618 0.947731 0.129089 0.945797
20 7.4862 3.9174 3.1453 0.133421 0.948185 0.117627 0.951882
21 7.5125 3.9205 3.1621 0.127208 0.951512 0.113631 0.953002
22 7.4639 3.9026 3.1445 0.119883 0.952979 0.109741 0.955004
23 7.4733 3.8885 3.1529 0.130917 0.954385 0.116373 0.952842
24 7.4701 3.8997 3.1444 0.134980 0.953442 0.126698 0.945476
25 7.6109 3.9347 3.2535 0.122872 0.955506 0.105015 0.956845
26 7.5264 3.9218 3.1780 0.118883 0.957623 0.115459 0.951801
27 7.5599 3.9554 3.1838 0.114242 0.957347 0.111699 0.952762
28 7.4991 3.9128 3.1659 0.102887 0.958824 0.099487 0.961329
29 7.5149 3.9122 3.1751 0.091320 0.959927 0.098068 0.961009
30 7.4190 3.8294 3.1664 0.092375 0.959864 0.092384 0.963491
31 7.6711 3.9935 3.2609 0.093133 0.960496 0.090666 0.963811
32 7.6495 3.9549 3.2770 0.092166 0.961056 0.086356 0.966853
33 7.5275 3.9213 3.1848 0.091627 0.962008 0.087625 0.966213
34 7.4823 3.8949 3.1562 0.089525 0.961982 0.087024 0.966533
35 7.5385 3.9345 3.1865 0.088001 0.962133 0.086216 0.966693
36 7.5200 3.9023 3.1977 0.089320 0.962515 0.085534 0.967094
37 7.6372 3.9698 3.2467 0.089447 0.962871 0.085202 0.966934
38 7.5494 3.9221 3.2014 0.091091 0.963209 0.085059 0.965973
39 7.5642 3.9745 3.1720 0.092246 0.963316 0.088231 0.965572
40 7.5485 3.8798 3.2490 0.089567 0.963218 0.082222 0.968295
41 7.6792 4.0120 3.2391 0.089976 0.963689 0.083056 0.967254
42 7.6043 3.9441 3.2415 0.091184 0.963716 0.086061 0.966533
43 7.6871 3.9757 3.2786 0.091087 0.963636 0.082944 0.967974
44 7.4106 3.8206 3.1636 0.091522 0.964063 0.085138 0.966373
45 7.5863 3.9665 3.1921 0.090346 0.963885 0.081727 0.968295
46 7.5258 3.9353 3.1576 0.091556 0.964446 0.083206 0.967574
47 7.5413 3.9492 3.1717 0.090594 0.964241 0.081459 0.968054
48 7.3900 3.8072 3.1191 0.091414 0.964588 0.081966 0.967894
49 7.4983 3.9050 3.1709 0.090976 0.964579 0.080945 0.967974
