epoch time fwd_time bwd_time loss acc val_loss val_acc
0 7.3327 3.7595 3.1965 0.440372 0.724780 0.477696 0.818895
1 7.3755 3.7839 3.1982 0.432805 0.824611 0.472836 0.818895
2 7.4045 3.8202 3.1983 0.432531 0.824611 0.472569 0.818895
3 7.3988 3.8066 3.2062 0.432068 0.824611 0.471928 0.818895
4 7.4209 3.7980 3.2245 0.430823 0.824611 0.470040 0.818895
5 7.3243 3.7006 3.2383 0.394331 0.824211 0.413143 0.808887
6 7.4469 3.8318 3.2262 0.338648 0.822494 0.364990 0.817774
7 7.4644 3.8592 3.1758 0.326768 0.824380 0.348385 0.818175
8 7.2855 3.7008 3.1924 0.288833 0.826115 0.311482 0.829303
9 7.4141 3.8187 3.2028 0.223873 0.864213 0.256861 0.888711
10 7.3773 3.7790 3.2081 0.208943 0.892314 0.239545 0.897198
11 7.4142 3.8001 3.1869 0.201871 0.897615 0.232166 0.900641
12 7.6759 3.9404 3.3350 0.194854 0.901191 0.225767 0.903122
13 8.5128 4.6197 3.4823 0.189859 0.903628 0.221479 0.904644
14 7.5957 3.8935 3.3025 0.185696 0.906324 0.216819 0.906966
15 7.7922 3.9855 3.4025 0.181818 0.908441 0.211927 0.909768
16 7.7356 3.9743 3.3637 0.178859 0.910069 0.207840 0.911689
17 7.5827 3.9085 3.2804 0.176374 0.911474 0.204508 0.912570
18 7.4371 3.8322 3.2199 0.174025 0.912808 0.201099 0.914572
19 7.4549 3.8554 3.2096 0.171993 0.913725 0.197044 0.916493
20 7.4496 3.8461 3.2157 0.170306 0.914819 0.194285 0.917534
21 7.4601 3.8552 3.2173 0.168349 0.915957 0.192132 0.918655
22 7.4172 3.8229 3.2003 0.166431 0.916811 0.189800 0.920016
23 7.4268 3.8521 3.1919 0.164679 0.917941 0.187342 0.921297
24 7.4140 3.8085 3.2165 0.163079 0.918973 0.184662 0.922178
25 7.4761 3.8387 3.2486 0.161476 0.920102 0.181602 0.923539
26 7.4164 3.8185 3.2109 0.159383 0.921197 0.178322 0.924259
27 7.4165 3.8229 3.2076 0.158592 0.922807 0.175860 0.925380
28 7.3788 3.7961 3.1958 0.156312 0.924390 0.175657 0.924580
29 7.4573 3.8483 3.2194 0.154896 0.924915 0.174738 0.924580
30 7.4637 3.8693 3.2103 0.153037 0.925582 0.174166 0.924980
31 7.3442 3.7623 3.1973 0.150193 0.926623 0.175507 0.924820
32 7.3686 3.7890 3.1910 0.147159 0.927557 0.177747 0.922498
33 7.4126 3.8226 3.2038 0.147539 0.928953 0.170525 0.925941
34 7.4563 3.8554 3.2183 0.143043 0.930697 0.160066 0.930745
35 7.4423 3.8377 3.2145 0.140706 0.931569 0.159275 0.931065
36 7.4464 3.8338 3.1807 0.138688 0.932725 0.157681 0.932426
37 7.4507 3.8409 3.2084 0.136250 0.933401 0.155144 0.933227
38 7.4598 3.8368 3.2378 0.133482 0.934246 0.152343 0.933947
39 7.4784 3.8582 3.2208 0.131124 0.935269 0.150072 0.934828
40 7.4559 3.8860 3.1766 0.129134 0.936283 0.147482 0.936109
41 7.4376 3.8551 3.1905 0.128267 0.937395 0.146581 0.935869
42 7.4127 3.8213 3.2015 0.129786 0.938258 0.154351 0.933467
43 7.4679 3.8633 3.2106 0.130244 0.939165 0.164710 0.930264
44 7.4759 3.8915 3.1967 0.123374 0.940375 0.147248 0.936109
45 7.4751 3.8597 3.2289 0.123734 0.941006 0.141036 0.938351
46 7.4728 3.8621 3.2125 0.123918 0.941558 0.139416 0.939071
47 7.4500 3.8645 3.1932 0.123356 0.941985 0.140806 0.939311
48 7.3314 3.7730 3.1806 0.123042 0.942403 0.149351 0.936029
49 7.3463 3.7979 3.1635 0.123666 0.942785 0.157453 0.933227
