epoch time fwd_time bwd_time loss acc val_loss val_acc
0 7.4818 3.9118 3.1854 0.601812 0.539144 0.604059 0.821297
1 7.4953 3.9134 3.1915 0.483639 0.824345 0.494209 0.821297
2 7.5001 3.9100 3.2098 0.456085 0.824345 0.471540 0.821297
3 7.6150 3.9632 3.2597 0.452687 0.824345 0.469643 0.821297
4 7.5611 3.9852 3.1957 0.452134 0.824345 0.469490 0.821297
5 7.4873 3.9209 3.1799 0.451972 0.824345 0.469406 0.821297
6 7.5194 3.9476 3.1793 0.451873 0.824345 0.469306 0.821297
7 7.4644 3.9138 3.1764 0.451769 0.824345 0.469182 0.821297
8 7.6178 3.9937 3.2300 0.451614 0.824345 0.469000 0.821297
9 7.4409 3.8964 3.1576 0.451345 0.824345 0.468702 0.821297
10 7.5225 3.9344 3.2002 0.450973 0.824345 0.468304 0.821297
11 7.5160 3.9336 3.1986 0.450459 0.824345 0.467630 0.821297
12 7.4282 3.9016 3.1403 0.444062 0.824345 0.457564 0.821297
13 7.4234 3.8969 3.1351 0.385130 0.824345 0.387071 0.821297
14 7.5970 3.9928 3.2245 0.368335 0.824345 0.370640 0.821297
15 7.4387 3.8572 3.1973 0.359615 0.824345 0.361753 0.821297
16 7.5447 3.9368 3.2187 0.353487 0.824878 0.355028 0.822498
17 7.4535 3.8717 3.1971 0.348559 0.824683 0.349709 0.822338
18 7.4455 3.8692 3.1821 0.344160 0.824692 0.344986 0.821617
19 7.4888 3.9304 3.1655 0.339780 0.824700 0.340355 0.820897
20 7.5692 3.9447 3.2352 0.335112 0.824540 0.335529 0.821777
21 7.6160 3.9513 3.2817 0.330324 0.826070 0.330386 0.824660
22 7.5274 3.9420 3.1960 0.326745 0.827938 0.325040 0.826821
23 7.3689 3.8281 3.1426 0.323550 0.831763 0.317801 0.834347
24 7.8549 4.1255 3.3408 0.312873 0.838150 0.305222 0.841873
25 7.5097 3.9278 3.1675 0.293724 0.848700 0.294064 0.849880
26 7.5016 3.9305 3.1757 0.278437 0.862621 0.289943 0.862050
27 7.6221 3.9926 3.2356 0.276702 0.875839 0.276944 0.875100
28 7.4731 3.9313 3.1565 0.268622 0.883836 0.267840 0.882626
29 7.4979 3.9466 3.1598 0.259199 0.888942 0.261548 0.886389
30 7.4907 3.9303 3.1779 0.251185 0.892483 0.255425 0.890312
31 7.5039 3.9313 3.1909 0.245103 0.894698 0.250259 0.892954
32 7.5099 3.9379 3.1760 0.239953 0.896921 0.246099 0.895436
33 7.4809 3.9393 3.1556 0.234929 0.898941 0.242082 0.898159
34 7.4681 3.9381 3.1402 0.229883 0.900995 0.237557 0.899920
35 7.5336 3.9425 3.1980 0.224936 0.902854 0.232557 0.902322
36 7.5326 3.9870 3.1515 0.220161 0.905238 0.227649 0.904243
37 7.4936 3.9297 3.1751 0.215838 0.907249 0.223418 0.905925
38 7.3882 3.8779 3.1213 0.212024 0.909490 0.219596 0.908247
39 7.5608 3.9791 3.1858 0.208531 0.911394 0.215994 0.910008
40 7.5470 3.9384 3.2192 0.205283 0.912871 0.212587 0.911129
41 7.4849 3.9328 3.1604 0.202301 0.914294 0.209398 0.912250
42 7.4547 3.8974 3.1610 0.199572 0.915682 0.206436 0.913050
43 7.4574 3.9014 3.1643 0.197052 0.916900 0.203686 0.914492
44 7.5121 3.9554 3.1638 0.194701 0.917968 0.201129 0.915933
45 7.5922 3.9495 3.2515 0.192485 0.918928 0.198745 0.917694
46 7.4783 3.9130 3.1750 0.190384 0.919862 0.196515 0.918255
47 7.5498 3.9617 3.1913 0.188383 0.920796 0.194426 0.919536
48 7.3629 3.7959 3.1732 0.186477 0.921632 0.192467 0.920256
49 7.4686 3.9088 3.1680 0.184658 0.922593 0.190626 0.920897
