epoch time fwd_time bwd_time loss acc val_loss val_acc
0 7.4759 3.8963 3.1844 0.515094 0.824345 0.523071 0.821297
1 7.5038 3.9195 3.1860 0.463578 0.824345 0.477192 0.821297
2 7.6612 3.9734 3.2918 0.452599 0.824345 0.469365 0.821297
3 7.4986 3.9339 3.1632 0.451607 0.824345 0.468996 0.821297
4 7.5845 3.9604 3.2329 0.451295 0.824345 0.468737 0.821297
5 7.5395 3.9428 3.2036 0.450989 0.824345 0.468421 0.821297
6 7.5969 3.9843 3.2094 0.450584 0.824345 0.467921 0.821297
7 7.5054 3.9297 3.1776 0.449952 0.824345 0.467194 0.821297
8 7.4963 3.9112 3.1525 0.448368 0.824345 0.465127 0.821297
9 7.5099 3.9164 3.2045 0.424246 0.824345 0.429573 0.821297
10 7.5920 3.9816 3.2181 0.392251 0.824345 0.395545 0.821297
11 7.6531 3.9716 3.2906 0.388453 0.824345 0.383410 0.821297
12 7.4823 3.8892 3.1541 0.379157 0.824345 0.375416 0.821297
13 7.4006 3.8701 3.1375 0.376209 0.824345 0.370699 0.821297
14 7.4576 3.9068 3.1595 0.375119 0.824345 0.366715 0.821297
15 7.5442 3.9211 3.2330 0.371887 0.824345 0.363060 0.821297
16 7.5618 3.9767 3.1933 0.369014 0.824345 0.359673 0.821297
17 7.3922 3.8733 3.1252 0.365574 0.824345 0.355958 0.821297
18 7.4455 3.8859 3.1625 0.355399 0.824345 0.350979 0.821297
19 7.5738 3.9626 3.2025 0.348346 0.825723 0.339619 0.821297
20 7.5681 3.9416 3.2245 0.316663 0.844733 0.310567 0.858287
21 7.5031 3.8812 3.2219 0.299637 0.876355 0.281970 0.867494
22 7.5725 3.9407 3.2278 0.244114 0.889814 0.249026 0.890793
23 7.5069 3.9073 3.1935 0.247770 0.895872 0.241830 0.893435
24 7.4424 3.8728 3.1681 0.230794 0.901067 0.239173 0.894235
25 7.3978 3.8730 3.1335 0.220626 0.900817 0.225734 0.908807
26 7.5418 3.9242 3.2139 0.213555 0.906902 0.219122 0.908567
27 7.4954 3.9100 3.1805 0.210172 0.909339 0.214674 0.909367
28 7.4768 3.9133 3.1694 0.206846 0.911118 0.211743 0.910088
29 7.4198 3.8820 3.1440 0.203720 0.912622 0.210117 0.909928
30 7.4585 3.9026 3.1572 0.202275 0.913404 0.209139 0.910649
31 7.4296 3.8830 3.1503 0.199336 0.914240 0.204105 0.912010
32 7.5164 3.9078 3.2062 0.200016 0.915112 0.207745 0.910248
33 7.4501 3.8795 3.1768 0.195669 0.915388 0.200895 0.913691
34 7.4780 3.9132 3.1626 0.194078 0.916704 0.198590 0.914492
35 7.4865 3.9011 3.1818 0.192719 0.917487 0.197031 0.914812
36 7.4792 3.9166 3.1567 0.191334 0.918163 0.195772 0.914732
37 7.5272 3.9243 3.1715 0.190101 0.918777 0.194459 0.915292
38 7.5238 3.9378 3.1766 0.188847 0.919284 0.193225 0.915212
39 7.7149 3.9806 3.3292 0.187695 0.919569 0.192098 0.915532
40 7.5240 3.9116 3.2123 0.186559 0.920058 0.190956 0.916333
41 7.4791 3.9172 3.1616 0.190290 0.917149 0.197860 0.914892
42 7.5319 3.9040 3.2204 0.187830 0.919533 0.194393 0.916653
43 7.4359 3.8528 3.1709 0.186075 0.920316 0.192375 0.917214
44 7.5116 3.9207 3.1925 0.184388 0.921081 0.190371 0.918415
45 7.4436 3.9005 3.1509 0.182683 0.921793 0.188146 0.919376
46 7.5152 3.8767 3.2404 0.181159 0.922540 0.185990 0.920416
47 7.4612 3.9044 3.1607 0.180020 0.923047 0.184229 0.921057
48 7.5338 3.9179 3.2155 0.179083 0.923403 0.182816 0.920657
49 7.5037 3.9215 3.1825 0.178194 0.923758 0.181835 0.921217
