epoch time fwd_time bwd_time loss acc val_loss val_acc
0 7.4075 3.8291 3.2056 0.439533 0.819835 0.473065 0.818895
1 7.4474 3.8602 3.2218 0.432437 0.824611 0.472622 0.818895
2 7.4632 3.8457 3.2512 0.431997 0.824611 0.471642 0.818895
3 7.3935 3.8172 3.2049 0.428982 0.824611 0.466894 0.818895
4 7.3982 3.8269 3.2020 0.330207 0.827618 0.355230 0.844275
5 7.4426 3.8537 3.2162 0.338750 0.857675 0.346558 0.861809
6 7.4394 3.8530 3.2123 0.243508 0.871694 0.280330 0.875981
7 7.4598 3.8682 3.2204 0.234450 0.881862 0.272715 0.879584
8 7.3256 3.7765 3.1840 0.226734 0.886007 0.258941 0.890552
9 7.5851 3.9113 3.2940 0.222920 0.887679 0.263194 0.885188
10 7.4413 3.8896 3.1796 0.219184 0.890606 0.258977 0.888311
11 7.3023 3.7512 3.1872 0.215283 0.891949 0.253537 0.889912
12 7.3985 3.8343 3.1838 0.213010 0.893105 0.250069 0.892234
13 7.4022 3.8235 3.2024 0.211129 0.893950 0.247532 0.892954
14 7.3934 3.8310 3.1962 0.209604 0.894804 0.244207 0.893995
15 7.4347 3.8503 3.2135 0.208094 0.895649 0.240975 0.895036
16 7.4119 3.8527 3.1893 0.206321 0.896263 0.238314 0.895356
17 7.3747 3.8228 3.1813 0.204336 0.897028 0.235977 0.895917
18 7.4027 3.8160 3.2135 0.202289 0.897686 0.233621 0.896878
19 7.4531 3.8512 3.2359 0.200242 0.898629 0.231052 0.898239
20 7.3329 3.7422 3.1741 0.198226 0.899421 0.228304 0.898719
21 7.3729 3.8191 3.1963 0.196220 0.900791 0.225453 0.900160
22 7.4533 3.8523 3.2305 0.194181 0.901920 0.222529 0.901681
23 7.4684 3.8609 3.2353 0.192080 0.903015 0.219568 0.903283
24 7.4030 3.8479 3.1844 0.189902 0.904180 0.216598 0.904884
25 7.3515 3.7896 3.1837 0.187647 0.905443 0.213615 0.906805
26 7.3528 3.7549 3.2260 0.185265 0.906413 0.210475 0.908487
27 7.3452 3.7758 3.2023 0.181939 0.907462 0.206855 0.910008
28 7.3224 3.7527 3.2058 0.178614 0.908992 0.203857 0.911289
29 7.3637 3.7991 3.1980 0.176078 0.910077 0.201079 0.912090
30 7.3580 3.7910 3.1981 0.174399 0.911350 0.198450 0.912010
31 7.4580 3.8476 3.2298 0.171868 0.912808 0.195911 0.914331
32 7.3307 3.7732 3.1912 0.167158 0.914143 0.196471 0.915452
33 7.3385 3.7867 3.1846 0.164255 0.915504 0.196487 0.915612
34 7.6417 3.9588 3.3078 0.161941 0.916384 0.194939 0.916013
35 7.5460 3.9124 3.2470 0.159137 0.917069 0.194011 0.916894
36 7.4443 3.8794 3.2047 0.157055 0.917968 0.191490 0.917614
37 7.3952 3.8053 3.2204 0.155570 0.918822 0.188536 0.919456
38 7.3846 3.7935 3.2259 0.153829 0.919702 0.186415 0.920176
39 7.3647 3.8094 3.1856 0.152030 0.920841 0.184584 0.920336
40 7.3563 3.7886 3.1958 0.150203 0.921570 0.182930 0.920657
41 7.3558 3.7970 3.1966 0.148368 0.922371 0.181386 0.922098
42 7.3242 3.7563 3.1886 0.146570 0.923100 0.179852 0.922418
43 7.4028 3.8071 3.2265 0.144852 0.923669 0.178242 0.922498
44 7.3704 3.8152 3.1898 0.143234 0.924079 0.176513 0.922818
45 7.3573 3.8027 3.1835 0.141701 0.924675 0.174673 0.923939
46 7.3840 3.8206 3.1986 0.140192 0.925271 0.172781 0.924339
47 7.3775 3.7914 3.2137 0.138600 0.925680 0.170930 0.925941
48 7.3288 3.7540 3.2057 0.136807 0.926383 0.169195 0.926581
49 7.3950 3.8059 3.1895 0.134808 0.926996 0.167494 0.926501
