epoch time fwd_time bwd_time loss acc val_loss val_acc
0 7.4553 3.8833 3.1687 0.467076 0.645389 0.479771 0.821297
1 7.5194 3.9296 3.1865 0.451325 0.824345 0.468929 0.821297
2 7.5592 3.9629 3.1846 0.450016 0.824345 0.467561 0.821297
3 7.5044 3.9201 3.1466 0.448095 0.824345 0.465561 0.821297
4 7.4582 3.9118 3.1444 0.445420 0.824345 0.462326 0.821297
5 7.5724 3.9636 3.1957 0.440655 0.824345 0.456505 0.821297
6 7.5228 3.9262 3.1955 0.430382 0.824345 0.443592 0.821297
7 7.5126 3.9247 3.1734 0.380076 0.824345 0.382621 0.821297
8 7.4274 3.8296 3.1997 0.362743 0.824345 0.362716 0.821297
9 7.4712 3.9081 3.1605 0.356977 0.824345 0.356236 0.821297
10 7.5640 3.9679 3.1907 0.351211 0.824345 0.350801 0.821297
11 7.5123 3.9491 3.1615 0.345711 0.824345 0.344220 0.821297
12 7.4162 3.8514 3.1565 0.340192 0.824345 0.336977 0.821297
13 7.5027 3.9243 3.1802 0.331688 0.824345 0.327488 0.821297
14 7.6775 3.9744 3.2994 0.326271 0.824345 0.313006 0.821297
15 7.7119 4.0071 3.2990 0.287032 0.824611 0.297273 0.821297
16 7.5215 3.9488 3.1763 0.261191 0.844243 0.257634 0.872298
17 7.4971 3.9291 3.1649 0.240243 0.899919 0.235072 0.909448
18 7.5361 3.9163 3.2148 0.226394 0.908378 0.223085 0.912570
19 7.4914 3.9355 3.1585 0.219833 0.911839 0.213832 0.915452
20 7.4244 3.8884 3.1317 0.216298 0.914721 0.207746 0.918014
21 7.5108 3.9008 3.2024 0.214034 0.916838 0.203019 0.919696
22 7.4692 3.8644 3.1940 0.213212 0.918875 0.199617 0.920657
23 7.4944 3.9215 3.1713 0.213319 0.920538 0.197868 0.921617
24 7.5092 3.9024 3.2066 0.211911 0.921757 0.197438 0.920977
25 7.4864 3.8786 3.2037 0.208040 0.922558 0.196374 0.921057
26 7.5948 3.9672 3.2134 0.204399 0.923243 0.194571 0.921697
27 7.5258 3.9220 3.2012 0.201447 0.924016 0.192651 0.922258
28 7.5169 3.9076 3.1546 0.198950 0.924853 0.190792 0.923459
29 7.5762 3.9622 3.2035 0.196752 0.925555 0.189030 0.924339
30 7.5202 3.9106 3.2080 0.194764 0.926062 0.187367 0.924420
31 7.5978 3.9811 3.2076 0.192932 0.926765 0.185796 0.924500
32 7.4744 3.8873 3.1893 0.191219 0.927272 0.184311 0.924900
33 7.4713 3.9119 3.1618 0.189605 0.927806 0.182902 0.925540
34 7.4799 3.9227 3.1471 0.188073 0.928224 0.181564 0.925540
35 8.9415 4.7854 3.7097 0.186612 0.928491 0.180289 0.925941
36 7.9016 4.1042 3.3787 0.185212 0.928980 0.179072 0.926261
37 7.6836 3.9955 3.2835 0.183868 0.929167 0.177907 0.926821
38 7.7143 4.0996 3.2072 0.182574 0.929523 0.176789 0.927062
39 7.4965 3.8741 3.2046 0.181326 0.930074 0.175714 0.927222
40 7.5358 3.9588 3.1601 0.180121 0.930474 0.174679 0.927622
41 7.5110 3.8952 3.2008 0.178954 0.930777 0.173680 0.927862
42 7.6898 3.9760 3.2893 0.177824 0.931061 0.172712 0.928102
43 7.6617 4.0091 3.2326 0.176729 0.931417 0.171774 0.928583
44 7.5587 3.9542 3.1856 0.175666 0.931755 0.170863 0.929143
45 7.4993 3.9109 3.1678 0.174634 0.932058 0.169976 0.929223
46 7.4148 3.8364 3.1468 0.173630 0.932280 0.169111 0.929384
47 7.6726 3.9755 3.2816 0.172654 0.932645 0.168266 0.929864
48 7.4425 3.8485 3.1743 0.171705 0.932734 0.167438 0.930344
49 7.4692 3.8856 3.1697 0.170780 0.933125 0.166626 0.930344
