epoch time fwd_time bwd_time loss acc val_loss val_acc
0 7.3521 3.7855 3.2049 0.667732 0.296489 0.665750 0.778463
1 7.3255 3.7827 3.1836 0.519109 0.822655 0.537039 0.818895
2 7.3760 3.8354 3.1891 0.463395 0.824611 0.491236 0.818895
3 7.3778 3.7984 3.2137 0.443222 0.824611 0.477378 0.818895
4 7.4488 3.8558 3.1916 0.436469 0.824611 0.474010 0.818895
5 7.3900 3.8134 3.2145 0.434068 0.824611 0.473345 0.818895
6 7.4177 3.8512 3.2116 0.433149 0.824611 0.473261 0.818895
7 7.3867 3.8247 3.2074 0.432779 0.824611 0.473252 0.818895
8 7.3804 3.8370 3.1856 0.432623 0.824611 0.473225 0.818895
9 7.3116 3.7581 3.1846 0.432552 0.824611 0.473175 0.818895
10 7.3522 3.8057 3.1874 0.432508 0.824611 0.473104 0.818895
11 7.3684 3.8157 3.1990 0.432469 0.824611 0.472999 0.818895
12 7.3826 3.8282 3.1933 0.432428 0.824611 0.472838 0.818895
13 7.3515 3.7819 3.2019 0.432383 0.824611 0.472620 0.818895
14 7.3966 3.8487 3.1892 0.432295 0.824611 0.472407 0.818895
15 7.4788 3.8894 3.2175 0.432144 0.824611 0.472214 0.818895
16 7.5085 3.8903 3.2508 0.431954 0.824611 0.472005 0.818895
17 7.3483 3.8040 3.1888 0.431733 0.824611 0.471750 0.818895
18 7.4619 3.8507 3.2345 0.431469 0.824611 0.471427 0.818895
19 7.3937 3.8505 3.1864 0.431140 0.824611 0.471012 0.818895
20 7.3618 3.8125 3.1979 0.430713 0.824611 0.470462 0.818895
21 7.3472 3.7983 3.1874 0.430133 0.824611 0.469707 0.818895
22 7.3963 3.8095 3.2328 0.429311 0.824611 0.468629 0.818895
23 7.4326 3.8577 3.2066 0.428093 0.824611 0.467041 0.818895
24 7.4384 3.8738 3.1998 0.426237 0.824611 0.464668 0.818895
25 7.3701 3.8238 3.1870 0.423441 0.824611 0.461203 0.818895
26 7.4490 3.8890 3.1909 0.419451 0.824611 0.456401 0.818895
27 7.4541 3.8526 3.2429 0.414132 0.824611 0.450099 0.818895
28 7.4126 3.8456 3.2101 0.407410 0.824611 0.442166 0.818895
29 7.3243 3.7936 3.1696 0.399211 0.824611 0.432480 0.818895
30 7.3358 3.7848 3.1937 0.389628 0.824611 0.421138 0.818895
31 7.4282 3.8667 3.2031 0.379152 0.824611 0.408763 0.818895
32 7.3985 3.8442 3.1957 0.368387 0.824611 0.396186 0.818895
33 7.4159 3.8370 3.1885 0.355942 0.824611 0.382549 0.818895
34 7.4521 3.8462 3.2333 0.343915 0.824611 0.370022 0.818895
35 7.4245 3.8597 3.2032 0.334556 0.824611 0.360803 0.818895
36 7.4831 3.8637 3.2519 0.327866 0.824611 0.354611 0.818895
37 7.4165 3.8317 3.2236 0.323097 0.824611 0.350394 0.818895
38 7.3849 3.8127 3.1976 0.319448 0.824611 0.347247 0.818895
39 7.3927 3.8249 3.2029 0.316385 0.824611 0.344640 0.818895
40 7.3450 3.7820 3.2043 0.313339 0.824611 0.342092 0.818895
41 7.4179 3.8545 3.1980 0.309994 0.824611 0.339347 0.818895
42 7.3378 3.7866 3.1876 0.306619 0.824611 0.336747 0.818895
43 7.3694 3.8006 3.2002 0.303670 0.824611 0.334478 0.818895
44 7.3976 3.8162 3.2127 0.301013 0.824611 0.332379 0.819135
45 7.3939 3.8176 3.2156 0.298602 0.824878 0.330401 0.819936
46 7.3399 3.8144 3.1660 0.296384 0.826141 0.328510 0.822338
47 7.4080 3.8238 3.2169 0.294305 0.827405 0.326678 0.824099
48 7.4248 3.8522 3.2104 0.292328 0.828917 0.324889 0.826021
49 7.5697 3.9195 3.2706 0.290425 0.830331 0.323131 0.828583
