epoch time fwd_time bwd_time loss acc val_loss val_acc
0 7.4366 3.8367 3.1998 0.437301 0.779957 0.472848 0.818895
1 7.4386 3.8374 3.2002 0.429922 0.824611 0.466996 0.818895
2 7.3592 3.7709 3.1889 0.396210 0.824611 0.429956 0.818895
3 7.3521 3.7673 3.1927 0.296621 0.824611 0.340499 0.818895
4 7.4639 3.8475 3.2184 0.270748 0.824932 0.306810 0.827622
5 7.5500 3.9467 3.2088 0.250070 0.849572 0.286726 0.865012
6 7.4120 3.8217 3.1923 0.229984 0.876951 0.277471 0.882146
7 7.4351 3.8300 3.2095 0.224678 0.884423 0.269362 0.886869
8 7.4723 3.8526 3.2218 0.219399 0.885562 0.261971 0.890152
9 7.3908 3.8291 3.1806 0.221992 0.888515 0.256299 0.889672
10 7.3699 3.7955 3.1774 0.217481 0.888871 0.259961 0.882546
11 7.4524 3.8335 3.2269 0.209186 0.889903 0.252720 0.888311
12 7.4156 3.8218 3.1953 0.212156 0.891388 0.255493 0.884548
13 7.5374 3.9028 3.2280 0.205926 0.893381 0.241401 0.896317
14 7.3643 3.7878 3.1777 0.203957 0.894893 0.238374 0.898719
15 7.4082 3.8215 3.1938 0.200973 0.896201 0.235648 0.900560
16 7.4948 3.8670 3.2258 0.198888 0.897793 0.232760 0.902402
17 7.4562 3.8340 3.2270 0.196622 0.899554 0.229964 0.903283
18 7.4878 3.8477 3.2162 0.194135 0.900631 0.227278 0.904003
19 7.4905 3.8928 3.2074 0.192009 0.901574 0.224646 0.905524
20 7.4696 3.8499 3.2220 0.190314 0.902926 0.222051 0.906165
21 7.4285 3.8320 3.2060 0.188859 0.903869 0.219405 0.907366
22 7.3870 3.7843 3.2016 0.187191 0.904972 0.216796 0.908727
23 7.4210 3.7987 3.2179 0.185848 0.906688 0.214381 0.909047
24 7.4630 3.8422 3.2258 0.184249 0.907907 0.211551 0.910649
25 7.4592 3.8645 3.1976 0.182403 0.909339 0.209015 0.911449
26 7.6432 4.0352 3.2187 0.180764 0.910780 0.206598 0.912250
27 7.5548 3.9056 3.2346 0.179224 0.911510 0.204287 0.913611
28 7.4787 3.8353 3.2217 0.177754 0.912123 0.202141 0.914572
29 7.4167 3.8022 3.2029 0.176365 0.913057 0.200135 0.915693
30 7.5022 3.8609 3.2240 0.175067 0.913822 0.198216 0.917294
31 7.3745 3.7603 3.1950 0.173842 0.914925 0.196319 0.917694
32 7.5130 3.8638 3.2291 0.172663 0.915708 0.194377 0.918495
33 7.4181 3.8120 3.1872 0.171507 0.916660 0.192363 0.919295
34 7.4900 3.8606 3.2140 0.170368 0.917567 0.190320 0.920176
35 7.4773 3.8456 3.2135 0.169223 0.918208 0.188291 0.920897
36 7.3796 3.7558 3.2125 0.168050 0.918875 0.186330 0.921938
37 7.4175 3.8031 3.1972 0.166898 0.919925 0.184487 0.922818
38 7.5208 3.8783 3.2204 0.165761 0.920770 0.182785 0.923379
39 7.4711 3.8417 3.2158 0.164696 0.921579 0.181268 0.924099
40 7.3993 3.7659 3.2151 0.163806 0.922389 0.180018 0.924420
41 7.4248 3.8064 3.2034 0.163093 0.923020 0.179025 0.925300
42 7.3738 3.7908 3.1645 0.162450 0.923509 0.178245 0.925941
43 7.4080 3.7870 3.2021 0.161846 0.923999 0.177540 0.926101
44 7.4604 3.8451 3.1941 0.161285 0.924399 0.176910 0.926501
45 7.4721 3.8377 3.2154 0.160692 0.924710 0.176264 0.926741
46 7.4323 3.8015 3.2076 0.160187 0.925066 0.175710 0.926421
47 7.4987 3.8509 3.1968 0.159780 0.925582 0.175224 0.926181
48 7.4484 3.8287 3.2056 0.159495 0.926018 0.174748 0.925941
49 7.5136 3.8595 3.2406 0.159353 0.926294 0.174125 0.925941
