epoch time fwd_time bwd_time loss acc val_loss val_acc
0 7.4646 3.8510 3.2195 0.437040 0.688318 0.473069 0.818895
1 7.4274 3.8269 3.2067 0.433154 0.824611 0.473063 0.818895
2 7.5212 3.8530 3.2765 0.433268 0.824611 0.473029 0.818895
3 7.4655 3.8500 3.2208 0.433350 0.824611 0.473000 0.818895
4 7.3321 3.7215 3.2091 0.433396 0.824611 0.472953 0.818895
5 7.4694 3.8546 3.2207 0.433157 0.824611 0.471712 0.818895
6 7.4105 3.8006 3.2202 0.417815 0.824611 0.452298 0.818895
7 7.3446 3.7799 3.1706 0.341723 0.824611 0.369258 0.818895
8 7.3642 3.7733 3.2011 0.335284 0.824611 0.360674 0.818895
9 7.4042 3.8079 3.2047 0.316817 0.824611 0.345465 0.818895
10 7.4432 3.8190 3.1831 0.301973 0.824611 0.330640 0.819055
11 7.4455 3.8328 3.2152 0.281322 0.833791 0.313778 0.833227
12 7.4524 3.8377 3.2173 0.253863 0.866766 0.268422 0.894636
13 7.4504 3.8154 3.2300 0.229374 0.891878 0.255210 0.896077
14 7.4171 3.8330 3.1954 0.226506 0.895418 0.243064 0.898479
15 7.4583 3.8516 3.2128 0.219850 0.897695 0.236920 0.900320
16 7.4058 3.8391 3.1776 0.214308 0.899368 0.232541 0.901441
17 7.3364 3.7363 3.2021 0.205539 0.901360 0.232207 0.900240
18 7.4266 3.8469 3.1816 0.202296 0.902712 0.227788 0.900641
19 7.4161 3.8162 3.2013 0.197989 0.904171 0.225111 0.901761
20 7.4832 3.8500 3.2422 0.194447 0.904998 0.221771 0.903122
21 7.4035 3.8101 3.1980 0.192375 0.905870 0.217954 0.904404
22 7.3246 3.7526 3.1882 0.190525 0.906840 0.213509 0.907926
23 7.4579 3.8422 3.2260 0.187797 0.907711 0.209363 0.910248
24 7.4226 3.8201 3.2041 0.186037 0.909286 0.206321 0.914652
25 7.5008 3.8821 3.2241 0.187944 0.912479 0.210531 0.910969
26 7.4876 3.8840 3.2109 0.178193 0.915495 0.191860 0.919215
27 7.3881 3.8348 3.1571 0.175192 0.916696 0.187752 0.921377
28 7.4210 3.8142 3.2092 0.172291 0.920014 0.179744 0.924740
29 7.5169 3.8943 3.2235 0.159115 0.923198 0.180223 0.925620
30 7.4717 3.8471 3.2353 0.172900 0.927886 0.179541 0.922978
31 7.3498 3.7888 3.1739 0.153985 0.929469 0.166146 0.930665
32 7.3915 3.7839 3.2120 0.148950 0.930394 0.158071 0.934828
33 7.4353 3.8238 3.2164 0.147585 0.932734 0.151337 0.935629
34 7.3431 3.7607 3.1921 0.146054 0.935189 0.148049 0.937390
35 7.4693 3.8357 3.2432 0.138134 0.936505 0.142674 0.939632
36 7.4820 3.8928 3.1959 0.136642 0.937235 0.148274 0.935629
37 7.3287 3.7628 3.1700 0.132639 0.937457 0.147779 0.935468
38 7.4763 3.8652 3.2141 0.132580 0.939138 0.137151 0.941073
39 7.3882 3.7428 3.2127 0.129550 0.939405 0.142369 0.936990
40 7.4459 3.8235 3.2290 0.128728 0.939779 0.136693 0.941153
41 7.3767 3.7688 3.2159 0.125826 0.940659 0.130767 0.942434
42 7.4158 3.8246 3.2001 0.124019 0.940651 0.139679 0.937470
43 7.4008 3.7826 3.1669 0.123017 0.941086 0.135569 0.940592
44 7.4109 3.8300 3.1822 0.121613 0.941309 0.136257 0.938991
45 7.4683 3.8588 3.2148 0.121224 0.941745 0.130952 0.943315
46 7.3702 3.7843 3.2006 0.120137 0.942519 0.127695 0.943795
47 7.4751 3.8930 3.1982 0.119023 0.943559 0.125436 0.944115
48 7.4411 3.8262 3.2231 0.117961 0.942661 0.126181 0.943555
49 7.4693 3.8773 3.1911 0.118043 0.943951 0.124660 0.944195
