epoch time fwd_time bwd_time loss acc val_loss val_acc
0 7.4861 3.8471 3.2139 0.436966 0.765191 0.473216 0.818895
1 7.3909 3.7609 3.1803 0.431965 0.824611 0.470043 0.818895
2 7.4358 3.8251 3.1940 0.359692 0.824611 0.377403 0.818895
3 7.4464 3.8243 3.2146 0.297440 0.824611 0.334343 0.818895
4 7.5120 3.8836 3.2156 0.268261 0.825715 0.298083 0.826261
5 7.4310 3.8485 3.1722 0.240122 0.871098 0.273053 0.887990
6 7.3892 3.7936 3.1847 0.231650 0.883223 0.246425 0.898639
7 7.4861 3.8477 3.2253 0.200382 0.898994 0.227593 0.905204
8 7.4565 3.8511 3.1896 0.194667 0.901476 0.225000 0.905364
9 7.4897 3.8701 3.2031 0.188161 0.902748 0.215724 0.907766
10 7.4203 3.8095 3.2059 0.182904 0.904900 0.211612 0.908167
11 7.4980 3.8557 3.2293 0.181758 0.906937 0.208585 0.908567
12 7.4400 3.8129 3.2046 0.178243 0.908103 0.203611 0.913371
13 7.4903 3.8651 3.2112 0.178903 0.911830 0.198563 0.913771
14 7.5884 3.9013 3.2626 0.163596 0.915094 0.189065 0.918575
15 7.4960 3.8663 3.2154 0.163952 0.915263 0.195400 0.922898
16 7.4478 3.8259 3.2074 0.179105 0.922495 0.178241 0.924980
17 7.4939 3.8783 3.2074 0.160187 0.916811 0.179309 0.921697
18 7.3545 3.7638 3.1746 0.144749 0.926133 0.166206 0.928903
19 7.4479 3.8357 3.1877 0.135241 0.926418 0.162093 0.930985
20 7.4361 3.8137 3.2103 0.131289 0.928678 0.157512 0.931946
21 7.4351 3.8185 3.2006 0.137885 0.930208 0.156041 0.934428
22 7.3629 3.7651 3.1821 0.127885 0.930777 0.150571 0.936189
23 7.4099 3.8086 3.1876 0.126273 0.929362 0.150283 0.937710
24 7.3205 3.7067 3.2062 0.123249 0.936105 0.143528 0.939632
25 7.4571 3.8351 3.2091 0.134461 0.924177 0.153345 0.935228
26 7.4775 3.8308 3.1895 0.116042 0.936674 0.140382 0.939071
27 7.4701 3.8555 3.1988 0.114873 0.938969 0.134259 0.941313
28 7.4477 3.8250 3.2101 0.117104 0.931426 0.137276 0.942754
29 7.4520 3.8219 3.2094 0.113417 0.942332 0.132517 0.942834
30 7.4851 3.8537 3.2165 0.109057 0.942830 0.126706 0.945156
31 7.3753 3.7499 3.2068 0.100726 0.944004 0.121561 0.947878
32 7.4414 3.8041 3.2172 0.104528 0.946566 0.120081 0.948759
33 7.4435 3.8162 3.2132 0.111122 0.944396 0.118883 0.948118
34 7.5254 3.8872 3.2248 0.093783 0.948461 0.112306 0.951721
35 7.5813 3.8938 3.2639 0.094026 0.949083 0.113351 0.949800
36 7.4110 3.8002 3.1915 0.086930 0.950596 0.114834 0.951321
37 7.4393 3.7780 3.2356 0.080873 0.952188 0.119694 0.948599
38 7.4857 3.8616 3.2126 0.077950 0.953522 0.102041 0.958127
39 7.3766 3.7929 3.1694 0.074850 0.954545 0.101585 0.958287
40 7.4042 3.7452 3.2341 0.072140 0.955017 0.108848 0.956365
41 7.4800 3.8458 3.2124 0.079918 0.954776 0.117078 0.950360
42 7.4957 3.8633 3.2194 0.077192 0.957027 0.094732 0.962050
43 7.4402 3.8087 3.2088 0.073902 0.955835 0.099272 0.961329
44 7.3087 3.7056 3.1875 0.070254 0.958112 0.101778 0.958607
45 7.4891 3.8626 3.2072 0.101917 0.956120 0.102624 0.960528
46 7.4697 3.8503 3.2032 0.078141 0.958468 0.094797 0.960849
47 7.4795 3.8272 3.2371 0.071617 0.959251 0.098611 0.959968
48 7.5139 3.8692 3.2334 0.071203 0.958655 0.099042 0.959327
49 7.4855 3.8334 3.2314 0.068546 0.959598 0.095480 0.960849
