epoch time fwd_time bwd_time loss acc val_loss val_acc
0 7.4917 3.8841 3.1735 0.454320 0.714514 0.470211 0.821297
1 7.5347 3.9394 3.1567 0.451427 0.824345 0.468849 0.821297
2 7.6588 3.9548 3.2425 0.448959 0.824345 0.466336 0.821297
3 7.4600 3.9004 3.1345 0.390471 0.824345 0.396336 0.821297
4 7.5443 3.9516 3.1667 0.369726 0.824345 0.365605 0.821297
5 7.5114 3.9012 3.1822 0.353205 0.824345 0.353478 0.821297
6 7.5829 4.0163 3.1412 0.358899 0.824345 0.350611 0.821297
7 7.5703 3.9371 3.1969 0.351595 0.824345 0.344024 0.821297
8 7.7250 3.9909 3.3149 0.351358 0.824345 0.338638 0.821297
9 7.4869 3.8975 3.1597 0.321586 0.824540 0.315569 0.821297
10 7.5329 3.9369 3.1629 0.289767 0.852534 0.284407 0.892954
11 7.4742 3.8731 3.1737 0.261400 0.892607 0.250572 0.898559
12 7.6449 3.9430 3.2710 0.257434 0.893781 0.248123 0.902402
13 7.5288 3.9237 3.1731 0.259689 0.900319 0.234819 0.904083
14 7.5059 3.9255 3.1556 0.259970 0.903628 0.220942 0.908006
15 7.3994 3.8423 3.1320 0.257707 0.907987 0.209888 0.913851
16 7.5594 3.9648 3.1629 0.249568 0.912097 0.201794 0.915612
17 7.5793 3.8954 3.2564 0.232165 0.916002 0.195704 0.917694
18 7.5134 3.9190 3.1699 0.220037 0.918937 0.190601 0.919376
19 7.4479 3.8652 3.1490 0.219191 0.921019 0.183203 0.923539
20 7.4974 3.9338 3.1375 0.216520 0.923358 0.179173 0.924420
21 7.5574 3.9271 3.2066 0.214852 0.924986 0.176000 0.926101
22 7.5833 3.9395 3.2079 0.214876 0.925920 0.173316 0.927062
23 7.5271 3.8788 3.2340 0.199938 0.926053 0.180971 0.925060
24 7.4776 3.9090 3.1411 0.206669 0.927494 0.176821 0.927142
25 7.5320 3.9272 3.1812 0.211450 0.929941 0.164235 0.932106
26 7.5449 3.9017 3.2028 0.210226 0.931293 0.160669 0.933227
27 7.5203 3.9047 3.1459 0.212241 0.932449 0.157722 0.934588
28 7.5675 3.9474 3.1995 0.198613 0.933855 0.152285 0.937630
29 7.5069 3.8763 3.2052 0.192310 0.935820 0.149800 0.938271
30 7.5275 3.9214 3.1819 0.180620 0.937092 0.147497 0.939552
31 7.5193 3.8993 3.1740 0.168969 0.937617 0.146577 0.938751
32 7.6436 3.9353 3.2697 0.173315 0.938756 0.145229 0.940512
33 7.5767 3.9551 3.1766 0.171317 0.938720 0.144421 0.940432
34 7.5748 3.9293 3.2160 0.163179 0.937626 0.140695 0.942034
35 7.5370 3.9255 3.1712 0.165976 0.940250 0.141440 0.941873
36 7.5701 3.9262 3.2159 0.160815 0.940410 0.138673 0.943475
37 7.4766 3.8874 3.1639 0.165388 0.940784 0.139051 0.942114
38 7.6116 3.9711 3.2116 0.170012 0.942296 0.137848 0.942514
39 7.6374 4.0101 3.1919 0.166250 0.942092 0.136441 0.943395
40 7.4694 3.8939 3.1493 0.162573 0.943559 0.132969 0.945396
41 7.5613 3.9675 3.1695 0.160345 0.942705 0.132360 0.945957
42 7.5496 3.9393 3.1904 0.158016 0.942012 0.131284 0.945316
43 7.4458 3.8422 3.1705 0.156743 0.944609 0.129827 0.947638
44 7.4452 3.8694 3.1396 0.157191 0.943515 0.124968 0.949560
45 7.5525 3.9275 3.1836 0.153262 0.945828 0.127373 0.947958
46 7.5476 3.9163 3.2018 0.137741 0.946877 0.133940 0.943955
47 7.5456 3.9338 3.1703 0.134483 0.946433 0.130087 0.945797
48 7.6619 3.9761 3.2624 0.128671 0.948932 0.130529 0.946117
49 7.6604 3.9384 3.2922 0.127921 0.950000 0.125440 0.947478
