epoch time fwd_time bwd_time loss acc val_loss val_acc
0 7.4081 3.8038 3.2072 0.454911 0.764337 0.473127 0.818895
1 7.4381 3.8349 3.2071 0.433219 0.824611 0.472772 0.818895
2 7.3308 3.7377 3.1946 0.432157 0.824611 0.471088 0.818895
3 7.4500 3.8394 3.2129 0.401605 0.824611 0.428731 0.818895
4 7.7455 4.0039 3.3420 0.280140 0.848335 0.304661 0.871817
5 7.3229 3.7213 3.2085 0.230944 0.881524 0.262373 0.890953
6 7.3657 3.7393 3.1973 0.224032 0.892403 0.257405 0.892794
7 7.2724 3.6836 3.1986 0.216858 0.896459 0.236991 0.896237
8 7.4530 3.8283 3.2298 0.204325 0.898425 0.232556 0.899359
9 7.4591 3.8315 3.2278 0.204998 0.900159 0.225164 0.901121
10 7.4958 3.8870 3.2069 0.194348 0.902036 0.222844 0.901121
11 7.4265 3.8241 3.2013 0.186262 0.904002 0.218515 0.902802
12 7.4462 3.8402 3.2125 0.182128 0.905728 0.214545 0.904804
13 7.4558 3.8383 3.2212 0.177458 0.907267 0.209511 0.907686
14 7.4430 3.8268 3.2148 0.171773 0.908886 0.207224 0.909448
15 7.2642 3.7059 3.1687 0.169067 0.911180 0.198973 0.912810
16 7.3402 3.7699 3.1882 0.165635 0.912826 0.190351 0.917214
17 7.4549 3.8474 3.2136 0.161827 0.914303 0.186787 0.918735
18 7.5101 3.8837 3.2369 0.155955 0.915770 0.187089 0.918895
19 7.3058 3.7200 3.1950 0.152730 0.917007 0.183126 0.920737
20 7.4487 3.8418 3.2048 0.153083 0.918839 0.180398 0.923219
21 7.4473 3.8410 3.2011 0.147826 0.921152 0.168132 0.927542
22 7.4714 3.8628 3.2153 0.147978 0.924105 0.165802 0.928743
23 7.4342 3.8295 3.2180 0.131438 0.925920 0.158701 0.933467
24 7.3026 3.7278 3.1860 0.186422 0.929692 0.150490 0.936509
25 7.4133 3.8106 3.2055 0.124985 0.935064 0.134076 0.942674
26 7.5253 3.8870 3.2438 0.163845 0.940019 0.132643 0.944596
27 7.3426 3.7885 3.1673 0.119518 0.942839 0.128968 0.943074
28 7.4347 3.8285 3.2115 0.129297 0.945934 0.117772 0.952762
29 7.4229 3.8230 3.2070 0.100275 0.948870 0.107439 0.954764
30 7.4058 3.8245 3.1969 0.098430 0.950925 0.106911 0.955965
31 7.4824 3.8333 3.2160 0.086866 0.948745 0.098737 0.959247
32 7.3853 3.7979 3.1998 0.086578 0.953389 0.103834 0.955244
33 7.3929 3.8111 3.1977 0.077325 0.953424 0.093638 0.960849
34 7.3657 3.7794 3.2008 0.076460 0.956306 0.122106 0.949079
35 7.4069 3.7823 3.1835 0.085957 0.955781 0.091831 0.962050
36 7.4115 3.8274 3.1881 0.078371 0.957854 0.087203 0.963571
37 7.3432 3.7332 3.2109 0.072099 0.959411 0.091633 0.962850
38 7.3561 3.7532 3.2077 0.073093 0.957907 0.085928 0.964692
39 7.4363 3.8753 3.1716 0.070294 0.959518 0.084268 0.965733
40 7.3545 3.7501 3.2127 0.066250 0.959731 0.083868 0.965973
41 7.2720 3.6884 3.1904 0.065586 0.960416 0.082095 0.966053
42 7.4815 3.8642 3.2140 0.064686 0.960300 0.083781 0.966773
43 7.4977 3.8827 3.2151 0.062746 0.960701 0.082505 0.967334
44 7.3635 3.7758 3.1906 0.061090 0.962035 0.081582 0.967334
45 7.4431 3.8346 3.2133 0.059799 0.962186 0.080692 0.967174
46 7.4599 3.8314 3.2323 0.058696 0.962222 0.080038 0.967974
47 7.4732 3.8667 3.2125 0.057975 0.962302 0.079703 0.968295
48 7.3922 3.8335 3.1687 0.057621 0.962444 0.079728 0.967974
49 7.4908 3.8805 3.2066 0.057163 0.962578 0.079471 0.968054
