epoch time fwd_time bwd_time loss acc val_loss val_acc
0 7.4610 3.8247 3.2053 0.440847 0.822032 0.466778 0.818895
1 7.3730 3.7756 3.1796 0.320697 0.824611 0.358281 0.818895
2 7.4453 3.8114 3.2120 0.262018 0.830224 0.301752 0.847078
3 7.4481 3.8186 3.2059 0.235795 0.885028 0.265311 0.894075
4 7.4156 3.7927 3.2070 0.229114 0.896334 0.254390 0.898159
5 7.4117 3.7992 3.1949 0.235702 0.895329 0.248645 0.898719
6 7.4731 3.8204 3.2369 0.218999 0.896699 0.253099 0.893835
7 7.4298 3.8030 3.1985 0.215988 0.898229 0.248274 0.895757
8 7.4272 3.8121 3.1847 0.213373 0.899243 0.244232 0.897358
9 7.4198 3.7999 3.1620 0.210466 0.900141 0.240249 0.898639
10 7.4257 3.8162 3.1899 0.207923 0.900960 0.236405 0.900320
11 7.4409 3.8179 3.1961 0.205851 0.901787 0.232912 0.902322
12 7.4579 3.8306 3.2052 0.204019 0.902454 0.229757 0.903683
13 7.5332 3.8849 3.2247 0.202169 0.903130 0.226813 0.905124
14 7.4416 3.8214 3.1998 0.199911 0.903744 0.224037 0.906405
15 7.5027 3.8410 3.2356 0.197243 0.904625 0.222803 0.906886
16 7.4770 3.8448 3.2132 0.199291 0.905639 0.224234 0.906165
17 7.5141 3.8523 3.2434 0.202108 0.907560 0.215981 0.911769
18 7.4892 3.8594 3.2036 0.188144 0.907809 0.216636 0.908006
19 7.4670 3.8293 3.2099 0.187281 0.909935 0.217382 0.907526
20 7.4413 3.8245 3.1989 0.197465 0.911768 0.210845 0.916493
21 7.3772 3.7420 3.2096 0.193078 0.912702 0.201466 0.918655
22 7.4391 3.7957 3.2087 0.179454 0.914570 0.217570 0.904644
23 7.4967 3.8345 3.2304 0.163233 0.916117 0.188295 0.922098
24 7.4992 3.8370 3.2333 0.182367 0.921463 0.176417 0.928022
25 7.4617 3.8271 3.2093 0.152664 0.923705 0.190487 0.917374
26 7.4295 3.8083 3.2014 0.149053 0.927228 0.188770 0.917294
27 7.4905 3.8339 3.2253 0.174648 0.928953 0.163858 0.931465
28 7.4694 3.8441 3.2091 0.141892 0.930234 0.173980 0.923219
29 7.7141 4.0059 3.2829 0.142517 0.931488 0.169212 0.925941
30 7.8869 4.0184 3.4373 0.137313 0.932876 0.162905 0.929784
31 7.3792 3.7379 3.2149 0.138575 0.932849 0.155138 0.936109
32 7.4265 3.7933 3.2164 0.131311 0.934415 0.152955 0.936269
33 7.5172 3.8768 3.2180 0.135836 0.935055 0.148337 0.937870
34 7.4495 3.8414 3.1793 0.140305 0.935945 0.148165 0.935949
35 7.4378 3.8014 3.2193 0.136094 0.936897 0.151381 0.934267
36 7.4800 3.8470 3.2087 0.133990 0.937653 0.150373 0.934428
37 7.5029 3.8715 3.2149 0.137425 0.938622 0.140017 0.938431
38 7.4535 3.8270 3.1722 0.126610 0.939886 0.140515 0.940592
39 7.3625 3.7390 3.2028 0.135455 0.940882 0.134885 0.942194
40 7.5070 3.8521 3.2320 0.106671 0.941202 0.134129 0.944436
41 7.4171 3.8008 3.1930 0.145983 0.941353 0.146279 0.937630
42 7.5800 3.8918 3.2112 0.134095 0.939939 0.154439 0.935068
43 7.4192 3.7890 3.2057 0.111587 0.942954 0.129968 0.944195
44 7.4789 3.8530 3.2069 0.114694 0.942625 0.127595 0.947078
45 7.5118 3.8516 3.2428 0.108339 0.940677 0.138768 0.939872
46 7.4551 3.8368 3.1898 0.136101 0.942946 0.151967 0.938591
47 7.5537 3.8594 3.2653 0.097304 0.944138 0.130870 0.945476
48 7.4804 3.8484 3.2095 0.119320 0.942741 0.141918 0.941073
49 7.4502 3.8098 3.2234 0.093670 0.944760 0.135349 0.944836
