epoch time fwd_time bwd_time loss acc val_loss val_acc
0 7.4748 3.8463 3.1884 0.457523 0.755522 0.473284 0.818895
1 7.5008 3.8452 3.2118 0.433822 0.824611 0.472876 0.818895
2 7.4004 3.7564 3.2185 0.414847 0.824611 0.449537 0.818895
3 7.5203 3.8785 3.2056 0.276058 0.824611 0.315472 0.818895
4 7.4547 3.8198 3.1743 0.233498 0.857382 0.278018 0.877902
5 7.4648 3.8485 3.1896 0.244355 0.882191 0.270137 0.889111
6 7.4645 3.8150 3.2060 0.207115 0.890179 0.242567 0.896797
7 7.4454 3.8336 3.1874 0.205105 0.897357 0.237461 0.900160
8 7.4876 3.8357 3.1842 0.191051 0.899741 0.224480 0.902402
9 7.4041 3.7850 3.1836 0.183019 0.904687 0.218092 0.906805
10 7.4665 3.8215 3.2130 0.182602 0.906813 0.211243 0.909928
11 7.4936 3.8409 3.2111 0.174521 0.909215 0.204770 0.912090
12 7.3504 3.7502 3.1813 0.171713 0.910798 0.199496 0.914652
13 7.3077 3.6889 3.1830 0.169799 0.911937 0.196630 0.916653
14 7.3689 3.7743 3.1633 0.167826 0.913280 0.192842 0.917934
15 7.4101 3.8023 3.1883 0.165453 0.914596 0.190012 0.919616
16 7.5002 3.8747 3.1947 0.162889 0.916349 0.187529 0.920336
17 7.4019 3.8008 3.1767 0.160408 0.917514 0.184110 0.921377
18 7.4651 3.8074 3.2192 0.158038 0.918501 0.180315 0.923219
19 7.4854 3.8303 3.2279 0.155930 0.919667 0.177813 0.924660
20 7.4775 3.8385 3.2047 0.154307 0.919818 0.178848 0.922898
21 7.4600 3.7988 3.2285 0.152247 0.921455 0.175125 0.925220
22 7.5267 3.8813 3.2196 0.150942 0.921801 0.174190 0.925380
23 7.5018 3.8588 3.2081 0.147194 0.923367 0.168507 0.929544
24 7.4958 3.8753 3.1819 0.146190 0.924933 0.170122 0.925781
25 7.4103 3.7908 3.2012 0.142224 0.926810 0.166856 0.925941
26 7.4809 3.8415 3.1993 0.169262 0.928277 0.158282 0.933627
27 7.3525 3.7335 3.1873 0.169580 0.928811 0.155548 0.934908
28 7.5114 3.8583 3.2194 0.162546 0.929434 0.152135 0.936109
29 7.4196 3.8226 3.1764 0.163822 0.930999 0.150142 0.936429
30 7.3592 3.7338 3.1921 0.161567 0.932040 0.147678 0.937550
31 7.4802 3.8526 3.1899 0.127563 0.932511 0.155488 0.931545
32 7.3228 3.7088 3.1784 0.130688 0.933392 0.174204 0.923139
33 7.5204 3.8843 3.2140 0.150179 0.934584 0.142070 0.939392
34 7.4796 3.8418 3.2183 0.135069 0.935643 0.163771 0.927702
35 7.4818 3.8393 3.2101 0.141207 0.936496 0.148677 0.934187
36 7.4541 3.8274 3.2029 0.127528 0.936550 0.183549 0.918255
37 7.4720 3.8563 3.1826 0.145436 0.936870 0.136731 0.942194
38 7.3559 3.7663 3.1678 0.141375 0.938240 0.142805 0.937870
39 7.4617 3.8192 3.2078 0.134950 0.938507 0.162493 0.930024
40 7.4924 3.8524 3.2162 0.147622 0.938445 0.134522 0.943635
41 7.4442 3.8213 3.1846 0.134134 0.938845 0.150418 0.935548
42 7.5102 3.8742 3.1983 0.142545 0.940019 0.135812 0.942754
43 7.5003 3.8546 3.2100 0.143341 0.940499 0.136606 0.942034
44 7.4990 3.8564 3.2151 0.143769 0.940873 0.132802 0.942994
45 7.5015 3.8513 3.2150 0.143720 0.941273 0.132053 0.943395
46 7.4614 3.8200 3.2115 0.143933 0.941567 0.131060 0.943795
47 7.5075 3.8598 3.2183 0.144287 0.941727 0.130534 0.944035
48 7.4760 3.8317 3.2037 0.144762 0.941869 0.130328 0.944115
49 7.4598 3.8347 3.1969 0.145099 0.942003 0.130550 0.944195
