epoch time fwd_time bwd_time loss acc val_loss val_acc
0 7.4183 3.8049 3.1896 0.432350 0.824611 0.469820 0.818895
1 7.3868 3.7832 3.1806 0.322901 0.824611 0.348118 0.818895
2 7.5345 3.8903 3.2103 0.273958 0.826577 0.296978 0.840673
3 7.4704 3.8327 3.2188 0.220931 0.878588 0.253918 0.894155
4 7.4921 3.8565 3.2112 0.215178 0.894315 0.242983 0.897198
5 7.4493 3.8271 3.1973 0.200468 0.894760 0.233300 0.896797
6 7.4364 3.7895 3.2206 0.195862 0.899252 0.229818 0.899039
7 7.5288 3.8688 3.2394 0.191839 0.900817 0.224651 0.901441
8 7.4383 3.8231 3.1900 0.189335 0.902294 0.221782 0.903603
9 7.3947 3.7918 3.1822 0.186649 0.903886 0.220278 0.904644
10 7.5051 3.8523 3.2183 0.184526 0.904847 0.215953 0.907926
11 7.5261 3.8860 3.2161 0.183244 0.906448 0.214768 0.907286
12 7.5581 3.8723 3.2583 0.182737 0.907596 0.213421 0.907766
13 7.4266 3.8176 3.1872 0.181487 0.908681 0.213950 0.906725
14 7.4708 3.8397 3.2139 0.181057 0.909739 0.213244 0.905845
15 7.4060 3.8094 3.1704 0.177772 0.910789 0.215219 0.905524
16 7.4139 3.7848 3.2071 0.179888 0.912026 0.212342 0.906725
17 7.5139 3.8551 3.1987 0.175403 0.914401 0.193224 0.918255
18 7.5303 3.8896 3.2151 0.169520 0.915130 0.191202 0.918575
19 7.4692 3.8282 3.2114 0.169394 0.915993 0.189331 0.920416
20 7.4969 3.8512 3.2268 0.169375 0.917558 0.185098 0.923379
21 7.4671 3.8539 3.1883 0.168348 0.918750 0.183046 0.923299
22 7.3902 3.7911 3.1732 0.166659 0.920414 0.178897 0.925300
23 7.4725 3.8497 3.1924 0.164569 0.922193 0.175617 0.926101
24 7.4714 3.8441 3.1964 0.162012 0.923723 0.172272 0.927302
25 7.5195 3.8972 3.1936 0.158089 0.925075 0.167684 0.929864
26 7.4553 3.8260 3.2009 0.154574 0.926801 0.163869 0.930504
27 7.3985 3.7941 3.1773 0.150922 0.928019 0.160359 0.932346
28 7.4270 3.7857 3.2165 0.153693 0.926916 0.159521 0.931625
29 7.3946 3.7783 3.2061 0.146696 0.929336 0.156732 0.933627
30 7.4181 3.8036 3.1895 0.144001 0.930154 0.154618 0.934267
31 7.3982 3.7634 3.2051 0.141501 0.930688 0.152840 0.935308
32 7.8362 4.0283 3.3824 0.139544 0.931462 0.151279 0.935308
33 8.4929 4.5380 3.5246 0.137906 0.931729 0.149831 0.935548
34 7.4556 3.8188 3.2033 0.136484 0.932547 0.148355 0.936269
35 7.5538 3.8906 3.2403 0.135185 0.933339 0.146835 0.936829
36 7.4746 3.8227 3.2200 0.133877 0.933846 0.145381 0.938030
37 7.5380 3.8838 3.2353 0.132530 0.934397 0.144057 0.938191
38 7.4815 3.8534 3.1994 0.131211 0.934940 0.142851 0.938751
39 7.4157 3.7803 3.2183 0.129998 0.935331 0.141727 0.939712
40 7.5115 3.8855 3.2084 0.128937 0.935571 0.140655 0.940192
41 7.5854 3.9482 3.2041 0.128023 0.936061 0.139617 0.940673
42 7.4382 3.8126 3.1922 0.127241 0.936381 0.138599 0.941233
43 7.4930 3.8410 3.2165 0.126593 0.936701 0.137593 0.941313
44 7.5380 3.8814 3.2317 0.126085 0.937253 0.136600 0.941473
45 7.4991 3.8696 3.2025 0.125722 0.937484 0.135625 0.942194
46 7.5065 3.8429 3.2010 0.125562 0.938089 0.134683 0.942434
47 7.4508 3.8279 3.1967 0.127980 0.938293 0.134103 0.942274
48 7.5209 3.8559 3.2342 0.122012 0.936443 0.131650 0.943635
49 7.4458 3.8087 3.2147 0.124365 0.938996 0.132284 0.943235
