epoch time fwd_time bwd_time loss acc val_loss val_acc
0 7.5317 3.8723 3.2461 0.433689 0.817851 0.473171 0.818895
1 7.3753 3.7640 3.1843 0.434431 0.824611 0.471282 0.818895
2 7.4620 3.8301 3.2097 0.313549 0.824611 0.354256 0.818895
3 7.4340 3.8184 3.1968 0.249244 0.827805 0.291251 0.851321
4 7.4378 3.7994 3.2222 0.225911 0.878775 0.268430 0.887190
5 7.5043 3.8509 3.2020 0.212055 0.884370 0.260489 0.888951
6 7.4654 3.8408 3.2054 0.206923 0.893372 0.245361 0.899680
7 7.5274 3.8838 3.2186 0.192236 0.898024 0.230792 0.901681
8 7.5070 3.8674 3.2210 0.189016 0.900809 0.230586 0.902402
9 7.5408 3.9059 3.2064 0.185965 0.902090 0.226602 0.903122
10 7.4671 3.8195 3.2224 0.182089 0.903655 0.222050 0.904083
11 7.3897 3.7470 3.2210 0.178638 0.904678 0.217123 0.906645
12 7.4623 3.8316 3.2058 0.175994 0.906137 0.212849 0.907766
13 7.5542 3.8703 3.2536 0.175532 0.908067 0.208049 0.911129
14 7.4044 3.8130 3.1740 0.174126 0.909953 0.202262 0.914171
15 7.4689 3.8401 3.2046 0.176115 0.912648 0.200043 0.915212
16 7.4575 3.8239 3.2188 0.172829 0.914063 0.194194 0.917774
17 7.4533 3.8476 3.1987 0.172398 0.915424 0.191134 0.919055
18 7.3972 3.7941 3.1873 0.171309 0.916891 0.188344 0.920176
19 7.4370 3.8272 3.1923 0.164818 0.918457 0.186515 0.921057
20 7.4431 3.8173 3.1988 0.163047 0.921401 0.181454 0.923539
21 7.4591 3.8156 3.2180 0.159829 0.923171 0.176140 0.925861
22 7.3545 3.7285 3.2067 0.156114 0.923429 0.175711 0.926261
23 7.4875 3.8589 3.2045 0.154226 0.925137 0.169414 0.928983
24 7.5007 3.8637 3.2151 0.152443 0.926489 0.165451 0.930184
25 7.6058 3.9705 3.2205 0.149764 0.927806 0.161271 0.931946
26 7.4556 3.8323 3.2069 0.146953 0.929345 0.157323 0.933387
27 7.4704 3.8443 3.1966 0.148466 0.929354 0.156369 0.934027
28 7.5058 3.8634 3.2162 0.142730 0.931773 0.151358 0.936189
29 7.5254 3.8456 3.2545 0.140048 0.932369 0.148635 0.937710
30 7.4503 3.8176 3.1760 0.139110 0.932921 0.146592 0.938751
31 7.4396 3.8298 3.1933 0.138100 0.933739 0.144948 0.939552
32 7.3918 3.7621 3.2041 0.136337 0.934362 0.143220 0.940032
33 7.4941 3.8864 3.1874 0.136025 0.935002 0.142302 0.940192
34 7.4967 3.8530 3.1914 0.134606 0.935260 0.140955 0.940993
35 7.4110 3.7553 3.2461 0.133306 0.936052 0.139734 0.941233
36 7.4186 3.8079 3.1965 0.132623 0.936345 0.138695 0.941713
37 7.4263 3.8142 3.1855 0.131852 0.936754 0.137751 0.941954
38 7.5235 3.9168 3.1903 0.131198 0.937235 0.136925 0.941954
39 7.4137 3.8107 3.1866 0.130583 0.937769 0.136258 0.942354
40 7.5189 3.8771 3.2148 0.129934 0.938124 0.135740 0.942274
41 7.4182 3.7654 3.2257 0.129308 0.938373 0.135259 0.941873
42 7.3837 3.7557 3.2031 0.128741 0.938676 0.134777 0.942194
43 7.4917 3.8253 3.2444 0.128224 0.938987 0.134316 0.942434
44 7.4368 3.8401 3.1746 0.127753 0.939218 0.133884 0.942594
45 7.4695 3.8163 3.2356 0.127312 0.939574 0.133494 0.942434
46 7.5275 3.8814 3.2295 0.126890 0.939797 0.133145 0.942914
47 7.3823 3.7738 3.1869 0.126497 0.939957 0.132811 0.942834
48 7.5098 3.8703 3.2157 0.126123 0.940277 0.132493 0.942914
49 7.4681 3.8343 3.2025 0.125813 0.940579 0.132122 0.943155
