epoch time fwd_time bwd_time loss acc val_loss val_acc
0 7.4920 3.8015 3.2183 0.441015 0.820733 0.469964 0.818895
1 7.4456 3.7983 3.2167 0.328805 0.824611 0.361603 0.818895
2 7.5258 3.8717 3.2254 0.307471 0.824611 0.336256 0.818895
3 7.5373 3.8806 3.2309 0.247291 0.850034 0.260072 0.888711
4 7.4995 3.8563 3.2174 0.202846 0.885357 0.246062 0.894796
5 7.3799 3.7669 3.1820 0.195571 0.896103 0.229027 0.903203
6 7.4994 3.8599 3.2093 0.190470 0.900809 0.219581 0.902962
7 7.4590 3.8157 3.2130 0.182730 0.905870 0.211253 0.912890
8 7.4045 3.7683 3.2139 0.181361 0.909757 0.202456 0.917534
9 7.4525 3.8050 3.2094 0.163693 0.914409 0.193363 0.913611
10 7.4659 3.8027 3.2337 0.163879 0.913725 0.196233 0.917534
11 7.4708 3.8157 3.2349 0.173731 0.911100 0.184655 0.921617
12 7.5295 3.9072 3.2022 0.147649 0.919684 0.168033 0.927942
13 7.5204 3.8468 3.2436 0.179088 0.896637 0.196878 0.917214
14 7.5293 3.8741 3.2263 0.146765 0.920618 0.168301 0.926421
15 7.4928 3.8344 3.2210 0.149357 0.921882 0.165281 0.928503
16 7.3975 3.7712 3.2042 0.132521 0.926276 0.157832 0.930985
17 7.4646 3.8274 3.2123 0.132059 0.925787 0.155006 0.931865
18 7.4891 3.8325 3.2263 0.140240 0.926222 0.155483 0.932426
19 7.5390 3.8775 3.2286 0.122210 0.931826 0.149030 0.933227
20 7.5129 3.8628 3.2305 0.128859 0.929398 0.179681 0.923299
21 7.8228 3.9878 3.4009 0.117751 0.934531 0.147289 0.934828
22 7.4851 3.8184 3.2374 0.111961 0.934139 0.143946 0.936349
23 7.5210 3.8572 3.2245 0.108585 0.934584 0.141149 0.937150
24 7.5178 3.8701 3.2177 0.108980 0.936559 0.137773 0.938991
25 7.4769 3.8265 3.1821 0.090634 0.941620 0.125605 0.945797
26 7.5625 3.8595 3.2729 0.093881 0.940668 0.127826 0.945957
27 7.4222 3.8085 3.1841 0.082430 0.944556 0.127311 0.945076
28 7.5014 3.8549 3.2138 0.097433 0.945356 0.133159 0.943315
29 7.5141 3.8758 3.2045 0.074356 0.943977 0.116649 0.950600
30 7.3687 3.7684 3.1816 0.110555 0.945481 0.159200 0.931145
31 7.4158 3.8019 3.1853 0.069747 0.946664 0.116330 0.950520
32 7.4309 3.8012 3.1920 0.082560 0.942261 0.120173 0.947878
33 7.4497 3.8331 3.1858 0.074880 0.945988 0.130151 0.944115
34 7.4558 3.8124 3.2165 0.076749 0.938320 0.132392 0.944596
35 7.5333 3.8661 3.2312 0.071474 0.949528 0.115061 0.952602
36 7.5828 3.8755 3.2742 0.066870 0.950213 0.108702 0.954684
37 7.5633 3.9059 3.2284 0.067338 0.951263 0.107995 0.955324
38 7.4315 3.8103 3.1866 0.067768 0.951912 0.108030 0.956605
39 7.4490 3.7975 3.2212 0.066093 0.952686 0.107440 0.957006
40 7.4636 3.8292 3.2037 0.065166 0.953353 0.106540 0.957486
41 7.4040 3.7876 3.1986 0.064734 0.953602 0.105857 0.957326
42 7.4625 3.8338 3.2022 0.064518 0.953842 0.105217 0.958046
43 7.6038 3.9159 3.2528 0.064375 0.953922 0.104539 0.957886
44 7.5650 3.9221 3.2036 0.064248 0.954198 0.103881 0.957646
45 7.4954 3.8610 3.2115 0.064095 0.954349 0.103265 0.957246
46 7.3578 3.7930 3.1369 0.063862 0.954421 0.102655 0.957326
47 7.5380 3.8968 3.2078 0.063484 0.954572 0.102000 0.957486
48 7.5097 3.8582 3.2120 0.062881 0.954776 0.101258 0.958046
49 7.4189 3.7845 3.2120 0.061991 0.955008 0.100444 0.958527
