epoch time fwd_time bwd_time loss acc val_loss val_acc
0 12.8803 5.9357 6.5427 0.468839 0.788248 0.461711 0.825861
1 12.9799 5.8881 6.6693 0.474587 0.823838 0.466543 0.825861
2 13.1135 5.8840 6.7811 0.403286 0.823838 0.385651 0.825701
3 13.1125 6.0104 6.6769 0.374965 0.824229 0.352737 0.826421
4 12.9676 5.9162 6.6283 0.355032 0.825332 0.350127 0.826421
5 12.9355 5.9335 6.5854 0.311893 0.831710 0.301760 0.854844
6 12.9500 6.0091 6.5326 0.337087 0.847490 0.336440 0.830584
7 13.0175 5.9248 6.6782 0.308299 0.838577 0.307857 0.851962
8 13.0604 5.9231 6.7158 0.225256 0.877912 0.240882 0.892634
9 12.9684 5.9029 6.6452 0.179519 0.899688 0.199547 0.916894
10 12.9684 5.9418 6.6155 0.172998 0.913360 0.217815 0.903363
11 13.0331 5.9139 6.7033 0.164603 0.914988 0.191510 0.918415
12 12.8634 5.8902 6.5561 0.161116 0.917994 0.184104 0.922338
13 13.0425 5.9967 6.6212 0.158258 0.920529 0.193016 0.913771
14 12.9315 5.9287 6.5885 0.156779 0.921544 0.175824 0.925060
15 13.0511 5.8508 6.7858 0.155136 0.923216 0.174782 0.925300
16 13.1290 6.0251 6.6759 0.154092 0.923865 0.177209 0.923619
17 13.0748 5.8439 6.8155 0.153816 0.924648 0.175882 0.923699
18 12.9511 5.8437 6.6918 0.153536 0.925537 0.174116 0.924580
19 12.9476 5.9636 6.5633 0.153251 0.926240 0.172150 0.925220
20 12.9795 5.9606 6.5860 0.152802 0.926614 0.170410 0.926261
21 12.9529 5.9336 6.5955 0.152231 0.927094 0.168878 0.926821
22 12.9910 5.9348 6.6428 0.151586 0.927432 0.167529 0.927542
23 12.9372 5.8893 6.5851 0.150793 0.927761 0.166288 0.928663
24 13.1397 5.8902 6.8311 0.149861 0.928064 0.164955 0.929624
25 12.9939 5.9127 6.6658 0.148683 0.928171 0.163000 0.929704
26 12.9849 5.9166 6.6523 0.141587 0.929247 0.156184 0.933867
27 12.9231 5.9482 6.5491 0.110063 0.939227 0.157346 0.934828
28 12.9593 5.8637 6.6833 0.104982 0.944031 0.121677 0.948999
29 12.9462 5.8943 6.6318 0.104236 0.946602 0.143144 0.940112
30 13.0321 5.9424 6.6666 0.105267 0.947126 0.139882 0.941633
31 13.1008 6.0053 6.6742 0.104598 0.947367 0.141255 0.941713
32 12.9050 5.9564 6.5292 0.103403 0.948390 0.141755 0.940833
33 12.9882 5.9419 6.6226 0.104410 0.948541 0.139752 0.941233
34 12.9510 5.9078 6.6270 0.104348 0.948923 0.140410 0.941393
35 13.0241 5.9341 6.6690 0.104152 0.949190 0.140299 0.941793
36 12.8639 5.8533 6.6001 0.104073 0.949768 0.140143 0.941954
37 13.0840 5.8476 6.8249 0.103756 0.950133 0.139704 0.942274
38 13.0090 5.8949 6.6972 0.103545 0.950453 0.139263 0.942754
39 13.1123 6.0803 6.6001 0.103251 0.950747 0.138432 0.942674
40 13.0085 6.0077 6.5687 0.101473 0.950871 0.139100 0.942834
41 13.1042 5.9710 6.7169 0.102327 0.951352 0.136824 0.943155
42 13.0573 5.9306 6.7072 0.098981 0.951138 0.115977 0.951801
43 13.0732 6.0355 6.6185 0.100540 0.950978 0.122122 0.950600
44 13.0345 5.9864 6.6268 0.103322 0.950720 0.127023 0.947798
45 12.9173 5.8991 6.5974 0.100854 0.951610 0.117697 0.951801
46 13.0388 5.9085 6.7093 0.100124 0.951734 0.115805 0.952922
47 12.9406 5.9896 6.5285 0.106363 0.950934 0.119211 0.951241
48 13.0837 6.0025 6.6673 0.111030 0.950409 0.115937 0.951001
49 12.8344 5.8401 6.5873 0.101352 0.952490 0.121214 0.950280
