epoch time fwd_time bwd_time loss acc val_loss val_acc
0 12.8715 5.6734 6.7936 0.508240 0.703911 0.494561 0.826982
1 12.6615 5.5761 6.6704 0.466209 0.823713 0.459047 0.826982
2 12.6584 5.5894 6.6580 0.465976 0.823713 0.458594 0.826982
3 12.9813 5.7579 6.8075 0.465824 0.823713 0.458377 0.826982
4 12.7153 5.6015 6.7054 0.465635 0.823713 0.458130 0.826982
5 12.7974 5.6694 6.7331 0.465347 0.823713 0.457786 0.826982
6 12.7354 5.6259 6.6888 0.464698 0.823713 0.457075 0.826982
7 12.8504 5.7193 6.7212 0.448742 0.823713 0.437129 0.826982
8 12.7803 5.6543 6.7149 0.381667 0.823713 0.376212 0.826982
9 12.8177 5.7576 6.6458 0.355617 0.824096 0.343210 0.827462
10 12.7881 5.7426 6.6320 0.321917 0.830100 0.313399 0.843475
11 12.8571 5.7341 6.7127 0.285287 0.860611 0.285049 0.868855
12 12.8884 5.7233 6.7551 0.259243 0.882822 0.258426 0.898719
13 12.6539 5.6110 6.6298 0.251583 0.891024 0.245823 0.897838
14 12.7849 5.6324 6.7301 0.245282 0.894920 0.238643 0.902162
15 12.8155 5.7170 6.6963 0.244177 0.895970 0.234679 0.905364
16 12.9832 5.7808 6.7390 0.241889 0.898184 0.231912 0.904163
17 12.7016 5.6463 6.6511 0.241575 0.899314 0.229395 0.905925
18 12.8245 5.6976 6.7292 0.241566 0.899706 0.227104 0.907446
19 12.8648 5.7561 6.6921 0.240808 0.900115 0.225261 0.908327
20 12.8458 5.7994 6.6350 0.239224 0.900693 0.223773 0.908407
21 12.7276 5.6605 6.6493 0.237712 0.901316 0.222252 0.909848
22 12.7853 5.6889 6.6888 0.236670 0.901912 0.220846 0.910248
23 12.7762 5.6741 6.6807 0.235311 0.902321 0.219445 0.910568
24 12.8688 5.7501 6.7081 0.234139 0.902730 0.218105 0.910889
25 13.0124 5.7907 6.8043 0.232776 0.903041 0.216749 0.911049
26 12.7567 5.6226 6.7253 0.231550 0.903335 0.215396 0.911689
27 12.7908 5.6056 6.7724 0.230263 0.903797 0.214009 0.912250
28 12.9078 5.7704 6.7205 0.229038 0.904571 0.212582 0.912490
29 12.8184 5.6903 6.7051 0.227851 0.905043 0.211108 0.913050
30 12.7966 5.7140 6.6654 0.226743 0.905399 0.209597 0.913771
31 12.8509 5.7140 6.7289 0.225743 0.905674 0.208067 0.914572
32 12.7445 5.6784 6.6534 0.224852 0.905817 0.206538 0.914171
33 12.8299 5.6415 6.7678 0.223958 0.906582 0.205004 0.914572
34 12.8764 5.7274 6.7366 0.222930 0.907195 0.203425 0.915693
35 12.7857 5.7051 6.6651 0.221866 0.907987 0.201779 0.916013
36 12.8878 5.7260 6.7469 0.220928 0.908805 0.200095 0.916253
37 12.8231 5.6513 6.7507 0.220126 0.909357 0.198428 0.917134
38 12.9128 5.7387 6.7496 0.219353 0.909971 0.196849 0.917054
39 12.8784 5.7374 6.7223 0.218323 0.910789 0.195445 0.917774
40 12.8701 5.7453 6.7044 0.216557 0.911287 0.194208 0.918094
41 12.8954 5.6950 6.7870 0.214425 0.912070 0.192795 0.918575
42 12.7916 5.6849 6.6835 0.212869 0.913013 0.191118 0.919776
43 12.7425 5.7131 6.6128 0.211910 0.913796 0.189342 0.920737
44 12.7560 5.6822 6.6579 0.211344 0.914943 0.187650 0.922898
45 12.9962 5.6674 6.8735 0.209118 0.916527 0.183454 0.924980
46 12.8867 5.6404 6.8320 0.207548 0.917327 0.181604 0.925140
47 12.8122 5.6907 6.7072 0.205438 0.918261 0.179697 0.925460
48 12.6553 5.6496 6.5908 0.204629 0.919249 0.178190 0.926581
49 12.7123 5.6856 6.6216 0.203492 0.920645 0.175824 0.927782
