epoch time fwd_time bwd_time loss acc val_loss val_acc
0 12.8294 5.6626 6.7475 0.492658 0.648752 0.479856 0.826982
1 12.6682 5.6400 6.6313 0.465821 0.823713 0.458637 0.826982
2 12.9749 5.7755 6.7794 0.465724 0.823713 0.458465 0.826982
3 12.7323 5.6792 6.6373 0.465614 0.823713 0.458305 0.826982
4 12.6631 5.6113 6.6447 0.465462 0.823713 0.458108 0.826982
5 12.8683 5.7553 6.6921 0.465204 0.823713 0.457816 0.826982
6 12.6887 5.6535 6.6229 0.464271 0.823713 0.456963 0.826982
7 12.7896 5.6660 6.7057 0.409146 0.823713 0.404607 0.826982
8 12.7106 5.7001 6.5945 0.340679 0.824362 0.325980 0.831385
9 12.9339 5.7667 6.7537 0.266598 0.854722 0.268807 0.877742
10 12.7980 5.7604 6.6211 0.255918 0.890463 0.240318 0.901121
11 13.0111 5.9024 6.6817 0.247840 0.895178 0.234631 0.900240
12 12.8141 5.7707 6.6243 0.245972 0.897242 0.229250 0.903923
13 12.6983 5.6483 6.6331 0.243824 0.898887 0.226764 0.903042
14 12.9606 5.7348 6.8032 0.241660 0.900889 0.222985 0.904884
15 12.7898 5.5963 6.7833 0.239490 0.901520 0.220605 0.905765
16 12.7068 5.5996 6.6880 0.237157 0.902267 0.217714 0.906805
17 12.8982 5.7148 6.7635 0.234649 0.903228 0.215287 0.907526
18 12.8775 5.6609 6.8080 0.231994 0.904198 0.212789 0.908487
19 12.8502 5.6817 6.7563 0.229155 0.904980 0.210446 0.909367
20 12.6718 5.6658 6.5874 0.226597 0.905897 0.208157 0.910408
21 12.9521 5.7484 6.7438 0.224841 0.906502 0.205592 0.911849
22 12.9158 5.6823 6.8129 0.223039 0.907293 0.203666 0.912890
23 12.8101 5.6510 6.7478 0.221672 0.907782 0.200325 0.914091
24 12.8791 5.7617 6.6929 0.221378 0.909179 0.196633 0.917454
25 12.8687 5.6980 6.7534 0.220413 0.910647 0.194257 0.919376
26 12.7930 5.6469 6.7401 0.224062 0.911323 0.196094 0.920897
27 12.5722 5.5942 6.5693 0.212923 0.912381 0.198352 0.916413
28 12.7243 5.6560 6.6558 0.208679 0.914169 0.191452 0.920897
29 12.8594 5.8069 6.6281 0.220318 0.915788 0.188525 0.920897
30 12.7338 5.7091 6.6105 0.207063 0.916393 0.190479 0.921297
31 12.7513 5.6941 6.6428 0.207637 0.918466 0.184852 0.924099
32 12.9084 5.8438 6.6514 0.207072 0.919017 0.181119 0.925060
33 12.7796 5.6920 6.6713 0.203291 0.919898 0.177265 0.925941
34 12.8055 5.7024 6.6852 0.200510 0.921570 0.174145 0.928022
35 12.8345 5.7101 6.6994 0.198684 0.921944 0.171726 0.928663
36 12.8755 5.7473 6.7060 0.195476 0.923856 0.172587 0.926661
37 12.7140 5.6117 6.6933 0.193796 0.924248 0.173147 0.925540
38 12.8309 5.6969 6.7050 0.192988 0.925013 0.170394 0.927062
39 12.9001 5.7343 6.7459 0.192492 0.926107 0.168280 0.927782
40 12.8210 5.6458 6.7615 0.191052 0.926827 0.167576 0.927942
41 12.7842 5.6225 6.7536 0.186850 0.927886 0.166293 0.928102
42 12.7110 5.6342 6.6602 0.182359 0.928642 0.165543 0.928022
43 12.8293 5.6839 6.7277 0.178760 0.929291 0.164845 0.928983
44 12.7286 5.7042 6.6118 0.175773 0.929994 0.163280 0.929784
45 12.7740 5.7155 6.6380 0.173135 0.930795 0.160848 0.931065
46 12.5569 5.5808 6.5703 0.170859 0.931417 0.158053 0.932106
47 12.8380 5.6393 6.7830 0.168979 0.932289 0.155434 0.933227
48 12.8924 5.8210 6.6542 0.167227 0.933401 0.153400 0.934267
49 12.7774 5.6817 6.6863 0.165335 0.933997 0.151665 0.935068
