epoch time fwd_time bwd_time loss acc val_loss val_acc
0 12.8263 5.6049 6.8137 0.475526 0.793211 0.457779 0.826982
1 12.8952 5.6652 6.8147 0.455119 0.823713 0.449833 0.826982
2 12.7903 5.6941 6.6844 0.382845 0.823713 0.362725 0.826982
3 12.6792 5.6443 6.6264 0.370930 0.823829 0.350594 0.827942
4 12.7992 5.7097 6.6787 0.359891 0.824327 0.340786 0.827542
5 12.8459 5.7193 6.6711 0.341705 0.825457 0.320219 0.837150
6 12.8463 5.7041 6.7234 0.280592 0.858378 0.248724 0.896237
7 12.7785 5.6548 6.7133 0.259489 0.886914 0.231759 0.905124
8 12.6385 5.6314 6.5935 0.266796 0.895062 0.226020 0.907686
9 12.6633 5.6194 6.6318 0.237183 0.899465 0.211171 0.911129
10 12.6583 5.6302 6.6183 0.239138 0.905043 0.200041 0.915052
11 12.7647 5.6492 6.7030 0.219594 0.909348 0.195867 0.912490
12 12.7676 5.6641 6.6929 0.207773 0.911714 0.184152 0.919936
13 12.9030 5.8004 6.6920 0.218063 0.913769 0.177082 0.927382
14 12.7604 5.6797 6.6693 0.211510 0.917834 0.189268 0.924980
15 12.7402 5.6225 6.7076 0.198880 0.920005 0.179551 0.920897
16 12.8610 5.6836 6.7579 0.233213 0.920343 0.168624 0.927702
17 12.8409 5.6668 6.7559 0.185267 0.925671 0.165298 0.928343
18 12.7024 5.6148 6.6734 0.188165 0.926045 0.163839 0.931385
19 12.7858 5.6472 6.7196 0.174937 0.928366 0.153818 0.934027
20 12.8736 5.6685 6.7918 0.173900 0.929336 0.147559 0.937550
21 12.9750 5.8276 6.7331 0.165335 0.933401 0.141975 0.940272
22 12.6979 5.6256 6.6496 0.179941 0.933054 0.147347 0.939392
23 12.8672 5.7652 6.6770 0.153647 0.937137 0.138386 0.940272
24 12.8305 5.7260 6.6927 0.148747 0.937902 0.133161 0.943155
25 12.8976 5.7407 6.7340 0.143404 0.940579 0.122082 0.948118
26 12.6959 5.6450 6.6363 0.136588 0.945134 0.115025 0.951962
27 12.5980 5.5671 6.6182 0.139857 0.945614 0.114743 0.952442
28 12.9434 5.7626 6.7650 0.131796 0.945561 0.108284 0.955645
29 12.7522 5.7200 6.6197 0.130327 0.946521 0.106506 0.956765
30 12.8904 5.7292 6.7097 0.143560 0.949662 0.104048 0.957486
31 12.7586 5.6671 6.6706 0.131429 0.950435 0.103176 0.957326
32 12.7151 5.6786 6.6224 0.122625 0.951574 0.101688 0.957966
33 12.9067 5.7838 6.6998 0.131730 0.952054 0.100194 0.958287
34 12.7696 5.6996 6.6472 0.119520 0.952686 0.098669 0.959408
35 12.8119 5.7242 6.6723 0.122899 0.953335 0.100557 0.960689
36 12.8868 5.6748 6.7924 0.122559 0.955372 0.096420 0.960288
37 12.9032 5.7857 6.7015 0.118613 0.953833 0.097938 0.961809
38 12.8723 5.7148 6.7057 0.122804 0.956057 0.101758 0.961089
39 12.6652 5.6307 6.6192 0.119329 0.952499 0.098575 0.962370
40 12.7135 5.6392 6.6603 0.121408 0.952988 0.098126 0.961729
41 12.7809 5.6657 6.7058 0.120076 0.950791 0.099372 0.961329
42 12.7375 5.6565 6.6647 0.124116 0.955755 0.109791 0.956045
43 12.7084 5.6082 6.6795 0.112994 0.957365 0.094163 0.963811
44 12.9025 5.6749 6.8088 0.111746 0.956635 0.092796 0.963010
45 12.7839 5.6381 6.7298 0.114409 0.956796 0.092223 0.964211
46 12.8007 5.6972 6.6849 0.116004 0.957329 0.095950 0.963731
47 12.7280 5.6170 6.6855 0.113662 0.956956 0.091886 0.965412
48 12.8699 5.6828 6.7713 0.109364 0.957142 0.090205 0.963891
49 12.8096 5.6920 6.7032 0.110249 0.956297 0.089847 0.964051
