epoch time fwd_time bwd_time loss acc val_loss val_acc
0 12.8894 5.6797 6.8022 0.476380 0.822103 0.460307 0.826982
1 12.8046 5.7020 6.6932 0.466091 0.823713 0.458811 0.826982
2 12.8692 5.6727 6.7746 0.465780 0.823713 0.458361 0.826982
3 12.8174 5.7336 6.6728 0.465460 0.823713 0.457915 0.826982
4 12.7933 5.6812 6.6952 0.465048 0.823713 0.457380 0.826982
5 12.7934 5.7422 6.6284 0.464400 0.823713 0.456591 0.826982
6 12.8758 5.6962 6.7598 0.462843 0.823713 0.454907 0.826982
7 12.7752 5.6510 6.7089 0.434483 0.823713 0.432966 0.826982
8 12.7785 5.6492 6.7009 0.365513 0.823722 0.351250 0.826982
9 12.9535 5.6312 6.9110 0.333504 0.827191 0.327133 0.835709
10 12.8768 5.7472 6.7167 0.308998 0.864916 0.283058 0.873179
11 12.9327 5.7031 6.8081 0.258024 0.887412 0.254327 0.896717
12 12.8428 5.6616 6.7496 0.249496 0.892242 0.242552 0.900160
13 12.6599 5.6622 6.5869 0.246367 0.896459 0.227942 0.904564
14 12.6418 5.6299 6.5958 0.239132 0.898665 0.224648 0.904404
15 12.6200 5.5749 6.6320 0.235133 0.900150 0.217282 0.905685
16 12.6307 5.6402 6.5755 0.232962 0.901894 0.212182 0.906565
17 12.6089 5.5806 6.6167 0.229099 0.904215 0.208431 0.907526
18 12.9170 5.8433 6.6470 0.224897 0.905941 0.203985 0.909528
19 12.7639 5.6549 6.6472 0.221470 0.908227 0.199681 0.912410
20 12.8199 5.6235 6.7833 0.217859 0.910638 0.195058 0.914572
21 12.6770 5.6362 6.6335 0.215194 0.913049 0.191927 0.915853
22 12.8231 5.7345 6.6739 0.212324 0.914970 0.189654 0.916333
23 12.7680 5.6594 6.6986 0.209918 0.916829 0.188162 0.917854
24 12.7721 5.6628 6.6942 0.205842 0.918448 0.188347 0.916013
25 12.9173 5.7063 6.7864 0.203748 0.919880 0.186101 0.917534
26 12.8431 5.7317 6.6975 0.203060 0.920814 0.182943 0.919295
27 12.8956 5.8060 6.6695 0.203000 0.921748 0.179782 0.920336
28 12.8370 5.7357 6.6707 0.202748 0.922842 0.177166 0.922178
29 12.8333 5.7196 6.6978 0.201596 0.923927 0.175079 0.923139
30 12.7062 5.6073 6.6830 0.200109 0.924568 0.173023 0.924019
31 12.8904 5.7966 6.6794 0.198815 0.925119 0.170722 0.926181
32 12.8926 5.6959 6.7780 0.197384 0.925315 0.168621 0.927062
33 12.6704 5.6186 6.6362 0.195892 0.925902 0.166999 0.928263
34 12.8310 5.7090 6.6963 0.194421 0.926783 0.165775 0.929143
35 12.9230 5.7189 6.7850 0.192977 0.927361 0.164753 0.930024
36 12.8484 5.6013 6.8252 0.191586 0.928028 0.163829 0.930344
37 12.8153 5.5756 6.8218 0.190267 0.928473 0.162948 0.930745
38 12.9417 5.6994 6.8218 0.189022 0.928989 0.162079 0.931225
39 13.0164 5.8341 6.7685 0.187844 0.929523 0.161197 0.932026
40 12.8652 5.7017 6.7460 0.186718 0.929861 0.160290 0.932586
41 12.6871 5.6617 6.6031 0.185627 0.930163 0.159357 0.932586
42 12.6321 5.6260 6.5961 0.184554 0.930394 0.158401 0.932666
43 12.9121 5.6618 6.8309 0.183487 0.930981 0.157432 0.933147
44 12.7523 5.6908 6.6483 0.182417 0.931417 0.156458 0.934428
45 12.9524 5.7141 6.8192 0.181338 0.931791 0.155490 0.934267
46 12.7074 5.7015 6.5881 0.180247 0.932013 0.154534 0.934347
47 12.9907 5.6869 6.8815 0.179142 0.932529 0.153590 0.934668
48 12.8835 5.7254 6.7076 0.178019 0.932760 0.152656 0.935148
49 12.9168 5.6538 6.8437 0.176875 0.933045 0.151728 0.935468
