epoch time fwd_time bwd_time loss acc val_loss val_acc
0 13.1577 5.9872 6.7684 0.471662 0.823838 0.464577 0.825861
1 12.9938 5.9514 6.6283 0.470035 0.823838 0.462692 0.825861
2 12.9841 5.9175 6.6562 0.468197 0.823838 0.460853 0.825861
3 13.0017 5.9374 6.6448 0.425043 0.823838 0.411873 0.825861
4 13.0391 5.9451 6.6745 0.373705 0.823749 0.365389 0.825060
5 12.9938 6.0082 6.5672 0.358293 0.824958 0.349474 0.826421
6 13.0271 5.9431 6.6674 0.352223 0.825110 0.340720 0.826501
7 13.0080 5.9537 6.6376 0.328549 0.827654 0.325791 0.830344
8 13.1969 6.0455 6.7308 0.275154 0.847828 0.283207 0.875020
9 12.9337 5.9324 6.5827 0.246626 0.888151 0.230393 0.903523
10 12.9496 5.8850 6.6422 0.190214 0.908263 0.199501 0.922098
11 13.0046 5.9395 6.6535 0.169251 0.922558 0.183004 0.927542
12 13.1258 6.0899 6.6044 0.163484 0.925520 0.173802 0.929143
13 12.8674 5.8987 6.5439 0.158044 0.928251 0.168110 0.930665
14 13.0036 6.0472 6.5413 0.155592 0.929558 0.166622 0.930985
15 12.9871 5.9504 6.6192 0.153034 0.930510 0.164614 0.931946
16 12.9268 5.9030 6.6074 0.150950 0.931008 0.159332 0.935468
17 13.0156 5.9013 6.6980 0.147596 0.932173 0.157436 0.935709
18 12.9941 5.9412 6.6350 0.145051 0.932805 0.155366 0.936349
19 12.9329 5.8021 6.7213 0.141917 0.933872 0.153912 0.936269
20 13.0833 5.9795 6.6783 0.139117 0.934744 0.152126 0.937550
21 13.2718 6.0847 6.7637 0.136705 0.935723 0.150069 0.938191
22 13.0058 5.8565 6.7288 0.134494 0.936621 0.147982 0.938911
23 12.8670 5.8766 6.5730 0.132384 0.937288 0.145886 0.939952
24 12.9909 6.0008 6.5440 0.130337 0.938213 0.143775 0.941233
25 12.9978 5.9397 6.6374 0.128335 0.938907 0.141670 0.941633
26 12.9442 5.9611 6.5602 0.126365 0.939592 0.139612 0.942194
27 12.8717 5.8695 6.5882 0.124423 0.940366 0.137631 0.942514
28 13.0662 6.0287 6.5788 0.122519 0.940971 0.135725 0.943795
29 12.8835 5.8799 6.5829 0.120654 0.941780 0.133858 0.944756
30 13.0003 5.9515 6.6267 0.118768 0.942519 0.132014 0.945957
31 13.0480 5.9798 6.6514 0.116816 0.943328 0.130282 0.946677
32 12.9754 5.9672 6.5457 0.114946 0.944129 0.128834 0.946918
33 12.9504 5.9613 6.5741 0.113433 0.944734 0.127710 0.947718
34 12.8912 5.9064 6.5595 0.112412 0.945080 0.126591 0.948359
35 13.0198 5.9352 6.6685 0.111638 0.945703 0.125303 0.949079
36 13.0214 5.8983 6.6985 0.110858 0.946290 0.124087 0.949720
37 13.0296 6.0612 6.5471 0.110015 0.946824 0.122970 0.950360
38 12.7836 5.8256 6.5443 0.109132 0.947295 0.121899 0.950520
39 13.1450 5.9446 6.7739 0.108269 0.947767 0.120847 0.950841
40 12.8734 5.9425 6.5097 0.107468 0.948354 0.119827 0.950761
41 12.9623 5.9033 6.6300 0.106740 0.948834 0.118863 0.950841
42 13.0201 5.9779 6.6222 0.106088 0.949128 0.117969 0.951481
43 13.0232 5.9530 6.6421 0.105511 0.949546 0.117152 0.951641
44 13.0498 6.0119 6.6253 0.105003 0.949875 0.116413 0.951882
45 13.0394 5.9569 6.6696 0.104550 0.950275 0.115753 0.952362
46 12.9276 5.8352 6.6661 0.104139 0.950658 0.115163 0.952282
47 12.9952 5.9328 6.6411 0.103758 0.950907 0.114637 0.952602
48 12.9356 6.0154 6.4994 0.103397 0.951165 0.114168 0.952842
49 13.0113 5.9204 6.6776 0.103050 0.951387 0.113744 0.952842
