epoch time fwd_time bwd_time loss acc val_loss val_acc
0 12.9366 5.9135 6.6128 0.468447 0.775020 0.461362 0.825861
1 12.9943 5.9250 6.6483 0.462298 0.823838 0.455256 0.825861
2 12.9590 5.8549 6.6937 0.393700 0.823838 0.375048 0.825861
3 13.0158 5.9505 6.6558 0.364332 0.823838 0.359499 0.825861
4 13.0245 5.9634 6.6321 0.360088 0.823838 0.350498 0.825861
5 12.7905 5.8292 6.5455 0.365655 0.823900 0.348998 0.825941
6 13.0389 5.9648 6.6538 0.392564 0.828383 0.378733 0.825861
7 12.9047 5.9367 6.5400 0.400765 0.829362 0.390694 0.825861
8 12.8471 5.8783 6.5462 0.341835 0.824558 0.334288 0.827862
9 12.9887 5.9239 6.5994 0.231801 0.861723 0.251823 0.896077
10 13.0144 5.9574 6.6431 0.185049 0.904064 0.193288 0.915052
11 12.9578 5.9773 6.5685 0.167558 0.914409 0.206739 0.904964
12 12.8520 5.8822 6.5599 0.163198 0.920102 0.190793 0.912890
13 13.0167 5.9507 6.6491 0.161629 0.923474 0.181958 0.917374
14 13.0232 6.0139 6.5791 0.170506 0.924950 0.167269 0.928183
15 12.9817 5.9200 6.6417 0.171091 0.926151 0.163287 0.928263
16 12.8461 5.8484 6.5823 0.169291 0.926925 0.162386 0.928983
17 12.8329 5.8548 6.5569 0.168811 0.927628 0.161432 0.930264
18 12.8111 5.8555 6.5451 0.168317 0.927975 0.160873 0.930665
19 13.0660 5.9715 6.6600 0.167830 0.928010 0.160592 0.931785
20 12.9588 5.9381 6.5908 0.167259 0.928340 0.160516 0.932346
21 13.0413 6.0348 6.5915 0.166624 0.928509 0.160510 0.932586
22 13.1202 5.9060 6.7962 0.165992 0.928793 0.160474 0.932346
23 13.0806 5.9969 6.6542 0.165356 0.928998 0.160431 0.931785
24 13.0700 5.8767 6.7751 0.164667 0.929229 0.160430 0.931865
25 13.0218 6.0032 6.5999 0.163853 0.929185 0.160510 0.932186
26 12.9147 5.9273 6.5760 0.162785 0.929327 0.160709 0.931705
27 12.9578 5.9662 6.5729 0.161236 0.929496 0.161000 0.931705
28 12.8807 5.8604 6.5979 0.159094 0.929380 0.161082 0.931865
29 12.9853 6.0240 6.5469 0.157033 0.929336 0.160533 0.931946
30 12.8816 5.8595 6.6012 0.155738 0.929434 0.159729 0.931865
31 12.9274 5.8585 6.6522 0.154918 0.929692 0.159018 0.931865
32 13.0262 5.9171 6.6853 0.154315 0.929798 0.158418 0.931865
33 12.8135 5.8490 6.5533 0.153797 0.929861 0.157905 0.932106
34 12.8060 5.8271 6.5623 0.153261 0.930039 0.157466 0.932426
35 13.1636 5.9623 6.7794 0.152621 0.930074 0.157120 0.932586
36 12.9682 5.8748 6.6713 0.151890 0.930216 0.156836 0.933227
37 12.9418 5.8946 6.6365 0.151446 0.930199 0.156575 0.933227
38 13.0635 5.9795 6.6164 0.151007 0.930127 0.156186 0.933307
39 12.7623 5.8371 6.5075 0.150093 0.929870 0.155604 0.933307
40 13.0098 6.0425 6.5432 0.149828 0.929870 0.155157 0.933227
41 12.8675 5.8781 6.5694 0.150223 0.929754 0.154999 0.933387
42 13.0923 5.9590 6.6754 0.151365 0.929620 0.154849 0.933707
43 12.7806 5.8191 6.5455 0.152929 0.929238 0.154844 0.934187
44 12.8816 5.8299 6.6272 0.153141 0.929487 0.154706 0.933307
45 12.9296 5.8909 6.6298 0.152999 0.929487 0.154557 0.934428
46 13.0817 6.1174 6.5380 0.152876 0.929816 0.154652 0.933627
47 12.8495 5.8865 6.5426 0.152535 0.929798 0.154411 0.934267
48 12.9807 5.9093 6.6491 0.152189 0.930012 0.154425 0.933707
49 12.8548 5.8803 6.5559 0.151911 0.930074 0.154346 0.933707
