epoch time fwd_time bwd_time loss acc val_loss val_acc
0 12.8455 5.8568 6.5790 0.471869 0.823838 0.464409 0.825861
1 12.9754 5.8729 6.6986 0.470516 0.823838 0.462939 0.825861
2 12.9248 5.8924 6.6139 0.464446 0.823838 0.456585 0.825861
3 13.0651 5.8469 6.8088 0.463765 0.823838 0.454996 0.825861
4 13.0501 5.9652 6.6124 0.416212 0.823838 0.404469 0.825941
5 13.0459 5.9576 6.6641 0.393844 0.823989 0.385167 0.825540
6 13.0967 5.9712 6.7024 0.394575 0.824202 0.375935 0.825861
7 12.9239 5.8819 6.6143 0.383552 0.823838 0.372171 0.825861
8 12.9693 5.9848 6.5642 0.379743 0.823838 0.368141 0.825861
9 12.7431 5.8157 6.5186 0.376663 0.823838 0.365092 0.825861
10 12.9940 5.8791 6.6894 0.374019 0.823838 0.362645 0.825861
11 12.9823 5.9694 6.5881 0.371595 0.823838 0.360660 0.825861
12 13.0528 5.9253 6.7098 0.369344 0.823838 0.358997 0.825861
13 12.9592 5.8528 6.6882 0.367407 0.823838 0.357336 0.825861
14 12.9564 5.9533 6.5815 0.365737 0.823838 0.355647 0.825861
15 12.8951 5.8935 6.5840 0.364465 0.823998 0.354179 0.826101
16 12.9617 5.9861 6.5566 0.363745 0.824256 0.352187 0.826421
17 12.9155 5.9260 6.5661 0.362262 0.823099 0.348341 0.824660
18 13.0295 5.9147 6.7048 0.354881 0.822539 0.336738 0.826021
19 12.9310 5.9446 6.5691 0.345597 0.830963 0.324294 0.840993
20 13.1879 5.9362 6.8369 0.335112 0.842722 0.314413 0.851962
21 12.9540 5.9610 6.5666 0.325448 0.850008 0.305766 0.854604
22 12.9114 5.9303 6.5576 0.316713 0.854989 0.298067 0.858847
23 13.0493 5.9521 6.6867 0.307839 0.859383 0.290533 0.864452
24 12.9713 5.9610 6.6042 0.299099 0.863777 0.283201 0.868455
25 12.9361 5.9315 6.5908 0.291881 0.868456 0.275704 0.872298
26 12.9992 5.9480 6.6339 0.283518 0.873625 0.265509 0.880144
27 13.0756 6.1268 6.5232 0.272900 0.878633 0.256044 0.886950
28 13.0044 5.9546 6.6374 0.262854 0.883009 0.247536 0.890873
29 13.0351 5.8219 6.7977 0.249847 0.887332 0.240517 0.894876
30 13.0972 5.9396 6.7439 0.241417 0.891477 0.234531 0.897598
31 12.9964 5.9657 6.6074 0.237293 0.894146 0.230972 0.898959
32 12.9945 5.9269 6.6609 0.231232 0.896156 0.227416 0.901441
33 12.8898 5.9168 6.5576 0.226115 0.897419 0.224427 0.903283
34 12.9652 5.9422 6.6039 0.222533 0.898914 0.222092 0.904564
35 12.9854 5.9988 6.5653 0.220104 0.900088 0.220203 0.905284
36 12.9892 5.9539 6.6242 0.218719 0.900702 0.218576 0.905765
37 12.9991 6.0235 6.5580 0.221569 0.900755 0.217545 0.907046
38 12.9709 5.9389 6.6138 0.217821 0.901823 0.217233 0.906805
39 13.0069 6.0042 6.5762 0.215305 0.903335 0.215965 0.907446
40 13.1461 6.0147 6.7069 0.212961 0.904153 0.214683 0.907286
41 12.8994 5.8701 6.5617 0.210851 0.905292 0.213406 0.908006
42 13.0787 5.8813 6.7859 0.208918 0.906012 0.212151 0.908487
43 12.9332 5.9180 6.5932 0.207124 0.906662 0.210926 0.908487
44 13.0437 5.9244 6.6907 0.205443 0.907436 0.209729 0.908807
45 12.9959 5.9794 6.6008 0.203855 0.908049 0.208560 0.909287
46 13.0017 5.9488 6.6388 0.202347 0.908886 0.207420 0.909688
47 13.0286 6.0430 6.5662 0.200907 0.909366 0.206305 0.910088
48 12.8473 5.8238 6.6051 0.199530 0.909820 0.205214 0.910649
49 12.9545 6.0200 6.5180 0.198207 0.910327 0.204148 0.911449
