epoch time fwd_time bwd_time loss acc val_loss val_acc
0 12.6923 5.5870 6.6932 0.476611 0.815725 0.457119 0.826982
1 12.8831 5.7394 6.7264 0.391827 0.823713 0.373649 0.826982
2 12.7502 5.6128 6.7146 0.351494 0.823713 0.329020 0.826902
3 12.9369 5.7651 6.7628 0.311121 0.833756 0.292773 0.857406
4 12.8088 5.7131 6.6814 0.289074 0.861927 0.274260 0.874139
5 12.8634 5.6749 6.7639 0.261836 0.883187 0.241615 0.895837
6 12.9355 5.6357 6.8752 0.260962 0.892082 0.232146 0.901361
7 12.9842 5.7409 6.8334 0.260019 0.893852 0.226226 0.904484
8 12.8296 5.7278 6.6828 0.255489 0.895374 0.223776 0.904243
9 12.7672 5.7032 6.6567 0.251779 0.896850 0.222533 0.904243
10 12.8574 5.6598 6.7848 0.247539 0.897864 0.220288 0.903603
11 12.6658 5.6234 6.6255 0.243428 0.898985 0.217527 0.904243
12 12.7294 5.6792 6.6284 0.239273 0.899732 0.213172 0.907046
13 12.8649 5.7432 6.7020 0.237103 0.901120 0.209247 0.908487
14 12.7290 5.6326 6.6838 0.248822 0.901494 0.208118 0.909528
15 12.8732 5.7250 6.7290 0.242977 0.902116 0.205877 0.913371
16 12.8430 5.7098 6.7124 0.226547 0.904829 0.198292 0.917374
17 12.7732 5.6490 6.7104 0.229063 0.906324 0.213390 0.900320
18 12.8926 5.7014 6.7652 0.219771 0.907098 0.202433 0.908407
19 12.7881 5.7008 6.6710 0.212243 0.910255 0.183699 0.924339
20 12.9072 5.7049 6.7433 0.271698 0.913867 0.210197 0.900560
21 12.8222 5.6263 6.7807 0.210565 0.915628 0.172690 0.929063
22 12.9366 5.6828 6.8293 0.202879 0.919978 0.191813 0.914492
23 12.7460 5.6806 6.6432 0.239436 0.920912 0.171828 0.927702
24 12.9584 5.6953 6.8444 0.225143 0.923669 0.224545 0.888391
25 12.6870 5.5966 6.6786 0.197534 0.932983 0.131351 0.950520
26 12.8277 5.6984 6.7006 0.136358 0.940891 0.109207 0.953883
27 12.8998 5.6919 6.7888 0.126531 0.945232 0.100297 0.960769
28 12.7541 5.6470 6.7003 0.119806 0.955337 0.087478 0.964772
29 12.7422 5.7109 6.6087 0.110045 0.960727 0.086013 0.966373
30 12.8012 5.6869 6.7029 0.112497 0.961154 0.086195 0.966533
31 12.8148 5.7604 6.6309 0.111446 0.958833 0.083069 0.965813
32 12.7452 5.6886 6.6481 0.140032 0.960363 0.082460 0.966613
33 12.7960 5.6665 6.7164 0.130227 0.962373 0.085065 0.966133
34 12.7491 5.6174 6.7218 0.134539 0.961866 0.080874 0.966853
35 12.7401 5.6385 6.6858 0.117747 0.962053 0.080507 0.967734
36 12.9747 5.6691 6.8832 0.123292 0.960283 0.081644 0.967334
37 12.9617 5.6889 6.8557 0.121431 0.960621 0.081608 0.968135
38 12.7370 5.6452 6.6806 0.121054 0.961466 0.081138 0.968135
39 12.9585 5.6584 6.8756 0.120066 0.962008 0.080165 0.968295
40 12.7788 5.6502 6.7163 0.116558 0.962506 0.078928 0.968775
41 12.7619 5.6498 6.6889 0.117393 0.962835 0.079341 0.968935
42 12.7350 5.6510 6.6692 0.116697 0.962880 0.078897 0.969175
43 12.7666 5.7247 6.6221 0.116406 0.963271 0.078743 0.968695
44 12.9034 5.7790 6.7070 0.115710 0.963298 0.078432 0.968935
45 12.8773 5.6890 6.7795 0.115013 0.963431 0.078240 0.968775
46 12.8790 5.7169 6.7377 0.112699 0.963085 0.077049 0.968695
47 12.8753 5.7825 6.6719 0.110397 0.963102 0.075488 0.969976
48 12.7855 5.6708 6.7022 0.110261 0.963520 0.075245 0.969416
49 12.7715 5.7004 6.6562 0.110051 0.963921 0.074976 0.969496
