epoch time fwd_time bwd_time loss acc val_loss val_acc
0 12.6686 5.6070 6.6478 0.468870 0.801057 0.456903 0.826982
1 12.8658 5.6874 6.7616 0.388947 0.823713 0.381478 0.826982
2 12.7265 5.6801 6.6403 0.347060 0.824167 0.330256 0.831065
3 12.8463 5.6854 6.7027 0.269418 0.860344 0.264855 0.885989
4 12.8472 5.6708 6.7561 0.275043 0.882867 0.239531 0.899119
5 12.8220 5.7117 6.6857 0.257218 0.894502 0.222854 0.904243
6 12.7550 5.6886 6.6468 0.238669 0.897846 0.210660 0.912490
7 12.8544 5.7594 6.6771 0.246473 0.902766 0.210913 0.904484
8 12.8904 5.6917 6.7856 0.246486 0.907151 0.191988 0.918815
9 12.8200 5.7457 6.6509 0.211920 0.912177 0.199871 0.908807
10 12.7783 5.6589 6.7072 0.211790 0.915174 0.178685 0.926821
11 12.7693 5.6977 6.6511 0.252738 0.921873 0.230998 0.884868
12 12.7365 5.6928 6.6213 0.191785 0.921001 0.154580 0.935629
13 12.6700 5.6249 6.6205 0.180202 0.923634 0.149379 0.938591
14 12.7861 5.7084 6.6552 0.165059 0.931417 0.137163 0.943635
15 12.9800 5.6994 6.8657 0.198306 0.934584 0.164013 0.935629
16 12.6360 5.5743 6.6430 0.194750 0.930341 0.147255 0.944195
17 12.7114 5.6170 6.6702 0.195237 0.942999 0.121733 0.955084
18 12.8063 5.7120 6.6811 0.142450 0.937751 0.134073 0.949640
19 12.8060 5.6770 6.6983 0.127076 0.942358 0.102260 0.959087
20 12.7220 5.6543 6.6411 0.126466 0.955257 0.094663 0.961970
21 13.0029 5.7204 6.8541 0.116232 0.953673 0.091572 0.962210
22 12.7195 5.6258 6.6710 0.118756 0.957454 0.092606 0.961489
23 13.0552 5.9262 6.7021 0.111527 0.960469 0.093978 0.961970
24 12.8579 5.7578 6.6752 0.118965 0.953887 0.092156 0.963171
25 12.7492 5.6591 6.6668 0.112157 0.958174 0.085364 0.966453
26 12.7112 5.6262 6.6716 0.115477 0.956235 0.093464 0.961169
27 12.8854 5.7006 6.7679 0.112002 0.957979 0.091581 0.961489
28 12.7209 5.6280 6.6416 0.116940 0.958859 0.086371 0.964532
29 12.7797 5.7202 6.6371 0.107355 0.959135 0.087378 0.964211
30 12.7554 5.6613 6.6814 0.106879 0.959260 0.085833 0.964452
31 12.9386 5.8051 6.7116 0.107175 0.960896 0.079697 0.968375
32 12.9441 5.7115 6.7603 0.116320 0.961857 0.082090 0.967814
33 12.6502 5.5858 6.6509 0.111585 0.961519 0.080490 0.967014
34 12.9192 5.7830 6.7160 0.112532 0.961768 0.080778 0.967414
35 12.8933 5.7615 6.7106 0.112137 0.961546 0.084158 0.965092
36 12.8107 5.6667 6.7291 0.112636 0.961474 0.079700 0.968695
37 12.7251 5.6484 6.6596 0.110528 0.962204 0.077370 0.969736
38 12.8169 5.6841 6.7202 0.116238 0.962755 0.083820 0.966293
39 12.8358 5.6405 6.7667 0.114987 0.963396 0.083814 0.964852
40 12.9544 5.8353 6.6957 0.110765 0.962551 0.077273 0.969335
41 12.6908 5.6080 6.6648 0.104422 0.964143 0.084712 0.965412
42 12.7837 5.6733 6.6842 0.115693 0.963645 0.081516 0.967494
43 12.7713 5.7114 6.6363 0.111150 0.963467 0.082383 0.966853
44 12.9048 5.7199 6.7696 0.103229 0.964632 0.081797 0.965973
45 12.7825 5.6290 6.7407 0.106992 0.964712 0.078910 0.967414
46 12.8103 5.7470 6.6390 0.105079 0.964072 0.084997 0.965252
47 12.9299 5.8135 6.6909 0.111891 0.964757 0.078952 0.968054
48 12.9237 5.7961 6.7073 0.102077 0.964036 0.082789 0.965813
49 12.8780 5.7426 6.7183 0.110896 0.964837 0.078165 0.968855
