epoch time loss acc val_loss val_acc
0 11.3215 0.362102 0.820742 0.361986 0.824420
1 11.3829 0.342888 0.824016 0.347080 0.824420
2 11.5300 0.328797 0.824514 0.345173 0.826741
3 11.5428 0.317244 0.828605 0.303893 0.843955
4 11.3506 0.307586 0.843167 0.302937 0.843395
5 11.4542 0.229211 0.872175 0.232375 0.891994
6 11.4218 0.161605 0.906110 0.188333 0.920336
7 11.2629 0.158315 0.913129 0.177782 0.924820
8 11.4564 0.165266 0.919506 0.175470 0.925620
9 11.4427 0.155584 0.924701 0.176630 0.924179
10 11.2568 0.147312 0.925475 0.179359 0.921697
11 11.4604 0.145392 0.926480 0.175224 0.923779
12 11.4005 0.145201 0.927059 0.171532 0.925220
13 11.2678 0.144726 0.927468 0.169176 0.926661
14 11.2352 0.143010 0.927841 0.168883 0.925941
15 11.4078 0.140204 0.928473 0.170606 0.924820
16 11.1690 0.146193 0.927521 0.161540 0.933066
17 11.4414 0.165798 0.924461 0.178518 0.921697
18 11.2691 0.169080 0.925991 0.162355 0.929704
19 11.4566 0.153787 0.926400 0.174675 0.923299
20 11.3404 0.153668 0.926952 0.171859 0.924099
21 11.4883 0.149811 0.927850 0.171222 0.923859
22 11.3167 0.148477 0.928144 0.169456 0.924580
23 11.3259 0.146963 0.928606 0.168626 0.924740
24 11.2514 0.145928 0.928936 0.167854 0.924900
25 11.2607 0.144964 0.929300 0.167334 0.924500
26 11.4874 0.144127 0.929443 0.166905 0.924820
27 11.1581 0.143360 0.929754 0.166560 0.924660
28 11.3054 0.142655 0.929923 0.166269 0.924339
29 11.3925 0.142001 0.930234 0.166019 0.924420
30 11.2546 0.141394 0.930208 0.165799 0.925380
31 11.3606 0.140828 0.930216 0.165604 0.925460
32 11.2756 0.140296 0.930305 0.165428 0.925861
33 11.2446 0.139762 0.930430 0.165267 0.925941
34 11.2801 0.139211 0.930670 0.165104 0.925861
35 11.4066 0.138943 0.930741 0.165135 0.925861
36 11.4161 0.138685 0.930572 0.165146 0.925781
37 11.3106 0.138338 0.930652 0.165032 0.925620
38 11.2981 0.137976 0.930643 0.164820 0.925861
39 11.4292 0.137632 0.930688 0.164573 0.925701
40 11.3451 0.137313 0.930848 0.164327 0.926021
41 11.2276 0.137019 0.930937 0.164098 0.926101
42 11.3573 0.136744 0.931044 0.163895 0.926021
43 11.4174 0.136486 0.931204 0.163720 0.926181
44 11.2382 0.136244 0.931239 0.163571 0.926181
45 11.3778 0.136016 0.931391 0.163441 0.926101
46 11.3841 0.135811 0.931444 0.163329 0.926341
47 11.1129 0.135642 0.931524 0.163235 0.926181
48 11.3855 0.135510 0.931649 0.163173 0.926181
49 11.3241 0.135383 0.931649 0.163141 0.926101
