epoch time fwd_time bwd_time loss acc val_loss val_acc
0 12.8837 5.9124 6.5681 0.466639 0.820840 0.459438 0.825861
1 13.0233 5.9635 6.6381 0.369799 0.823838 0.371612 0.825861
2 12.9962 5.9474 6.6297 0.361812 0.823838 0.351591 0.825861
3 12.9521 5.8921 6.6440 0.352871 0.824060 0.345387 0.826902
4 13.0377 6.0627 6.5445 0.350447 0.824122 0.339685 0.826982
5 12.9697 5.8885 6.6611 0.339406 0.824229 0.328341 0.828022
6 12.9478 5.9072 6.6232 0.304158 0.828392 0.310578 0.848519
7 12.9358 5.8478 6.6684 0.208804 0.872548 0.218411 0.905925
8 12.9270 5.8992 6.6123 0.194701 0.905470 0.235328 0.890873
9 13.0125 5.9218 6.6644 0.173769 0.913689 0.205635 0.907366
10 13.0749 5.8606 6.7971 0.166375 0.918706 0.193110 0.913451
11 13.0061 5.8934 6.6992 0.161731 0.921232 0.183014 0.919936
12 12.8707 5.8875 6.5704 0.159458 0.922549 0.177268 0.922018
13 12.9044 5.8997 6.5848 0.158948 0.924034 0.169336 0.926261
14 12.8545 5.8880 6.5469 0.141627 0.929612 0.143471 0.939071
15 12.9430 5.9021 6.6207 0.128249 0.938534 0.134910 0.941153
16 13.0252 6.0079 6.5989 0.136252 0.939468 0.155475 0.934668
17 12.9842 5.8899 6.6729 0.122920 0.941985 0.145768 0.938271
18 12.8592 5.9152 6.5304 0.118798 0.943035 0.145021 0.938751
19 12.8338 5.8769 6.5476 0.113550 0.944200 0.141222 0.939231
20 13.0248 5.9634 6.6356 0.109762 0.945249 0.136945 0.941633
21 12.7978 5.8064 6.5701 0.108645 0.946095 0.138382 0.941553
22 13.0276 5.9212 6.6878 0.108574 0.947055 0.142712 0.939872
23 13.0364 5.9249 6.6886 0.107510 0.947794 0.147395 0.936589
24 12.9092 5.9541 6.5369 0.108927 0.948345 0.146718 0.936749
25 12.9387 5.9526 6.5259 0.106521 0.948576 0.143022 0.939151
26 12.9990 5.9605 6.6254 0.106159 0.950071 0.140827 0.939712
27 13.1015 5.9894 6.6878 0.104795 0.950551 0.141491 0.938431
28 13.1462 6.0364 6.6932 0.102093 0.950604 0.137190 0.940032
29 12.8752 5.8794 6.5853 0.098343 0.950587 0.124147 0.946757
30 12.9446 5.8990 6.6303 0.100902 0.943995 0.117881 0.950600
31 13.0108 5.8487 6.7470 0.096528 0.950658 0.125374 0.946837
32 12.8881 5.8663 6.6039 0.097099 0.950044 0.120363 0.949640
33 13.1967 5.9644 6.8086 0.099280 0.950338 0.134246 0.944275
34 13.0925 6.0202 6.6465 0.095764 0.951218 0.135318 0.943795
35 13.0191 5.9855 6.6157 0.095593 0.951298 0.128887 0.945556
36 12.9999 5.9595 6.6214 0.096339 0.951636 0.130618 0.944676
37 12.8702 5.8169 6.6356 0.094833 0.952134 0.121497 0.948919
38 13.0825 5.9611 6.6954 0.096987 0.951939 0.129883 0.944436
39 12.9125 5.9395 6.5546 0.094983 0.952481 0.122032 0.948118
40 13.1366 6.0882 6.6445 0.096627 0.952188 0.126285 0.946277
41 13.1083 6.0656 6.6156 0.095872 0.952366 0.122796 0.948038
42 12.9269 5.7985 6.7152 0.096067 0.952508 0.123440 0.947718
43 12.9834 5.8731 6.6837 0.096137 0.952446 0.123126 0.948199
44 13.0408 5.9936 6.6247 0.096058 0.952490 0.122708 0.948439
45 13.0751 5.9431 6.7227 0.095789 0.952526 0.121657 0.948519
46 12.9793 5.8717 6.6980 0.095541 0.952659 0.120951 0.948919
47 13.0475 5.9360 6.6978 0.095152 0.952641 0.119623 0.949800
48 13.0560 5.9072 6.7375 0.094435 0.952659 0.118458 0.950681
49 13.0630 5.9876 6.6489 0.094449 0.952659 0.117572 0.950681
