epoch time fwd_time bwd_time loss acc val_loss val_acc
0 12.7786 5.8294 6.5391 0.466480 0.817220 0.459323 0.825861
1 12.7886 5.7837 6.5897 0.415019 0.823838 0.386190 0.825861
2 12.9496 5.8828 6.6459 0.362265 0.823838 0.355938 0.825861
3 12.7948 5.8077 6.5740 0.359965 0.823838 0.351283 0.825861
4 13.0055 5.9743 6.6116 0.358325 0.823838 0.349612 0.825861
5 12.8483 5.9127 6.5178 0.362549 0.823927 0.351798 0.825861
6 13.0074 5.9729 6.6095 0.352497 0.824238 0.347167 0.826982
7 13.1527 6.0375 6.6449 0.339795 0.824887 0.332941 0.827462
8 12.9996 5.9152 6.6631 0.323587 0.832128 0.303438 0.846757
9 12.9884 5.8917 6.6824 0.200259 0.884815 0.214547 0.896958
10 12.9058 5.8002 6.6899 0.175563 0.908752 0.175854 0.922098
11 12.9800 5.8698 6.6397 0.178241 0.912515 0.198273 0.909287
12 13.0697 5.9708 6.6850 0.164180 0.920191 0.193867 0.911930
13 13.0779 5.9212 6.7339 0.163983 0.922006 0.179180 0.919936
14 12.9021 5.9435 6.5367 0.161067 0.923963 0.167394 0.927622
15 12.8770 5.8544 6.5559 0.157500 0.925333 0.164060 0.928503
16 12.8359 5.8531 6.5556 0.154235 0.925920 0.163145 0.929143
17 12.8045 5.8276 6.5635 0.153173 0.926543 0.162369 0.929223
18 12.8747 5.9040 6.5465 0.152456 0.927014 0.162702 0.929223
19 13.0116 5.9673 6.6301 0.152726 0.927094 0.162203 0.929544
20 13.0640 5.9485 6.6969 0.154175 0.927406 0.160279 0.930184
21 13.0630 5.9264 6.7180 0.155451 0.927832 0.158557 0.929624
22 12.8627 5.9043 6.5372 0.156244 0.927850 0.157449 0.930184
23 12.9550 5.9163 6.6137 0.157019 0.928126 0.156746 0.931625
24 12.8908 5.9226 6.5506 0.157886 0.928322 0.156455 0.931946
25 12.8427 5.8701 6.5588 0.158816 0.928544 0.156644 0.932426
26 12.9845 5.8891 6.6721 0.159757 0.928749 0.157396 0.932186
27 12.9879 6.0060 6.5497 0.160489 0.928731 0.158742 0.931946
28 13.0159 5.9903 6.5934 0.160723 0.928660 0.160912 0.931225
29 13.0094 6.0406 6.5453 0.159933 0.928268 0.161634 0.931065
30 12.9339 5.9451 6.5600 0.157834 0.928802 0.157786 0.932426
31 13.0443 5.9739 6.6438 0.159235 0.928660 0.163510 0.930504
32 12.8364 5.8316 6.5789 0.152209 0.929958 0.154286 0.933787
33 13.0798 5.9539 6.6998 0.158434 0.929932 0.158330 0.932906
34 13.0294 6.0583 6.5467 0.158716 0.928882 0.160312 0.931465
35 12.9381 5.9230 6.5951 0.152702 0.930154 0.154170 0.933547
36 13.1781 5.9314 6.8172 0.158223 0.930101 0.158323 0.932666
37 13.0144 5.8688 6.7206 0.155884 0.929674 0.155988 0.933307
38 12.9246 5.8964 6.6156 0.158484 0.929763 0.160106 0.931705
39 13.0297 5.9871 6.6188 0.150398 0.930804 0.153122 0.933947
40 13.0877 6.0169 6.6498 0.155344 0.930973 0.154920 0.933787
41 12.8535 5.8881 6.5401 0.157601 0.930119 0.157188 0.932986
42 12.8000 5.8328 6.5420 0.153542 0.930537 0.153921 0.934187
43 12.9706 5.9708 6.5763 0.156431 0.930590 0.155718 0.933066
44 12.9119 5.9572 6.5394 0.155783 0.930554 0.155323 0.933307
45 13.0691 6.0649 6.5811 0.155691 0.930670 0.155251 0.933227
46 13.0129 6.0141 6.5788 0.155099 0.930973 0.154755 0.933227
47 12.8562 5.9291 6.5131 0.155124 0.931061 0.154723 0.933147
48 12.9946 6.0117 6.5566 0.154685 0.931186 0.154364 0.933307
49 12.8020 5.8394 6.5411 0.154519 0.931213 0.154259 0.933307
