epoch time fwd_time bwd_time loss acc val_loss val_acc
0 12.9729 5.7553 6.7747 0.469685 0.823713 0.456872 0.826982
1 12.8758 5.7055 6.7559 0.405355 0.823713 0.385361 0.826982
2 12.8703 5.7129 6.7465 0.357060 0.823704 0.338506 0.827222
3 12.8299 5.6643 6.7483 0.286524 0.845320 0.270919 0.881906
4 12.8816 5.7368 6.6902 0.277689 0.886914 0.241702 0.898639
5 12.8438 5.6899 6.7379 0.261344 0.893168 0.231307 0.903683
6 12.8151 5.6823 6.7172 0.255182 0.897144 0.224985 0.907926
7 12.7656 5.6819 6.6626 0.234689 0.900061 0.223499 0.904644
8 12.7395 5.6429 6.6787 0.226896 0.902445 0.203374 0.914011
9 12.9774 5.6554 6.9031 0.242154 0.908983 0.217839 0.911689
10 12.8850 5.6952 6.7767 0.203386 0.916624 0.181032 0.928263
11 12.6732 5.6038 6.6570 0.192133 0.916669 0.180221 0.923859
12 12.9379 5.8187 6.6953 0.196027 0.923323 0.187332 0.925460
13 12.8546 5.7259 6.7072 0.227613 0.922015 0.205010 0.915292
14 12.7904 5.6806 6.6825 0.191695 0.919426 0.151396 0.936669
15 12.8477 5.7122 6.7213 0.159517 0.932609 0.145194 0.937470
16 12.7170 5.6479 6.6591 0.218535 0.934949 0.217765 0.890552
17 12.9002 5.7308 6.7630 0.207741 0.934851 0.195481 0.899920
18 12.6855 5.6365 6.6244 0.140965 0.944565 0.117322 0.948839
19 12.8170 5.6535 6.7378 0.144301 0.944938 0.122028 0.952202
20 12.8073 5.7650 6.6159 0.160579 0.949457 0.112010 0.957006
21 12.9261 5.7171 6.7903 0.145558 0.938000 0.114687 0.952202
22 12.9225 5.6768 6.8269 0.147481 0.951930 0.115018 0.950681
23 12.9330 5.6443 6.8699 0.120740 0.954678 0.091607 0.962210
24 12.8229 5.7021 6.6930 0.119255 0.955452 0.089744 0.961409
25 12.8421 5.6975 6.7201 0.120943 0.957658 0.089251 0.964131
26 12.7684 5.6984 6.6456 0.157064 0.956458 0.092281 0.961329
27 12.8050 5.6820 6.7017 0.119098 0.958326 0.083943 0.966053
28 12.8693 5.7477 6.7076 0.118779 0.958370 0.083084 0.965572
29 12.8590 5.7245 6.7097 0.117924 0.958619 0.082109 0.966373
30 12.6782 5.5754 6.6806 0.120433 0.957730 0.089149 0.963491
31 12.9328 5.8020 6.7086 0.124010 0.958610 0.106208 0.954604
32 12.7639 5.6916 6.6565 0.137648 0.960007 0.110562 0.953002
33 12.6133 5.5632 6.6374 0.121845 0.959349 0.104708 0.957086
34 12.7242 5.6536 6.6464 0.121171 0.960585 0.081330 0.966453
35 12.9723 5.7689 6.7798 0.119120 0.960069 0.083181 0.965813
36 12.8456 5.7367 6.6963 0.125658 0.958628 0.087309 0.965492
37 12.8542 5.6711 6.7309 0.112146 0.961555 0.087082 0.963891
38 12.8663 5.7006 6.7469 0.112725 0.959918 0.080687 0.966853
39 12.8906 5.7211 6.7397 0.122305 0.962248 0.087390 0.965893
40 12.9287 5.7840 6.7286 0.120699 0.960096 0.096377 0.960288
41 12.9336 5.7675 6.7557 0.116446 0.962222 0.080193 0.967734
42 12.9410 5.7424 6.7809 0.113845 0.960736 0.081222 0.967414
43 12.9916 5.8429 6.7250 0.124127 0.960016 0.093319 0.961569
44 12.8856 5.6398 6.8346 0.113558 0.961626 0.080479 0.967814
45 12.8159 5.6931 6.7084 0.115521 0.960763 0.078991 0.968375
46 12.8249 5.6905 6.7075 0.116281 0.961305 0.084729 0.965893
47 12.9293 5.6336 6.8797 0.111927 0.961154 0.077355 0.967974
48 12.9570 5.6337 6.8993 0.118956 0.963716 0.091419 0.962370
49 12.8139 5.6319 6.7664 0.119561 0.961065 0.095912 0.960288
