epoch time fwd_time bwd_time loss acc val_loss val_acc
0 12.7325 5.6527 6.6728 0.465590 0.817878 0.447281 0.826982
1 12.8684 5.8101 6.6435 0.336335 0.825136 0.317794 0.837150
2 12.8953 5.7252 6.7544 0.274652 0.864151 0.259985 0.887830
3 12.7907 5.6531 6.7192 0.276640 0.888782 0.232215 0.901281
4 12.8464 5.7525 6.6697 0.257853 0.889663 0.234071 0.895356
5 12.8526 5.7603 6.6779 0.253424 0.893310 0.223794 0.900881
6 12.7555 5.6976 6.6408 0.245677 0.896103 0.218847 0.902962
7 12.8992 5.7391 6.7380 0.250564 0.892153 0.226619 0.902242
8 12.8172 5.7708 6.6302 0.257737 0.891646 0.228370 0.903603
9 13.0074 5.8048 6.7771 0.229171 0.901743 0.198111 0.915052
10 12.8917 5.7748 6.6913 0.218963 0.906253 0.200471 0.908167
11 12.8773 5.6935 6.7557 0.226644 0.907525 0.217652 0.893835
12 12.9319 5.7407 6.7683 0.259042 0.904109 0.224052 0.903683
13 12.7667 5.6508 6.6986 0.246500 0.913200 0.205508 0.900560
14 12.9783 5.7967 6.7569 0.342610 0.915041 0.272273 0.872618
15 12.7258 5.6665 6.6423 0.217808 0.905834 0.170224 0.933547
16 12.7827 5.6949 6.6692 0.227198 0.903895 0.192686 0.917054
17 12.7171 5.6315 6.6784 0.239102 0.919916 0.172055 0.934267
18 12.8319 5.6873 6.7274 0.219948 0.922566 0.171137 0.937470
19 12.9530 5.7684 6.7509 0.193395 0.915014 0.171344 0.932746
20 12.8089 5.6683 6.7144 0.192356 0.922904 0.153727 0.939311
21 12.9688 5.6967 6.8390 0.176381 0.928162 0.173631 0.923139
22 12.8547 5.6941 6.7280 0.176100 0.926480 0.153477 0.933627
23 12.7130 5.6046 6.6890 0.224929 0.931106 0.154822 0.936189
24 13.0262 5.7754 6.8193 0.181731 0.929185 0.160092 0.935949
25 12.9233 5.6993 6.8065 0.157066 0.931915 0.179680 0.922978
26 12.7239 5.6690 6.6378 0.158569 0.933330 0.151188 0.935388
27 12.7285 5.6236 6.6898 0.163464 0.941122 0.133111 0.942914
28 12.7867 5.6642 6.7046 0.192877 0.935402 0.138222 0.944676
29 12.9131 5.7014 6.7963 0.172189 0.932547 0.143160 0.941073
30 12.8695 5.6595 6.7797 0.151759 0.934949 0.131024 0.943555
31 13.0181 5.7778 6.7691 0.166842 0.940152 0.124901 0.946677
32 12.8589 5.6625 6.7698 0.162756 0.938774 0.120177 0.951161
33 12.9930 5.8229 6.7463 0.157365 0.944271 0.117503 0.949880
34 12.9816 5.7860 6.7721 0.139813 0.948799 0.100323 0.957566
35 12.8837 5.6957 6.7665 0.140362 0.950400 0.100434 0.958046
36 12.7983 5.5804 6.8052 0.145619 0.953229 0.134274 0.938351
37 12.8938 5.6800 6.7821 0.114097 0.953015 0.140094 0.941153
38 13.5886 6.0752 7.0797 0.125530 0.955995 0.094667 0.961809
39 13.6264 6.0824 7.0908 0.115256 0.956911 0.083600 0.966213
40 12.9645 5.7408 6.8028 0.113090 0.959002 0.085109 0.963090
41 12.9551 5.6561 6.8774 0.117035 0.962382 0.086175 0.964692
42 12.7295 5.7044 6.6140 0.116155 0.960656 0.082715 0.965252
43 12.8904 5.7339 6.7320 0.108827 0.959019 0.081184 0.967174
44 12.7433 5.6500 6.6783 0.118640 0.960540 0.077458 0.969175
45 12.9388 5.8075 6.7119 0.117981 0.961786 0.086111 0.964532
46 12.6686 5.6054 6.6482 0.118067 0.959615 0.095585 0.960368
47 12.8754 5.7192 6.7402 0.109577 0.959953 0.073070 0.969736
48 12.7509 5.7010 6.6315 0.119009 0.962586 0.080752 0.966533
49 12.6711 5.5983 6.6564 0.110178 0.959464 0.076110 0.968935
