epoch time loss acc val_loss val_acc
0 11.2779 0.407515 0.823998 0.396217 0.824420
1 11.2948 0.350919 0.823998 0.349636 0.824420
2 11.3356 0.341334 0.824051 0.344237 0.824420
3 11.3204 0.322875 0.825670 0.338793 0.838751
4 11.3212 0.292431 0.851413 0.307182 0.875741
5 11.2842 0.171526 0.899359 0.190352 0.920496
6 11.4779 0.162576 0.913751 0.180408 0.921857
7 11.2591 0.160306 0.917923 0.177574 0.924339
8 11.1972 0.160051 0.920209 0.170469 0.925380
9 11.2893 0.157233 0.922122 0.169698 0.925140
10 11.2194 0.156945 0.921152 0.184402 0.920256
11 11.4000 0.173158 0.921045 0.171543 0.927222
12 11.3271 0.172619 0.922353 0.177095 0.922018
13 11.3264 0.173032 0.923856 0.170465 0.924660
14 11.2594 0.165870 0.924185 0.171881 0.923939
15 11.3096 0.166213 0.924719 0.170066 0.925140
16 11.3272 0.164202 0.925004 0.168684 0.925300
17 11.2621 0.163012 0.925306 0.168358 0.925620
18 11.3306 0.161694 0.925787 0.167089 0.925941
19 11.2785 0.161425 0.926027 0.166930 0.925941
20 11.4390 0.160269 0.926427 0.165484 0.926821
21 11.2496 0.160962 0.926356 0.165737 0.926261
22 11.2818 0.161415 0.926774 0.165448 0.926101
23 11.1895 0.165158 0.927245 0.160319 0.929063
24 11.3070 0.164634 0.927503 0.157067 0.932426
25 11.3432 0.156123 0.928251 0.155748 0.932746
26 11.4260 0.133584 0.930795 0.162775 0.928663
27 11.3750 0.138690 0.939468 0.133184 0.941633
28 11.3316 0.128207 0.942234 0.147319 0.935468
29 11.3151 0.122297 0.943960 0.152576 0.934267
30 11.4548 0.109695 0.944920 0.141331 0.939952
31 11.1323 0.106520 0.945614 0.130608 0.944596
32 11.2148 0.102745 0.942714 0.126616 0.946517
33 11.3128 0.098369 0.945561 0.128196 0.946918
34 11.2388 0.099396 0.946931 0.124705 0.947878
35 11.3613 0.100610 0.947153 0.122702 0.948599
36 11.2756 0.102234 0.947767 0.120816 0.949800
37 11.1549 0.094583 0.948220 0.121507 0.949800
38 11.3447 0.096137 0.948647 0.123584 0.949159
39 11.2605 0.098575 0.948487 0.121172 0.949400
40 11.4008 0.099426 0.948603 0.119145 0.950360
41 11.2787 0.093173 0.949128 0.122058 0.949880
42 11.3003 0.098195 0.949599 0.120384 0.949560
43 11.3746 0.108374 0.948861 0.119124 0.949960
44 11.3603 0.097246 0.949786 0.119482 0.950440
45 11.2385 0.107101 0.949350 0.119853 0.949560
46 11.1337 0.093884 0.950284 0.120044 0.949960
47 11.3372 0.107168 0.949679 0.116217 0.951882
48 11.2317 0.106686 0.949750 0.115983 0.951962
49 11.2501 0.105881 0.949857 0.115358 0.952282
