epoch time fwd_time bwd_time loss acc val_loss val_acc
0 12.8930 5.7377 6.7470 0.462209 0.823686 0.449946 0.826982
1 12.8511 5.6982 6.7281 0.323596 0.831078 0.292488 0.859808
2 12.8469 5.7427 6.6828 0.262263 0.878864 0.237578 0.899279
3 12.8191 5.6684 6.7377 0.271499 0.891308 0.229217 0.903603
4 13.1014 5.8186 6.8500 0.244908 0.896948 0.225856 0.901681
5 12.6938 5.6388 6.6395 0.233239 0.900684 0.212043 0.907046
6 12.7471 5.6330 6.6990 0.223307 0.903308 0.207471 0.906725
7 12.8619 5.7293 6.7071 0.222255 0.905968 0.201175 0.910969
8 12.9043 5.8203 6.6568 0.220347 0.907889 0.202168 0.910088
9 12.7314 5.6586 6.6547 0.207509 0.909748 0.208318 0.903523
10 12.8721 5.6841 6.7606 0.228859 0.911848 0.209497 0.902642
11 12.7862 5.6730 6.6956 0.214950 0.912426 0.199417 0.907126
12 12.8380 5.6868 6.7372 0.222683 0.914178 0.209577 0.901521
13 12.7550 5.6823 6.6602 0.199530 0.915833 0.191583 0.910008
14 12.7303 5.6351 6.6719 0.187094 0.917772 0.190466 0.910488
15 12.8552 5.6145 6.8186 0.176986 0.923678 0.158848 0.927942
16 12.8261 5.6928 6.7061 0.171055 0.927308 0.166383 0.922018
17 13.0519 5.7697 6.8613 0.168996 0.930537 0.165254 0.922018
18 12.8873 5.7242 6.7449 0.166591 0.932076 0.162364 0.923058
19 12.9169 5.7425 6.7429 0.165637 0.933614 0.161251 0.924420
20 12.9124 5.6294 6.8620 0.163657 0.934059 0.159088 0.925620
21 12.8862 5.7652 6.6999 0.162616 0.936221 0.161020 0.924420
22 12.8591 5.7431 6.6947 0.161533 0.936496 0.161472 0.924259
23 12.8885 5.7063 6.7619 0.160575 0.936986 0.162153 0.924259
24 12.8151 5.6954 6.7021 0.160408 0.937715 0.160030 0.924820
25 12.9597 5.7906 6.7499 0.160007 0.938133 0.158054 0.925540
26 12.8737 5.7334 6.6739 0.159471 0.938578 0.157471 0.925861
27 12.8124 5.6261 6.7691 0.159419 0.938916 0.153979 0.928263
28 12.9166 5.7136 6.7824 0.169162 0.938703 0.135788 0.940833
29 12.8369 5.7165 6.6994 0.167059 0.939192 0.142941 0.934828
30 12.7485 5.6675 6.6692 0.163764 0.940740 0.147242 0.932346
31 12.8552 5.6968 6.7291 0.164321 0.939610 0.140704 0.936269
32 12.7933 5.6889 6.6833 0.158630 0.941353 0.144993 0.933627
33 12.7329 5.6747 6.6347 0.158344 0.941300 0.138406 0.937150
34 12.6348 5.6324 6.5881 0.149396 0.939806 0.132705 0.942674
35 12.8328 5.7207 6.6898 0.156012 0.940419 0.131803 0.942594
36 12.9306 5.7424 6.7653 0.165176 0.940829 0.126911 0.944115
37 12.7676 5.6813 6.6658 0.149073 0.943337 0.137052 0.938110
38 12.9316 5.7152 6.7942 0.146895 0.943364 0.144930 0.934748
39 12.9132 5.6873 6.7923 0.147298 0.943800 0.141431 0.936589
40 12.8249 5.7121 6.6945 0.146560 0.943888 0.139490 0.938191
41 12.9145 5.6953 6.8000 0.146565 0.944004 0.134754 0.939311
42 12.9695 5.7846 6.7663 0.147069 0.944627 0.128954 0.943555
43 12.9811 5.8250 6.7288 0.146675 0.945027 0.119490 0.949800
44 12.8934 5.7530 6.7169 0.151704 0.930350 0.146728 0.936509
45 12.7996 5.6498 6.7221 0.143817 0.945623 0.149385 0.932346
46 12.6904 5.6684 6.6136 0.144465 0.946023 0.137096 0.939392
47 12.8714 5.6687 6.7822 0.162644 0.948870 0.108817 0.954524
48 12.9464 5.6990 6.8341 0.165312 0.947518 0.104726 0.956685
49 12.9100 5.7524 6.7290 0.130297 0.950693 0.104480 0.957006
