epoch time loss acc val_loss val_acc
0 11.4521 0.446244 0.816054 0.452342 0.824420
1 11.4385 0.364119 0.823998 0.353384 0.824420
2 11.3340 0.354752 0.824024 0.354746 0.824259
3 11.3936 0.346312 0.824193 0.339785 0.824980
4 11.3730 0.297264 0.830322 0.310882 0.857646
5 11.4817 0.255672 0.870316 0.254598 0.891033
6 11.3802 0.220902 0.898620 0.241778 0.888871
7 11.4222 0.190586 0.910229 0.201017 0.915693
8 11.4290 0.173339 0.913618 0.194383 0.916173
9 11.3292 0.169671 0.917087 0.178393 0.926101
10 11.3641 0.160954 0.921241 0.176181 0.923939
11 11.3631 0.177665 0.920129 0.214528 0.903042
12 11.2998 0.162009 0.921944 0.209611 0.905925
13 11.2592 0.159170 0.923109 0.202341 0.909367
14 11.3576 0.159099 0.924257 0.194884 0.914091
15 11.3335 0.157005 0.925386 0.189617 0.916653
16 11.3331 0.155175 0.926240 0.186129 0.918014
17 11.2884 0.152773 0.926516 0.183377 0.919055
18 11.3299 0.150586 0.926783 0.181163 0.919536
19 11.3449 0.148599 0.927076 0.179209 0.920576
20 11.3874 0.146934 0.927423 0.177463 0.920737
21 11.2645 0.145526 0.927646 0.175821 0.920897
22 11.3406 0.144115 0.927975 0.174624 0.920977
23 11.2717 0.142922 0.928259 0.173408 0.921297
24 11.4334 0.141809 0.928251 0.172358 0.921537
25 11.2818 0.140780 0.928420 0.171258 0.921697
26 11.4106 0.139697 0.928544 0.170440 0.922018
27 11.3820 0.138762 0.928651 0.169623 0.922418
28 11.2665 0.137890 0.928669 0.168696 0.922818
29 11.3916 0.137011 0.928927 0.167311 0.923619
30 11.3008 0.136041 0.929033 0.167764 0.923699
31 11.3207 0.135557 0.929176 0.166795 0.924019
32 11.3547 0.134934 0.929149 0.165714 0.924339
33 11.3342 0.134364 0.929345 0.165066 0.925060
34 11.4237 0.133743 0.929460 0.163670 0.926661
35 11.3446 0.133464 0.929638 0.162369 0.927542
36 11.4261 0.133122 0.929505 0.160752 0.928583
37 11.3261 0.133255 0.929167 0.159189 0.929384
38 11.1791 0.132795 0.928509 0.158704 0.930344
39 11.1711 0.134380 0.927832 0.162620 0.927302
40 11.2737 0.134024 0.928197 0.164484 0.926021
41 11.4900 0.132818 0.928651 0.163683 0.926101
42 11.3605 0.132315 0.928962 0.162636 0.927302
43 11.3009 0.132133 0.929131 0.162404 0.927382
44 11.3471 0.131876 0.929336 0.162189 0.927382
45 11.3200 0.131584 0.929380 0.161444 0.927862
46 11.2193 0.131605 0.929354 0.162056 0.927302
47 11.2990 0.131448 0.929478 0.161668 0.927782
48 11.2291 0.130966 0.929354 0.161353 0.927702
49 11.3596 0.131010 0.929354 0.160923 0.927622
