epoch time fwd_time bwd_time loss acc val_loss val_acc
0 7.7297 4.1563 3.2487 0.486809 0.823740 0.456059 0.826741
1 7.2567 3.6636 3.2675 0.430922 0.823740 0.391161 0.826741
2 7.3778 3.7602 3.2906 0.376778 0.823740 0.346569 0.826741
3 7.3395 3.7255 3.2804 0.354141 0.824202 0.327515 0.835228
4 7.3236 3.7266 3.2872 0.324465 0.836327 0.297936 0.855004
5 7.3333 3.7158 3.2893 0.263940 0.869702 0.251356 0.886389
6 7.3733 3.7719 3.2850 0.247237 0.887777 0.243789 0.902642
7 7.3761 3.7607 3.2530 0.221308 0.897019 0.227676 0.901841
8 7.3499 3.7302 3.2908 0.210415 0.902703 0.220289 0.905124
9 7.3749 3.7537 3.2916 0.201055 0.905897 0.211882 0.908807
10 7.3535 3.7425 3.2874 0.193592 0.909446 0.211323 0.909127
11 7.3620 3.7068 3.2935 0.187406 0.912506 0.200324 0.916573
12 7.2905 3.6870 3.2799 0.181856 0.913876 0.197838 0.917614
13 7.3708 3.7465 3.3039 0.175141 0.914970 0.183233 0.924820
14 7.3857 3.7550 3.3126 0.170404 0.916856 0.178038 0.926982
15 7.3372 3.7254 3.2507 0.167161 0.918359 0.174539 0.927942
16 7.3747 3.7627 3.2898 0.172179 0.920939 0.172458 0.929143
17 7.3632 3.7601 3.2704 0.164588 0.923447 0.176153 0.924820
18 7.2928 3.6856 3.2840 0.159376 0.923011 0.171097 0.929143
19 7.4028 3.7965 3.2811 0.155372 0.924265 0.167392 0.931625
20 7.3241 3.7155 3.2727 0.159388 0.924968 0.158314 0.933947
21 7.4254 3.8302 3.2645 0.153907 0.927859 0.159832 0.935548
22 7.3613 3.7499 3.2881 0.136991 0.930501 0.154004 0.936029
23 7.3732 3.7593 3.2920 0.146842 0.931915 0.156350 0.937390
24 7.3280 3.7074 3.3025 0.126100 0.934984 0.144509 0.938911
25 7.3127 3.7309 3.2662 0.120879 0.937902 0.133682 0.942514
26 7.3296 3.7289 3.2841 0.149713 0.939734 0.134654 0.946837
27 7.3901 3.8080 3.2635 0.103781 0.940562 0.126679 0.949079
28 7.2958 3.6942 3.2867 0.096920 0.947180 0.120767 0.948759
29 7.3233 3.7191 3.2793 0.109066 0.946602 0.126532 0.949560
30 7.3826 3.7794 3.2842 0.122579 0.949377 0.128713 0.943074
31 7.3903 3.7718 3.2914 0.074353 0.950596 0.103162 0.958127
32 7.3022 3.7196 3.2649 0.120379 0.952766 0.103141 0.957646
33 7.3735 3.7639 3.2800 0.089012 0.952295 0.123269 0.944916
34 7.3270 3.7250 3.2779 0.083186 0.956262 0.101565 0.957406
35 7.3511 3.7459 3.2850 0.104931 0.954705 0.128344 0.942274
36 7.4045 3.7308 3.3091 0.068551 0.956698 0.092409 0.962770
37 7.3380 3.7092 3.3056 0.068787 0.958770 0.087412 0.965492
38 7.5886 3.8978 3.3552 0.121070 0.957427 0.124573 0.944115
39 8.2960 4.4055 3.5388 0.066774 0.958655 0.088204 0.965252
40 7.8315 3.9908 3.5163 0.066635 0.960318 0.085046 0.965572
41 7.5807 3.8481 3.4144 0.103685 0.959891 0.101237 0.958687
42 7.3499 3.7364 3.2855 0.066420 0.961394 0.084668 0.965733
43 7.3308 3.7013 3.3031 0.072583 0.961270 0.087536 0.965332
44 7.3456 3.7385 3.2873 0.066234 0.961759 0.082687 0.966053
45 7.3706 3.7513 3.2787 0.070015 0.961866 0.086370 0.965332
46 7.3802 3.7640 3.2930 0.067178 0.962035 0.084436 0.965572
47 7.3792 3.7474 3.2962 0.069902 0.962275 0.085428 0.965332
48 7.3426 3.7438 3.2769 0.064209 0.962462 0.080466 0.966693
49 7.2723 3.6768 3.2621 0.067836 0.962604 0.084510 0.965092
