epoch time fwd_time bwd_time loss acc val_loss val_acc
0 7.6880 4.0664 3.2782 0.563177 0.823393 0.557035 0.826741
1 8.3995 4.4418 3.6268 0.491082 0.823740 0.476729 0.826741
2 7.7294 3.9279 3.4812 0.481929 0.823740 0.464908 0.826741
3 7.5541 3.9170 3.3330 0.480724 0.823740 0.462392 0.826741
4 7.3632 3.7759 3.2821 0.480778 0.823740 0.461841 0.826741
5 7.3409 3.7605 3.2686 0.480895 0.823740 0.461709 0.826741
6 7.3007 3.7415 3.2498 0.480933 0.823740 0.461660 0.826741
7 7.3751 3.7547 3.3057 0.480915 0.823740 0.461618 0.826741
8 7.3271 3.7172 3.2964 0.480861 0.823740 0.461564 0.826741
9 7.3438 3.7461 3.2872 0.480785 0.823740 0.461492 0.826741
10 7.3061 3.7276 3.2760 0.480691 0.823740 0.461396 0.826741
11 7.3872 3.7744 3.2990 0.480545 0.823740 0.461242 0.826741
12 7.4137 3.7944 3.3040 0.480109 0.823740 0.460780 0.826741
13 7.3314 3.7263 3.2956 0.434879 0.823740 0.415097 0.826741
14 7.3314 3.7278 3.3030 0.389932 0.823740 0.372143 0.826741
15 7.3147 3.7408 3.2504 0.373705 0.824896 0.347046 0.829704
16 7.3885 3.7840 3.2896 0.337293 0.834058 0.319710 0.855004
17 7.3315 3.7332 3.2943 0.285537 0.869568 0.261674 0.901521
18 7.3768 3.7789 3.2741 0.252066 0.895836 0.243275 0.901361
19 7.4063 3.7992 3.2994 0.243116 0.898051 0.234380 0.905204
20 7.3016 3.7298 3.2743 0.244021 0.897704 0.233600 0.902242
21 7.3308 3.7295 3.2544 0.236838 0.899883 0.228808 0.903523
22 7.2973 3.7361 3.2569 0.232656 0.901956 0.223096 0.906085
23 7.3284 3.7351 3.2874 0.228131 0.903486 0.219065 0.907366
24 7.3772 3.7428 3.3228 0.224082 0.905016 0.215505 0.907926
25 7.3921 3.8085 3.2406 0.220417 0.906617 0.211993 0.909287
26 7.3241 3.7695 3.2458 0.216419 0.908076 0.208618 0.910889
27 7.2648 3.6980 3.2580 0.212171 0.909366 0.205437 0.912090
28 7.3932 3.7587 3.3155 0.208379 0.910736 0.202254 0.913531
29 7.3042 3.7295 3.2551 0.206747 0.912399 0.199146 0.915212
30 7.2997 3.6976 3.2975 0.204717 0.913725 0.197119 0.915773
31 7.3339 3.7291 3.2953 0.200497 0.915192 0.188868 0.919055
32 7.3332 3.7274 3.2949 0.195926 0.915993 0.190947 0.918094
33 7.4009 3.7792 3.3141 0.194406 0.917514 0.182248 0.922258
34 7.2975 3.7265 3.2723 0.190265 0.918661 0.181618 0.921857
35 7.3870 3.7588 3.3100 0.187994 0.919444 0.180024 0.922418
36 7.3821 3.7557 3.3140 0.178970 0.922059 0.175635 0.925220
37 7.2836 3.7214 3.2591 0.176972 0.924346 0.173475 0.927222
38 7.4262 3.8468 3.2562 0.177782 0.924123 0.171633 0.928022
39 7.3855 3.7672 3.3066 0.170005 0.925618 0.170929 0.928503
40 7.3304 3.7647 3.2654 0.165809 0.926534 0.170638 0.929143
41 7.5633 3.8941 3.3634 0.166885 0.927993 0.171598 0.929624
42 7.6690 3.9187 3.4330 0.164488 0.929185 0.167818 0.931385
43 7.3298 3.7307 3.2919 0.161989 0.929923 0.170601 0.929624
44 7.3017 3.7078 3.2788 0.159874 0.930910 0.171829 0.928663
45 7.3477 3.7821 3.2664 0.156825 0.931773 0.169656 0.929384
46 7.3221 3.7464 3.2702 0.153487 0.932387 0.164986 0.932026
47 7.3124 3.7013 3.3046 0.150647 0.933143 0.161015 0.934107
48 7.3510 3.7575 3.2803 0.148714 0.933997 0.160103 0.934828
49 7.3100 3.7059 3.2930 0.154837 0.934282 0.159455 0.934107
