epoch time fwd_time bwd_time loss acc val_loss val_acc
0 7.7272 4.1554 3.2561 0.645652 0.298811 0.627252 0.826741
1 7.2771 3.7184 3.2612 0.500148 0.823740 0.487146 0.826741
2 7.3188 3.7330 3.2822 0.483602 0.823740 0.467253 0.826741
3 7.3600 3.7457 3.2961 0.480901 0.823740 0.462856 0.826741
4 7.3700 3.7837 3.2718 0.480755 0.823740 0.461944 0.826741
5 7.2285 3.6554 3.2566 0.480842 0.823740 0.461698 0.826741
6 7.3841 3.8137 3.2651 0.480735 0.823740 0.461497 0.826741
7 7.3174 3.7289 3.2841 0.480475 0.823740 0.461235 0.826741
8 7.3586 3.7523 3.2938 0.479767 0.823740 0.460594 0.826741
9 7.2682 3.6939 3.2622 0.472439 0.823740 0.450448 0.826741
10 7.3465 3.7353 3.2985 0.481631 0.823740 0.461443 0.826741
11 7.3676 3.7733 3.2797 0.480704 0.823740 0.461201 0.826741
12 7.3540 3.7702 3.2885 0.480438 0.823740 0.461089 0.826741
13 7.3358 3.7663 3.2698 0.480053 0.823740 0.460767 0.826741
14 7.3221 3.7298 3.2776 0.478327 0.823740 0.459214 0.826741
15 7.3214 3.7486 3.2631 0.472269 0.823740 0.453105 0.826741
16 7.3123 3.7320 3.2654 0.444396 0.823740 0.423688 0.826741
17 7.2680 3.6873 3.2252 0.380902 0.827876 0.358958 0.831705
18 7.3226 3.7346 3.2735 0.363538 0.827778 0.341912 0.831225
19 7.3080 3.7224 3.2803 0.353748 0.827440 0.329901 0.830985
20 7.2852 3.7019 3.2689 0.339140 0.828632 0.316056 0.830905
21 7.3217 3.7540 3.2544 0.316311 0.839911 0.299644 0.865893
22 7.3180 3.7307 3.2697 0.281988 0.878437 0.274272 0.889672
23 7.3324 3.7748 3.2515 0.268043 0.892536 0.267378 0.894476
24 7.3534 3.7354 3.3042 0.266675 0.894760 0.253443 0.899600
25 7.3674 3.7475 3.3111 0.253733 0.896139 0.249116 0.897758
26 7.2898 3.7026 3.2731 0.246015 0.895783 0.251245 0.895356
27 7.3164 3.7286 3.2771 0.244217 0.898416 0.245726 0.896717
28 7.2470 3.6892 3.2532 0.239604 0.899608 0.240934 0.898799
29 7.4001 3.7999 3.2936 0.235940 0.900995 0.236474 0.900801
30 7.3264 3.7290 3.2844 0.232551 0.902783 0.232381 0.902322
31 7.3571 3.7547 3.2983 0.229834 0.904153 0.228449 0.903523
32 7.3292 3.7458 3.2750 0.227600 0.905479 0.224684 0.905845
33 7.4207 3.8672 3.2515 0.225539 0.906884 0.221181 0.908006
34 7.3325 3.7435 3.2768 0.223380 0.908183 0.218002 0.911529
35 7.3169 3.7171 3.2838 0.220955 0.909241 0.215148 0.912650
36 7.3814 3.7792 3.2918 0.218196 0.910246 0.212568 0.913611
37 7.3274 3.7520 3.2620 0.215142 0.911296 0.210179 0.915292
38 7.2425 3.6806 3.2620 0.211879 0.912301 0.207900 0.916413
39 7.3129 3.7234 3.2819 0.208497 0.913049 0.205677 0.917614
40 7.3324 3.7231 3.3033 0.205047 0.914027 0.203479 0.918895
41 7.3749 3.7722 3.2989 0.201556 0.914765 0.201298 0.919456
42 7.3358 3.7694 3.2541 0.198033 0.915762 0.199134 0.919936
43 7.3283 3.7682 3.2462 0.194489 0.916518 0.196993 0.920817
44 7.3808 3.7820 3.2827 0.190932 0.917398 0.194877 0.921777
45 7.2854 3.6927 3.2777 0.187375 0.918181 0.192786 0.922658
46 7.5482 3.8751 3.3599 0.183826 0.919008 0.190720 0.923058
47 7.6681 3.9161 3.4405 0.180292 0.919871 0.188676 0.924500
48 7.3237 3.7266 3.2846 0.176770 0.920654 0.186648 0.925220
49 7.3534 3.7706 3.2697 0.173260 0.921401 0.184635 0.925540
