epoch time fwd_time bwd_time loss acc val_loss val_acc
0 7.7523 4.1481 3.2921 0.494072 0.823740 0.461310 0.826741
1 7.3849 3.7601 3.3107 0.411836 0.823740 0.396313 0.826741
2 7.3676 3.7473 3.3078 0.356015 0.823740 0.338201 0.826741
3 7.3573 3.7600 3.2792 0.320531 0.830936 0.292526 0.868135
4 7.3097 3.7162 3.2763 0.243335 0.883436 0.235731 0.902002
5 7.3993 3.7899 3.2906 0.226072 0.898843 0.222312 0.905604
6 7.3730 3.7633 3.2840 0.215116 0.902721 0.211260 0.909608
7 7.8383 4.0385 3.4751 0.209397 0.904518 0.205903 0.910729
8 7.3152 3.7106 3.2873 0.212491 0.905496 0.202804 0.912650
9 7.2611 3.6991 3.2436 0.199485 0.908699 0.210159 0.907846
10 7.2978 3.7034 3.2803 0.192663 0.910629 0.216218 0.909848
11 7.2748 3.6970 3.2609 0.191273 0.910602 0.189310 0.918495
12 7.3231 3.7150 3.3017 0.175584 0.914961 0.195778 0.917614
13 7.3091 3.7057 3.2911 0.174113 0.917336 0.212480 0.911289
14 7.4092 3.7557 3.3328 0.164726 0.921650 0.193888 0.920657
15 7.3194 3.7287 3.2720 0.181117 0.921873 0.169277 0.928102
16 7.2711 3.6793 3.2453 0.154178 0.925582 0.168575 0.930504
17 7.3085 3.7012 3.2878 0.135606 0.929149 0.154431 0.936029
18 7.3656 3.7533 3.2902 0.133718 0.927494 0.155479 0.933947
19 7.3739 3.7966 3.2705 0.134770 0.933054 0.153125 0.937070
20 7.2801 3.7144 3.2504 0.140879 0.931649 0.140905 0.940432
21 7.3907 3.7709 3.3028 0.159559 0.934308 0.152479 0.936109
22 7.3155 3.7013 3.2919 0.130743 0.937662 0.137777 0.942274
23 7.4010 3.7686 3.3249 0.127633 0.941869 0.123048 0.948359
24 7.4146 3.8038 3.2872 0.110695 0.942216 0.125170 0.946757
25 7.2943 3.7109 3.2806 0.100949 0.947224 0.113070 0.951241
26 7.3007 3.7285 3.2620 0.099554 0.945045 0.123778 0.948359
27 7.2686 3.7034 3.2554 0.094216 0.948728 0.109699 0.952362
28 7.3893 3.7708 3.2937 0.085951 0.953469 0.099354 0.959247
29 7.2816 3.6786 3.2876 0.099492 0.953264 0.114571 0.950600
30 7.3695 3.7503 3.3057 0.086896 0.955301 0.102056 0.958927
31 7.3222 3.7441 3.2791 0.086068 0.956431 0.102389 0.960048
32 7.3796 3.7998 3.2714 0.085048 0.957721 0.091412 0.963171
33 7.3030 3.7032 3.2837 0.081852 0.956991 0.089728 0.963411
34 7.3326 3.7442 3.2696 0.073019 0.959197 0.089500 0.963171
35 7.3934 3.7783 3.3051 0.070286 0.959473 0.086535 0.964051
36 7.3881 3.7854 3.2996 0.073096 0.959936 0.084945 0.965252
37 7.2585 3.6980 3.2431 0.071125 0.960487 0.083875 0.966213
38 7.3819 3.7852 3.2831 0.073014 0.960976 0.083441 0.966133
39 7.2918 3.6914 3.2779 0.064350 0.961546 0.082309 0.966213
40 7.3786 3.7684 3.2983 0.072014 0.961501 0.083851 0.966293
41 7.2323 3.6663 3.2579 0.064301 0.962302 0.080334 0.967494
42 7.4085 3.8298 3.2594 0.064806 0.962622 0.079430 0.968135
43 7.3546 3.7488 3.2851 0.062238 0.962827 0.078892 0.968135
44 7.3087 3.7203 3.2798 0.060700 0.963342 0.078598 0.968855
45 7.3596 3.7091 3.3015 0.060188 0.963574 0.077915 0.969095
46 7.2752 3.6880 3.2665 0.059648 0.963876 0.077662 0.968855
47 7.4265 3.7812 3.3216 0.059269 0.964116 0.077319 0.968455
48 7.3938 3.8084 3.2770 0.059311 0.964508 0.077298 0.968615
49 7.4445 3.8333 3.2837 0.059815 0.964917 0.077479 0.969335
