epoch time fwd_time bwd_time loss acc val_loss val_acc
0 7.7433 4.1125 3.3027 0.480758 0.823740 0.461024 0.826741
1 7.3022 3.6997 3.2717 0.454394 0.823740 0.425685 0.826741
2 7.2776 3.6925 3.2593 0.364237 0.823740 0.340818 0.826741
3 7.3200 3.7136 3.2762 0.324718 0.822414 0.309659 0.837310
4 7.3131 3.7294 3.2727 0.288195 0.869639 0.275216 0.879744
5 7.3141 3.7279 3.2655 0.232181 0.891566 0.231642 0.902162
6 7.2822 3.6903 3.2724 0.218345 0.900862 0.226344 0.903683
7 7.4625 3.8232 3.3088 0.212533 0.906083 0.206815 0.913211
8 7.3518 3.7158 3.3160 0.202523 0.909775 0.198819 0.916413
9 7.2423 3.6525 3.2660 0.190692 0.912835 0.194713 0.920336
10 7.3013 3.6920 3.2897 0.174395 0.916758 0.189892 0.919776
11 7.2786 3.7271 3.2366 0.169279 0.919222 0.176290 0.927942
12 7.2811 3.6847 3.2736 0.155770 0.921962 0.186425 0.922738
13 7.3195 3.7319 3.2557 0.156915 0.924568 0.172831 0.927862
14 7.4116 3.7821 3.3115 0.156318 0.924870 0.200847 0.917454
15 7.3151 3.7346 3.2618 0.158045 0.927930 0.182388 0.924740
16 7.2740 3.6895 3.2710 0.145806 0.930047 0.156706 0.937790
17 7.2864 3.6949 3.2699 0.133501 0.933276 0.154766 0.935789
18 7.3740 3.7567 3.2915 0.132444 0.933872 0.149691 0.938831
19 7.3181 3.7320 3.2717 0.131323 0.932476 0.145853 0.941393
20 7.3394 3.7171 3.2797 0.138838 0.934068 0.156843 0.936829
21 7.3363 3.7594 3.2493 0.122936 0.938756 0.142397 0.942114
22 7.3753 3.7462 3.3096 0.116254 0.937697 0.131306 0.945236
23 7.3774 3.7739 3.2860 0.119064 0.940215 0.133902 0.944596
24 7.3262 3.7596 3.2508 0.130225 0.941211 0.133715 0.944996
25 7.3575 3.7524 3.2752 0.112239 0.942705 0.133925 0.945236
26 7.3093 3.7217 3.2650 0.132172 0.946335 0.124315 0.949480
27 7.4251 3.7784 3.3238 0.126326 0.946744 0.118057 0.952922
28 7.7423 3.9210 3.4573 0.108281 0.949653 0.113320 0.954283
29 7.3640 3.7363 3.3042 0.107103 0.951369 0.105529 0.956845
30 7.3445 3.7577 3.2660 0.112535 0.952517 0.104072 0.957246
31 7.2369 3.6600 3.2528 0.118627 0.953949 0.103051 0.958767
32 7.3839 3.7571 3.2641 0.118549 0.955043 0.101443 0.960528
33 7.3172 3.7073 3.2848 0.112154 0.955986 0.100760 0.961169
34 7.2516 3.6693 3.2587 0.102337 0.956529 0.101028 0.959968
35 7.4206 3.8202 3.2813 0.096125 0.956742 0.101055 0.960128
36 7.2733 3.7221 3.2152 0.093215 0.957214 0.098899 0.960448
37 7.4595 3.7797 3.3449 0.091569 0.958068 0.097184 0.961249
38 7.3465 3.7378 3.2950 0.090449 0.958468 0.095487 0.961970
39 7.3222 3.7076 3.2842 0.089663 0.958610 0.093964 0.962610
40 7.3932 3.7684 3.3006 0.089028 0.958833 0.092813 0.963090
41 7.3110 3.6871 3.2963 0.088333 0.958957 0.092084 0.964131
42 7.3726 3.7741 3.2787 0.087503 0.959046 0.091579 0.964852
43 7.3332 3.7487 3.2599 0.086571 0.959393 0.091080 0.965012
44 7.3440 3.7447 3.2702 0.085596 0.959802 0.090508 0.964692
45 7.3558 3.7376 3.2947 0.084658 0.959936 0.089936 0.965412
46 7.3144 3.7262 3.2657 0.083887 0.960256 0.089558 0.965492
47 7.3006 3.6995 3.2803 0.083371 0.960496 0.089542 0.965412
48 7.3055 3.7186 3.2590 0.083037 0.961003 0.089742 0.965172
49 7.4126 3.8547 3.2302 0.082695 0.961430 0.089692 0.965252
