epoch time fwd_time bwd_time loss acc val_loss val_acc
0 7.6932 4.0880 3.2855 0.488019 0.817139 0.462004 0.826741
1 7.3047 3.7026 3.2814 0.474234 0.823740 0.457938 0.826741
2 7.3661 3.7625 3.2815 0.486181 0.823740 0.460134 0.826741
3 7.2881 3.6811 3.2667 0.356764 0.823749 0.339483 0.827062
4 7.2395 3.6681 3.2493 0.296827 0.853628 0.274486 0.883507
5 7.2953 3.6859 3.2812 0.255951 0.883214 0.249575 0.898959
6 7.3695 3.7681 3.2712 0.232709 0.891068 0.230007 0.905044
7 7.3018 3.7143 3.2267 0.221124 0.900853 0.222526 0.907526
8 7.3307 3.7216 3.2900 0.238389 0.905461 0.204722 0.917294
9 7.3379 3.7368 3.2736 0.190462 0.910229 0.193850 0.919856
10 7.3911 3.7574 3.3117 0.207624 0.912372 0.189859 0.922818
11 7.4109 3.7905 3.2874 0.189313 0.915619 0.179962 0.924900
12 7.2904 3.6970 3.2728 0.175369 0.915664 0.183438 0.921377
13 7.3418 3.7518 3.2673 0.176442 0.917478 0.184116 0.921777
14 7.3228 3.6877 3.3176 0.173711 0.921455 0.168195 0.929784
15 7.3301 3.7334 3.2686 0.166805 0.921819 0.166589 0.932426
16 7.2359 3.6597 3.2608 0.162823 0.924088 0.159550 0.932746
17 7.3193 3.7357 3.2515 0.155985 0.927726 0.163509 0.931625
18 7.2752 3.6740 3.2846 0.162743 0.929398 0.161244 0.933947
19 7.4183 3.7783 3.3231 0.139370 0.934041 0.157875 0.934748
20 7.3074 3.6903 3.2870 0.131561 0.935776 0.147640 0.937390
21 7.3220 3.7092 3.2856 0.122275 0.936692 0.144749 0.941553
22 7.2709 3.6814 3.2656 0.122131 0.935109 0.133184 0.946197
23 7.3835 3.7777 3.2724 0.110390 0.942225 0.129413 0.946597
24 7.3098 3.6972 3.2822 0.106864 0.944938 0.150679 0.936589
25 7.3668 3.7297 3.3097 0.104476 0.944769 0.121645 0.950520
26 7.3241 3.7392 3.2622 0.127531 0.944716 0.121785 0.950200
27 7.3041 3.7140 3.2686 0.111109 0.947642 0.136222 0.945877
28 7.1964 3.6442 3.2380 0.123971 0.950391 0.108067 0.955084
29 7.3459 3.7584 3.2632 0.108627 0.951334 0.138967 0.944115
30 7.3672 3.7885 3.2577 0.110006 0.951939 0.129577 0.949079
31 7.2472 3.6594 3.2711 0.125777 0.953780 0.102363 0.960048
32 7.2903 3.7075 3.2661 0.118805 0.956208 0.100600 0.962210
33 7.2564 3.6765 3.2605 0.125158 0.956484 0.101767 0.959247
34 7.3439 3.7215 3.2940 0.110095 0.958041 0.093394 0.963571
35 7.2808 3.6825 3.2827 0.103362 0.959108 0.090053 0.965012
36 7.3492 3.7359 3.2588 0.094870 0.960078 0.088290 0.965412
37 7.2845 3.6875 3.2717 0.087136 0.960870 0.087245 0.965973
38 7.2920 3.7195 3.2548 0.082675 0.961661 0.086025 0.965973
39 7.3422 3.7392 3.2818 0.078945 0.962231 0.084977 0.965813
40 7.2894 3.7108 3.2543 0.075740 0.962649 0.084069 0.966213
41 7.3797 3.7512 3.3068 0.073152 0.963102 0.083234 0.966613
42 7.3476 3.7513 3.2761 0.071208 0.963529 0.082467 0.966853
43 7.2875 3.7303 3.2381 0.069780 0.963956 0.081781 0.967254
44 7.3818 3.7871 3.2660 0.068711 0.964134 0.081164 0.967574
45 7.2615 3.6978 3.2291 0.067896 0.964348 0.080600 0.968054
46 7.3671 3.7468 3.2922 0.067285 0.964561 0.080078 0.968295
47 7.8494 4.0229 3.4863 0.066869 0.964677 0.079594 0.968295
48 7.3861 3.7921 3.2767 0.066663 0.964703 0.079143 0.968375
49 7.3111 3.7135 3.2767 0.066685 0.964721 0.078726 0.968215
