epoch time fwd_time bwd_time loss acc val_loss val_acc
0 7.6839 4.0775 3.2606 0.664566 0.272783 0.650593 0.826341
1 7.3528 3.7703 3.2703 0.534771 0.823722 0.525324 0.826741
2 7.3576 3.7323 3.3105 0.495188 0.823740 0.481655 0.826741
3 7.3671 3.7825 3.2781 0.485024 0.823740 0.469329 0.826741
4 7.4081 3.8155 3.2858 0.481767 0.823740 0.464667 0.826741
5 7.3833 3.7717 3.2965 0.480852 0.823740 0.462833 0.826741
6 7.3631 3.7594 3.2919 0.480732 0.823740 0.462134 0.826741
7 7.3649 3.7772 3.2829 0.480819 0.823740 0.461877 0.826741
8 7.4270 3.8111 3.2522 0.480916 0.823740 0.461782 0.826741
9 7.3111 3.7035 3.2948 0.480976 0.823740 0.461746 0.826741
10 7.4185 3.8099 3.2964 0.481006 0.823740 0.461728 0.826741
11 7.2249 3.6544 3.2609 0.481019 0.823740 0.461709 0.826741
12 7.3710 3.7658 3.2978 0.481058 0.823740 0.461654 0.826741
13 7.3338 3.7546 3.2686 0.481205 0.823740 0.461417 0.826741
14 7.3288 3.7333 3.2869 0.410129 0.832368 0.376156 0.855564
15 7.2784 3.7047 3.2692 0.303030 0.875466 0.292960 0.898879
16 7.3453 3.7346 3.2981 0.287502 0.895712 0.263359 0.904083
17 7.2632 3.6809 3.2706 0.258659 0.901342 0.243228 0.908006
18 7.3517 3.7441 3.2931 0.243054 0.905132 0.234818 0.910488
19 7.3225 3.7167 3.2966 0.230226 0.909037 0.222506 0.912490
20 7.3660 3.7486 3.3024 0.223678 0.912310 0.219527 0.912490
21 7.3098 3.7284 3.2641 0.212928 0.914774 0.213959 0.915773
22 7.3500 3.7537 3.2806 0.205562 0.916847 0.198271 0.920977
23 7.2716 3.6868 3.2675 0.199188 0.917781 0.193078 0.922258
24 7.4147 3.8066 3.2946 0.192151 0.918857 0.199700 0.917774
25 7.2226 3.6591 3.2620 0.186232 0.921054 0.198637 0.917934
26 7.3431 3.7325 3.3027 0.181567 0.923056 0.199139 0.917134
27 7.2685 3.6802 3.2765 0.179836 0.924061 0.179365 0.926581
28 7.2453 3.6632 3.2652 0.173219 0.926543 0.177730 0.927302
29 7.3356 3.7691 3.2509 0.164993 0.927806 0.184386 0.923058
30 7.2064 3.6571 3.2408 0.164634 0.929443 0.170241 0.930985
31 7.3107 3.7620 3.2333 0.160014 0.930243 0.168477 0.931225
32 7.2225 3.6676 3.2322 0.149911 0.931453 0.162080 0.934988
33 7.3254 3.7027 3.2649 0.140525 0.932760 0.161960 0.934107
34 7.3223 3.7011 3.3156 0.132771 0.933952 0.172281 0.927862
35 7.3053 3.7318 3.2687 0.131182 0.935136 0.172704 0.928102
36 7.3406 3.7373 3.3006 0.126682 0.935767 0.157013 0.936589
37 7.3207 3.7202 3.2857 0.125571 0.937324 0.164152 0.930905
38 7.2314 3.6798 3.2435 0.123735 0.937021 0.148293 0.941313
39 7.3292 3.7273 3.2946 0.135316 0.938614 0.162162 0.932026
40 7.3087 3.7440 3.2667 0.118079 0.938800 0.144922 0.942034
41 7.3682 3.7471 3.3169 0.115635 0.940170 0.143138 0.942754
42 7.3193 3.7379 3.2627 0.126528 0.940846 0.145252 0.939552
43 7.3277 3.7763 3.2377 0.119824 0.941896 0.140202 0.941713
44 7.3965 3.8058 3.2813 0.130717 0.942910 0.141558 0.940673
45 7.2746 3.7052 3.2472 0.127285 0.943488 0.137322 0.943074
46 7.2169 3.6744 3.2366 0.129098 0.944547 0.133781 0.945556
47 7.3056 3.7422 3.2564 0.129725 0.945507 0.130704 0.948279
48 7.3302 3.7483 3.2582 0.127994 0.946370 0.128426 0.949159
49 7.3289 3.7522 3.2610 0.124853 0.947367 0.126482 0.949640
