epoch time fwd_time bwd_time loss acc val_loss val_acc
0 7.7340 4.1381 3.2800 0.496228 0.816472 0.461554 0.826741
1 7.3650 3.7343 3.3021 0.385006 0.823740 0.336002 0.826741
2 7.4333 3.7992 3.3145 0.273887 0.868198 0.262599 0.889271
3 7.3094 3.7176 3.2653 0.242919 0.892554 0.238966 0.902322
4 7.2741 3.7029 3.2537 0.229163 0.898754 0.231367 0.905364
5 7.3689 3.7549 3.2900 0.219254 0.902650 0.224832 0.907526
6 7.3772 3.7455 3.3018 0.211458 0.904749 0.221686 0.908567
7 7.4086 3.7838 3.3088 0.206864 0.905870 0.215724 0.910168
8 7.3261 3.7395 3.2804 0.202194 0.907080 0.207187 0.913851
9 7.3393 3.7351 3.2854 0.196892 0.909695 0.203049 0.915532
10 7.2395 3.6631 3.2464 0.191822 0.910789 0.198646 0.918094
11 7.4471 3.8173 3.3085 0.190287 0.912399 0.193815 0.919696
12 7.3520 3.7518 3.2818 0.183775 0.915424 0.188113 0.921857
13 7.4107 3.7654 3.3169 0.181963 0.917541 0.182705 0.924259
14 7.3217 3.7216 3.2731 0.186815 0.920414 0.176459 0.926421
15 7.3283 3.7234 3.2919 0.173571 0.923919 0.170476 0.927302
16 7.3226 3.7292 3.2619 0.173982 0.927308 0.161585 0.934267
17 7.3404 3.7631 3.2501 0.132398 0.931150 0.186374 0.920657
18 7.3325 3.7325 3.2836 0.144873 0.932894 0.160079 0.933227
19 7.4413 3.8232 3.2888 0.108032 0.937866 0.131559 0.944436
20 7.3663 3.7066 3.2964 0.138462 0.938231 0.146964 0.935228
21 7.3344 3.7115 3.2904 0.112394 0.942821 0.123863 0.948439
22 7.8338 4.0599 3.4421 0.126173 0.948238 0.117093 0.952122
23 8.2457 4.3391 3.5735 0.087592 0.952962 0.107440 0.956926
24 7.8315 3.9906 3.4777 0.084291 0.951165 0.103246 0.959568
25 7.5090 3.8285 3.3568 0.080084 0.951930 0.101061 0.961169
26 7.5144 3.8269 3.3593 0.100122 0.956386 0.096174 0.963491
27 7.6648 3.9009 3.4290 0.084092 0.959260 0.090988 0.964692
28 7.3932 3.7923 3.2740 0.082891 0.959971 0.089573 0.964852
29 7.3135 3.7423 3.2529 0.080974 0.960380 0.088151 0.965412
30 7.7457 3.9738 3.4452 0.080713 0.961039 0.087240 0.966533
31 7.4952 3.8059 3.3619 0.086269 0.960914 0.088314 0.966133
32 7.4108 3.7999 3.2898 0.078761 0.962177 0.085438 0.967014
33 7.3720 3.7266 3.3162 0.077275 0.962435 0.084402 0.967414
34 7.3557 3.7190 3.3092 0.082033 0.962053 0.086048 0.967094
35 7.3952 3.8032 3.2647 0.080502 0.962337 0.085304 0.967654
36 7.3881 3.7616 3.3045 0.079251 0.962302 0.085213 0.967414
37 7.2514 3.6814 3.2536 0.076985 0.962702 0.083823 0.968295
38 7.2898 3.6941 3.2773 0.073769 0.962978 0.082595 0.968855
39 7.4024 3.7938 3.2819 0.072768 0.963245 0.086921 0.964131
40 7.4035 3.7928 3.2899 0.074709 0.964232 0.081819 0.968295
41 7.2437 3.6458 3.2710 0.072151 0.963823 0.080704 0.970136
42 7.4120 3.7509 3.3289 0.071077 0.963947 0.085840 0.964291
43 7.3552 3.7265 3.2985 0.072782 0.964961 0.080184 0.969576
44 7.3758 3.7593 3.2945 0.069709 0.964392 0.079449 0.969816
45 7.2997 3.6979 3.2765 0.069807 0.964481 0.086093 0.964211
46 7.2847 3.6925 3.2782 0.071090 0.965593 0.078127 0.970136
47 7.3533 3.7499 3.2711 0.068712 0.964775 0.078139 0.970136
48 7.4499 3.8265 3.2904 0.069027 0.964944 0.087403 0.963251
49 7.3752 3.7389 3.2806 0.066836 0.965842 0.077594 0.969976
