epoch time fwd_time bwd_time loss acc val_loss val_acc
0 7.6493 4.0493 3.2863 0.624858 0.372250 0.616149 0.826741
1 7.3317 3.7158 3.3062 0.521674 0.823740 0.511201 0.826741
2 7.3081 3.7407 3.2580 0.492053 0.823740 0.477978 0.826741
3 7.3608 3.7589 3.2866 0.483354 0.823740 0.467047 0.826741
4 7.2753 3.6771 3.2427 0.481106 0.823740 0.463430 0.826741
5 7.3228 3.7107 3.2978 0.480743 0.823740 0.462266 0.826741
6 7.3272 3.7103 3.3050 0.480820 0.823740 0.461904 0.826741
7 7.3320 3.7628 3.2602 0.480928 0.823740 0.461791 0.826741
8 7.3492 3.7503 3.2907 0.480992 0.823740 0.461753 0.826741
9 7.3621 3.7248 3.3170 0.481020 0.823740 0.461738 0.826741
10 7.3509 3.7551 3.2929 0.481028 0.823740 0.461730 0.826741
11 7.4043 3.8073 3.2889 0.481028 0.823740 0.461725 0.826741
12 7.3680 3.7404 3.3078 0.481025 0.823740 0.461721 0.826741
13 7.3795 3.7344 3.3201 0.481021 0.823740 0.461717 0.826741
14 7.3218 3.7148 3.2987 0.481017 0.823740 0.461714 0.826741
15 7.3582 3.7423 3.2994 0.481013 0.823740 0.461710 0.826741
16 7.3843 3.8104 3.2662 0.481008 0.823740 0.461704 0.826741
17 7.2737 3.6862 3.2853 0.481003 0.823740 0.461697 0.826741
18 7.3550 3.7200 3.3224 0.480992 0.823740 0.461684 0.826741
19 7.3272 3.7435 3.2668 0.480955 0.823740 0.461644 0.826741
20 7.3884 3.7535 3.3230 0.480801 0.823740 0.461509 0.826741
21 7.3622 3.7704 3.2725 0.480696 0.823740 0.461366 0.826741
22 7.3637 3.7207 3.3250 0.480514 0.823740 0.461157 0.826741
23 7.3586 3.7798 3.2669 0.480076 0.823740 0.460696 0.826741
24 7.3572 3.7368 3.2990 0.430964 0.823740 0.421918 0.826741
25 7.3439 3.7544 3.2845 0.393004 0.823740 0.374098 0.826741
26 7.2635 3.6681 3.2879 0.366473 0.824185 0.346464 0.829143
27 7.2819 3.7043 3.2761 0.303627 0.856599 0.287732 0.883507
28 7.3852 3.7842 3.2813 0.274069 0.882031 0.276868 0.884868
29 7.3304 3.6843 3.3397 0.264700 0.886647 0.258242 0.892874
30 7.3347 3.7507 3.2663 0.255708 0.889681 0.252281 0.895677
31 7.3011 3.7239 3.2586 0.249623 0.891700 0.247608 0.896157
32 7.4334 3.8508 3.2660 0.245280 0.893248 0.243690 0.897438
33 7.3266 3.7102 3.2658 0.241735 0.894795 0.240415 0.898159
34 7.3837 3.7973 3.2661 0.238373 0.895783 0.237757 0.898719
35 7.3183 3.7220 3.2721 0.236510 0.896654 0.234870 0.899840
36 7.3469 3.7552 3.2655 0.237014 0.897962 0.232366 0.900801
37 7.4023 3.7829 3.3093 0.236049 0.898816 0.230437 0.901361
38 7.2431 3.6636 3.2633 0.234515 0.899243 0.228749 0.902402
39 7.3524 3.7419 3.3017 0.232975 0.899697 0.227185 0.903283
40 7.3641 3.7615 3.2926 0.231131 0.900079 0.225760 0.903523
41 7.4091 3.7870 3.2677 0.226521 0.900800 0.225434 0.904163
42 7.3001 3.7083 3.2729 0.223482 0.901627 0.223451 0.905284
43 7.2635 3.6934 3.2638 0.221241 0.902552 0.220270 0.906565
44 7.3496 3.7470 3.2821 0.219952 0.903548 0.217775 0.907766
45 7.3626 3.7371 3.3120 0.217859 0.904509 0.214817 0.909047
46 7.2821 3.6990 3.2722 0.215037 0.905496 0.211972 0.909608
47 7.3938 3.7566 3.3103 0.213832 0.906564 0.210407 0.910408
48 7.3101 3.7189 3.2771 0.211992 0.908005 0.207789 0.911289
49 7.4315 3.8234 3.2879 0.208534 0.909295 0.203997 0.912090
