epoch time fwd_time bwd_time loss acc val_loss val_acc
0 7.6798 4.0629 3.2927 0.601577 0.354513 0.582437 0.826741
1 7.3098 3.7022 3.2911 0.497185 0.823740 0.483728 0.826741
2 7.3128 3.7256 3.2748 0.483585 0.823740 0.467168 0.826741
3 7.4111 3.7935 3.2998 0.481075 0.823740 0.463048 0.826741
4 7.3038 3.7079 3.2827 0.480289 0.823740 0.461503 0.826741
5 7.3168 3.7218 3.2759 0.413326 0.823517 0.402658 0.833787
6 7.3125 3.7122 3.2815 0.415719 0.832982 0.381454 0.850921
7 7.3544 3.7572 3.2878 0.338878 0.852605 0.318080 0.880705
8 7.2729 3.6860 3.2700 0.276442 0.884423 0.269654 0.904884
9 7.3071 3.7021 3.2932 0.250491 0.899003 0.243870 0.911369
10 7.2991 3.6964 3.2792 0.233878 0.904278 0.235691 0.910408
11 7.3250 3.7449 3.2711 0.223807 0.909179 0.223991 0.913371
12 7.3927 3.7964 3.2412 0.222204 0.910647 0.215023 0.915693
13 7.3032 3.6831 3.3059 0.211470 0.912266 0.211732 0.915612
14 7.3214 3.7378 3.2777 0.206384 0.913698 0.206873 0.916813
15 7.3437 3.7353 3.2784 0.200796 0.914997 0.200923 0.920256
16 8.6752 4.6817 3.6491 0.199057 0.916242 0.195470 0.922898
17 7.7665 3.9704 3.4737 0.195924 0.917754 0.194932 0.922418
18 7.8504 3.9895 3.5322 0.189631 0.918928 0.195180 0.921217
19 7.4142 3.7751 3.3203 0.185461 0.919702 0.189011 0.924820
20 7.3560 3.7342 3.3022 0.192215 0.921072 0.183861 0.925140
21 7.3332 3.7189 3.2925 0.185244 0.922228 0.179318 0.927142
22 7.3560 3.7690 3.2724 0.177648 0.923634 0.176992 0.928263
23 7.3748 3.7871 3.2702 0.173925 0.924657 0.174703 0.928343
24 7.3823 3.7773 3.2947 0.171423 0.925395 0.171178 0.929624
25 7.7335 3.9299 3.4839 0.171387 0.926747 0.168871 0.930424
26 7.3083 3.7124 3.2893 0.165361 0.927352 0.166827 0.930985
27 7.4866 3.9067 3.2595 0.161511 0.927726 0.164151 0.932746
28 7.3987 3.7614 3.3222 0.160287 0.929416 0.164610 0.931705
29 7.3203 3.7147 3.2870 0.157775 0.929647 0.162658 0.931865
30 7.3845 3.7704 3.3016 0.153847 0.930501 0.162357 0.932506
31 7.3338 3.7393 3.2947 0.152735 0.931097 0.160608 0.933547
32 7.4290 3.8058 3.3143 0.150152 0.931569 0.161682 0.932586
33 7.3234 3.7231 3.2812 0.148413 0.932503 0.157293 0.935148
34 7.2844 3.6915 3.2923 0.146109 0.933223 0.159275 0.933387
35 7.4129 3.8226 3.2845 0.146442 0.933241 0.154457 0.936029
36 7.3381 3.7429 3.2804 0.143196 0.933926 0.155918 0.934267
37 7.3368 3.7251 3.2629 0.140442 0.935020 0.151251 0.937470
38 7.3049 3.6881 3.2961 0.138803 0.935038 0.150897 0.937310
39 7.3672 3.7672 3.2844 0.136961 0.935571 0.148589 0.938030
40 7.3673 3.7289 3.3231 0.135172 0.936194 0.145242 0.939231
41 7.3068 3.7210 3.2621 0.134385 0.936621 0.142783 0.940432
42 7.3802 3.7575 3.2956 0.135239 0.936310 0.150388 0.935228
43 7.3079 3.7088 3.2797 0.130727 0.937048 0.143449 0.937470
44 7.3019 3.7266 3.2685 0.129413 0.937448 0.144004 0.937470
45 7.3801 3.7580 3.2997 0.134388 0.937857 0.144538 0.937870
46 7.3368 3.7258 3.2893 0.127739 0.938471 0.140629 0.938911
47 7.3416 3.7427 3.2779 0.129566 0.938338 0.140746 0.940192
48 7.3146 3.7095 3.2910 0.123239 0.939939 0.137469 0.940753
49 7.3607 3.7376 3.2658 0.122193 0.939734 0.136379 0.941553
