epoch time fwd_time bwd_time loss acc val_loss val_acc
0 7.8052 4.1866 3.2908 0.498927 0.740782 0.461835 0.826741
1 7.3552 3.7253 3.3081 0.478200 0.823740 0.457526 0.826741
2 7.4502 3.8519 3.2648 0.450326 0.823740 0.422859 0.826741
3 7.3368 3.7171 3.2956 0.349725 0.823740 0.332372 0.826741
4 7.3849 3.7561 3.2959 0.334320 0.823740 0.317360 0.826741
5 7.3456 3.7094 3.3137 0.324079 0.833018 0.283153 0.865572
6 7.4197 3.8100 3.2935 0.258682 0.872023 0.251929 0.892954
7 7.2522 3.6619 3.2704 0.235863 0.892910 0.232617 0.908487
8 7.3394 3.7402 3.2754 0.221923 0.900533 0.221431 0.911689
9 7.2789 3.6886 3.2714 0.216580 0.903940 0.211177 0.913291
10 7.3915 3.7791 3.2866 0.203953 0.906528 0.207113 0.912090
11 7.3132 3.7086 3.2785 0.205323 0.909873 0.203413 0.913291
12 7.3941 3.7814 3.2856 0.186553 0.910789 0.196475 0.916173
13 7.4511 3.8152 3.3059 0.185718 0.911154 0.212999 0.905204
14 7.3524 3.7221 3.3008 0.203362 0.913511 0.207034 0.908327
15 7.3162 3.7154 3.2779 0.172466 0.914036 0.182022 0.923939
16 7.3839 3.7307 3.3237 0.160612 0.914347 0.175808 0.927222
17 7.3262 3.7464 3.2608 0.160326 0.918030 0.173268 0.927622
18 7.3306 3.6987 3.3120 0.150656 0.916954 0.169231 0.928663
19 7.3091 3.6947 3.2500 0.153752 0.913387 0.167910 0.930024
20 7.2675 3.7070 3.2442 0.163351 0.925208 0.161405 0.932266
21 7.3831 3.7726 3.2695 0.144799 0.925333 0.183818 0.924339
22 7.2813 3.7007 3.2542 0.151633 0.924310 0.181234 0.924900
23 7.4305 3.7886 3.3144 0.141163 0.924008 0.159947 0.932906
24 7.5580 3.8362 3.3895 0.127334 0.926472 0.161297 0.933627
25 7.4723 3.8101 3.3385 0.131070 0.929238 0.148387 0.938191
26 7.3324 3.7150 3.2852 0.129644 0.930190 0.147164 0.936829
27 7.4405 3.8267 3.2955 0.118644 0.933694 0.159108 0.933707
28 7.3685 3.7629 3.2871 0.159374 0.923251 0.160257 0.933147
29 7.3384 3.7114 3.3055 0.139123 0.932716 0.148920 0.939151
30 7.3166 3.6988 3.2970 0.112788 0.926125 0.146105 0.940993
31 7.4640 3.8101 3.3223 0.117856 0.936879 0.139794 0.941873
32 7.2359 3.6685 3.2558 0.122041 0.935883 0.137334 0.943795
33 7.2918 3.6695 3.2991 0.108897 0.938320 0.131431 0.944355
34 7.3445 3.7195 3.2978 0.115313 0.938107 0.137199 0.943475
35 7.4047 3.7921 3.2880 0.117560 0.938560 0.136919 0.943955
36 7.3230 3.7308 3.2607 0.115377 0.938898 0.136162 0.944195
37 7.4303 3.8142 3.2880 0.112487 0.939281 0.135235 0.943875
38 7.4571 3.8452 3.2863 0.124939 0.940384 0.136325 0.943715
39 7.3758 3.7216 3.3310 0.107715 0.941522 0.129532 0.947718
40 7.3636 3.7754 3.2375 0.109811 0.942181 0.127435 0.946998
41 7.3149 3.6900 3.3024 0.108656 0.941851 0.129968 0.947078
42 7.3621 3.7337 3.3053 0.105856 0.941771 0.127567 0.947078
43 7.3727 3.7269 3.3239 0.105914 0.942608 0.125775 0.947958
44 7.3540 3.7192 3.2629 0.106742 0.943070 0.125936 0.948038
45 7.2988 3.7052 3.2632 0.105777 0.943266 0.125624 0.948359
46 7.3154 3.7095 3.2785 0.104871 0.943293 0.125198 0.948759
47 7.2695 3.6693 3.2806 0.105543 0.943444 0.125425 0.948919
48 7.3499 3.7340 3.2936 0.101842 0.943221 0.124803 0.949480
49 7.2984 3.7102 3.2515 0.109732 0.942857 0.134071 0.944436
