epoch time fwd_time bwd_time loss acc val_loss val_acc
0 7.7179 4.1499 3.2424 0.484230 0.823740 0.460595 0.826741
1 7.4134 3.7997 3.2870 0.383658 0.823740 0.348592 0.826741
2 7.4249 3.7614 3.2867 0.326177 0.824362 0.307218 0.845076
3 7.3008 3.7146 3.2529 0.316001 0.861634 0.311881 0.845877
4 7.3825 3.7905 3.2697 0.213385 0.896939 0.223258 0.906725
5 7.3599 3.7105 3.3150 0.206632 0.903459 0.207671 0.913211
6 7.3006 3.7184 3.2546 0.195679 0.905763 0.203609 0.912970
7 7.3153 3.7271 3.2597 0.194910 0.909597 0.198669 0.916653
8 7.3245 3.7528 3.2455 0.191467 0.911972 0.210913 0.906565
9 7.4127 3.7639 3.3142 0.182066 0.914267 0.193625 0.917054
10 7.3239 3.7367 3.2600 0.180673 0.915922 0.198336 0.915292
11 7.2743 3.6569 3.2812 0.170863 0.916358 0.178411 0.926661
12 7.3321 3.7231 3.2858 0.194311 0.919595 0.191724 0.917774
13 7.3140 3.6983 3.2882 0.165944 0.919845 0.176908 0.927062
14 7.3154 3.7464 3.2375 0.179952 0.920992 0.170166 0.928022
15 7.3522 3.7576 3.2755 0.154109 0.923830 0.168132 0.930504
16 7.3288 3.7242 3.2660 0.144924 0.924248 0.171003 0.929944
17 7.2427 3.6899 3.2250 0.138228 0.925431 0.171747 0.930184
18 7.3868 3.7692 3.2802 0.139522 0.928340 0.167144 0.930584
19 7.3597 3.7259 3.3040 0.139650 0.927494 0.160536 0.932266
20 7.4484 3.8443 3.2730 0.130229 0.930884 0.160916 0.933066
21 7.3295 3.7331 3.2734 0.126048 0.929265 0.160084 0.933066
22 7.3975 3.7544 3.3116 0.125177 0.932494 0.155104 0.934988
23 7.2923 3.6913 3.2385 0.120124 0.932120 0.154167 0.935468
24 7.3796 3.7459 3.3028 0.117652 0.934789 0.152338 0.936829
25 7.4154 3.7792 3.2941 0.117763 0.935340 0.137717 0.943635
26 7.3817 3.7517 3.3052 0.119223 0.935260 0.145884 0.940112
27 7.2809 3.6979 3.2514 0.131435 0.935527 0.139258 0.943955
28 7.2613 3.6804 3.2511 0.110712 0.939183 0.153932 0.935709
29 7.3057 3.6970 3.2806 0.126293 0.938169 0.138693 0.943155
30 7.3171 3.7055 3.2866 0.117312 0.938418 0.138858 0.944275
31 7.3612 3.7622 3.2733 0.112174 0.941576 0.144239 0.940512
32 7.3278 3.6885 3.3143 0.099563 0.942492 0.146774 0.936829
33 7.4301 3.7905 3.3026 0.080360 0.947544 0.115066 0.951161
34 7.3332 3.6943 3.3141 0.073915 0.956796 0.097054 0.961569
35 7.6076 3.8599 3.4125 0.075124 0.958655 0.099256 0.962530
36 7.6728 3.8967 3.4330 0.065372 0.960283 0.092338 0.964131
37 7.4118 3.8065 3.2742 0.064817 0.961581 0.089576 0.965412
38 7.3480 3.7349 3.2822 0.062537 0.961688 0.091451 0.963651
39 7.3562 3.7789 3.2550 0.091953 0.960781 0.092755 0.963331
40 7.3213 3.7161 3.2759 0.064272 0.962524 0.083420 0.968935
41 7.3185 3.7027 3.2980 0.069115 0.962640 0.102047 0.957806
42 7.3433 3.7013 3.3117 0.059420 0.964392 0.081406 0.968775
43 7.3448 3.7175 3.2950 0.062457 0.963876 0.080496 0.968535
44 7.2214 3.6605 3.2376 0.071439 0.963707 0.085704 0.967254
45 7.4252 3.7693 3.3181 0.062905 0.964188 0.088152 0.964772
46 7.3331 3.7123 3.2921 0.061945 0.964712 0.078100 0.970616
47 7.2896 3.7154 3.2463 0.070960 0.964526 0.082687 0.968695
48 7.2638 3.6887 3.2495 0.078726 0.963956 0.092943 0.962050
49 7.3512 3.7201 3.2994 0.057394 0.965415 0.074550 0.971337
