epoch time fwd_time bwd_time loss acc val_loss val_acc
0 7.6781 4.0757 3.2731 0.485433 0.823740 0.432224 0.826741
1 7.2799 3.6942 3.2497 0.392915 0.829913 0.293177 0.876781
2 7.3470 3.7192 3.2616 0.253446 0.870965 0.243785 0.903122
3 7.2968 3.6924 3.2749 0.233315 0.895934 0.221025 0.910488
4 7.2824 3.6939 3.2613 0.213901 0.903477 0.219554 0.906405
5 7.3277 3.7499 3.2395 0.188277 0.907720 0.197174 0.921137
6 7.2822 3.7224 3.2377 0.174623 0.911679 0.188190 0.924179
7 7.2743 3.6881 3.2558 0.158300 0.916117 0.203224 0.915452
8 7.2997 3.6988 3.2721 0.152331 0.919266 0.174355 0.929303
9 7.2639 3.6802 3.2496 0.152814 0.923972 0.175065 0.927622
10 7.3958 3.7744 3.2512 0.152060 0.924088 0.191115 0.917054
11 7.3924 3.7680 3.2967 0.142026 0.929060 0.145148 0.939071
12 7.4434 3.8475 3.2651 0.133118 0.933490 0.145016 0.936429
13 7.2882 3.6873 3.2651 0.138273 0.935785 0.135439 0.942594
14 7.3622 3.7364 3.2871 0.136108 0.937555 0.130515 0.947718
15 7.3631 3.7258 3.3013 0.097888 0.945000 0.114871 0.953243
16 7.3631 3.7497 3.2892 0.096792 0.946468 0.113088 0.954924
17 7.3350 3.7221 3.2881 0.084931 0.951387 0.098984 0.959327
18 7.4308 3.8052 3.2843 0.104943 0.953166 0.098465 0.959888
19 7.3779 3.7540 3.2924 0.092474 0.953958 0.101012 0.960849
20 7.4699 3.8323 3.3024 0.088227 0.954412 0.094407 0.963010
21 7.4055 3.7551 3.3144 0.095248 0.956226 0.098554 0.960368
22 7.4057 3.7963 3.2757 0.087434 0.957418 0.094164 0.962530
23 7.3191 3.7271 3.2690 0.089114 0.958948 0.095505 0.962370
24 7.4407 3.8052 3.3057 0.091160 0.959678 0.093591 0.961169
25 7.3754 3.7678 3.2747 0.078396 0.961394 0.090269 0.964532
26 7.4285 3.8142 3.2844 0.089504 0.961083 0.089336 0.964692
27 7.3536 3.7391 3.2848 0.079934 0.962035 0.086709 0.966613
28 7.2971 3.6969 3.2713 0.073848 0.962853 0.086879 0.964772
29 7.5120 3.8568 3.3151 0.075285 0.962346 0.087319 0.964452
30 7.3374 3.7140 3.2966 0.087751 0.961617 0.084364 0.966853
31 7.3737 3.7314 3.2827 0.078151 0.961946 0.086514 0.965893
32 7.3349 3.7041 3.3016 0.072835 0.962809 0.094370 0.961569
33 7.3277 3.7191 3.2820 0.065465 0.964383 0.085511 0.965572
34 7.8056 3.9980 3.4729 0.075765 0.962257 0.089943 0.963251
35 7.3087 3.7030 3.2770 0.065395 0.963485 0.093144 0.961890
36 7.2688 3.6838 3.2635 0.074045 0.964454 0.088864 0.964051
37 7.3206 3.7233 3.2624 0.061691 0.963885 0.090858 0.962450
38 7.3107 3.7097 3.2693 0.070380 0.964712 0.087921 0.965012
39 7.3134 3.7227 3.2755 0.060795 0.964196 0.090720 0.962610
40 7.2977 3.6865 3.2818 0.058313 0.965353 0.091778 0.961489
41 7.3583 3.7668 3.2659 0.058055 0.965308 0.095022 0.960689
42 7.3391 3.7354 3.2696 0.060861 0.965664 0.090925 0.962370
43 7.3120 3.7307 3.2469 0.063606 0.964997 0.082881 0.967174
44 7.3576 3.7298 3.3059 0.057393 0.965798 0.093388 0.960849
45 7.3474 3.7185 3.3017 0.057569 0.965700 0.091324 0.962050
46 7.3528 3.7370 3.2783 0.057111 0.965584 0.086391 0.964452
47 7.3873 3.7817 3.2848 0.056769 0.965388 0.084027 0.965813
48 7.3149 3.6942 3.2911 0.056776 0.965984 0.084804 0.965492
49 7.3117 3.7265 3.2592 0.058118 0.965922 0.082914 0.965252
