epoch time fwd_time bwd_time loss acc val_loss val_acc
0 7.7425 4.1326 3.2812 0.413665 0.823740 0.379457 0.826741
1 7.3539 3.7456 3.2879 0.304097 0.834361 0.283456 0.862690
2 7.4315 3.7980 3.3145 0.238947 0.881648 0.227031 0.904724
3 7.2745 3.7172 3.2436 0.220568 0.898487 0.221724 0.908567
4 7.2944 3.7059 3.2484 0.199429 0.906706 0.200880 0.916253
5 7.3694 3.7224 3.3210 0.190167 0.909108 0.195447 0.919376
6 7.3409 3.7341 3.2788 0.180026 0.912079 0.195084 0.920737
7 7.2592 3.6700 3.2677 0.177556 0.914267 0.185288 0.924820
8 7.3460 3.7648 3.2580 0.164208 0.917603 0.182429 0.926181
9 7.4265 3.7746 3.3245 0.168471 0.919088 0.188366 0.922338
10 7.3488 3.7537 3.2787 0.160151 0.919675 0.175149 0.925140
11 7.3653 3.7564 3.2830 0.157873 0.922638 0.174888 0.928183
12 7.3178 3.7125 3.2774 0.159363 0.922059 0.169604 0.928743
13 7.3802 3.7560 3.2907 0.141579 0.925600 0.164130 0.932826
14 7.3368 3.7508 3.2619 0.139922 0.926890 0.159011 0.934187
15 7.3179 3.7176 3.2679 0.137951 0.927388 0.156232 0.935068
16 7.3404 3.7336 3.2825 0.145819 0.927655 0.156764 0.935068
17 7.3607 3.7579 3.2779 0.132033 0.929380 0.150356 0.936829
18 7.3350 3.7207 3.2908 0.125664 0.930492 0.164327 0.933066
19 7.3540 3.7120 3.2759 0.156525 0.931666 0.148553 0.939792
20 7.3896 3.7382 3.3254 0.121740 0.935020 0.144382 0.939792
21 7.3710 3.7388 3.3088 0.121686 0.935714 0.136448 0.942274
22 7.2336 3.6563 3.2589 0.111097 0.937680 0.135135 0.943074
23 7.4220 3.7560 3.3395 0.115297 0.936799 0.148655 0.938671
24 7.3257 3.7066 3.3003 0.103158 0.938685 0.149400 0.938351
25 7.3596 3.7499 3.2893 0.199846 0.940980 0.347981 0.888471
26 7.3225 3.7023 3.2913 0.131600 0.925973 0.152051 0.938591
27 7.3669 3.7396 3.2705 0.105015 0.941905 0.145049 0.942194
28 7.6168 3.8605 3.4306 0.107157 0.941024 0.141153 0.942514
29 7.6509 3.9327 3.3808 0.105094 0.941451 0.138741 0.943955
30 7.3320 3.7311 3.2730 0.102144 0.942038 0.137994 0.944836
31 7.3094 3.7207 3.2706 0.105892 0.944814 0.128474 0.948759
32 7.2663 3.6790 3.2574 0.084054 0.948025 0.104033 0.958127
33 7.2852 3.7136 3.2520 0.089759 0.956609 0.108199 0.953563
34 7.3203 3.7063 3.2963 0.071925 0.961563 0.086950 0.965332
35 7.3236 3.7412 3.2607 0.068046 0.963102 0.084569 0.966133
36 7.2430 3.6685 3.2518 0.066364 0.964090 0.082896 0.966693
37 7.3668 3.7683 3.2688 0.065717 0.964766 0.081654 0.967334
38 7.3657 3.7752 3.2682 0.063634 0.964953 0.080142 0.967734
39 7.3217 3.7227 3.2828 0.061405 0.965495 0.078346 0.968935
40 7.2183 3.6588 3.2297 0.060766 0.965753 0.077225 0.969335
41 7.3755 3.7657 3.2962 0.060468 0.965842 0.076555 0.968935
42 7.2984 3.7059 3.2681 0.060119 0.966073 0.075830 0.968935
43 7.3591 3.7722 3.2671 0.059761 0.966207 0.075124 0.969656
44 7.2870 3.6895 3.2820 0.059419 0.966367 0.074479 0.969576
45 7.2759 3.6915 3.2493 0.059134 0.966545 0.073949 0.969816
46 7.7839 3.9718 3.4906 0.058932 0.966500 0.073521 0.970296
47 8.0981 4.3118 3.4640 0.058842 0.966589 0.073168 0.970857
48 7.3538 3.7837 3.2466 0.058907 0.966616 0.072856 0.970937
49 7.2948 3.6809 3.2866 0.059280 0.966740 0.072553 0.971577
