epoch time fwd_time bwd_time loss acc val_loss val_acc
0 7.8006 4.1878 3.2822 0.491948 0.822637 0.461743 0.826741
1 7.3898 3.7586 3.3092 0.481196 0.823740 0.461659 0.826741
2 7.3072 3.6955 3.2838 0.481100 0.823740 0.461584 0.826741
3 7.3147 3.6855 3.2905 0.377311 0.823740 0.360102 0.826741
4 7.2843 3.6682 3.2958 0.282739 0.837278 0.271494 0.889191
5 7.3803 3.7822 3.2696 0.227905 0.883578 0.255395 0.884708
6 7.3779 3.7235 3.2826 0.215138 0.897322 0.218960 0.906485
7 7.4453 3.8189 3.2835 0.214786 0.901876 0.212271 0.908567
8 7.3350 3.7402 3.2751 0.209577 0.905621 0.209334 0.910809
9 7.3782 3.7946 3.2618 0.189833 0.908841 0.204523 0.912890
10 7.2893 3.7069 3.2514 0.178476 0.911874 0.199426 0.914892
11 7.3706 3.7660 3.2764 0.164418 0.914748 0.181173 0.923459
12 7.3618 3.7334 3.2939 0.161382 0.914979 0.178904 0.923459
13 7.4027 3.7602 3.3163 0.155525 0.920174 0.195939 0.918415
14 7.4918 3.8645 3.2918 0.146657 0.923278 0.164763 0.930584
15 7.3274 3.7429 3.2581 0.142443 0.920547 0.182086 0.925620
16 7.4130 3.7878 3.2839 0.138422 0.925822 0.175132 0.927942
17 7.3265 3.7123 3.2809 0.132111 0.928251 0.153796 0.935068
18 7.3950 3.7314 3.2879 0.137847 0.928962 0.158414 0.933787
19 7.3108 3.6893 3.2937 0.126094 0.931560 0.152319 0.936669
20 7.3848 3.7283 3.3239 0.122743 0.930848 0.152549 0.936269
21 7.3383 3.7192 3.2816 0.122531 0.932760 0.159419 0.934908
22 7.3645 3.7410 3.2986 0.128863 0.934015 0.139789 0.941233
23 7.3469 3.7532 3.2584 0.112459 0.935794 0.144750 0.940272
24 7.4113 3.7146 3.3586 0.121020 0.936986 0.145371 0.939632
25 7.2759 3.6889 3.2626 0.108964 0.938240 0.151626 0.937950
26 7.3223 3.7209 3.2746 0.123300 0.940019 0.133450 0.943955
27 7.4270 3.7961 3.2950 0.104391 0.939743 0.141959 0.941954
28 7.3947 3.7400 3.3092 0.108047 0.940704 0.143044 0.941633
29 7.4205 3.7662 3.3192 0.108509 0.942616 0.126743 0.946277
30 7.3519 3.7412 3.2859 0.108520 0.941789 0.137481 0.941153
31 7.4039 3.7912 3.2780 0.106520 0.941860 0.136844 0.941873
32 7.2725 3.6770 3.2652 0.118982 0.941665 0.137892 0.940512
33 7.3827 3.7684 3.2820 0.108182 0.944600 0.126743 0.946117
34 7.3275 3.7199 3.2770 0.108447 0.945241 0.123848 0.948519
35 7.3537 3.7055 3.2662 0.108248 0.945765 0.124217 0.948038
36 7.4066 3.7843 3.2902 0.099907 0.945757 0.119383 0.950280
37 7.3214 3.7252 3.2606 0.104514 0.944938 0.130724 0.944195
38 7.3551 3.7604 3.2718 0.101376 0.945507 0.120173 0.948839
39 7.3819 3.7587 3.2868 0.105297 0.945249 0.128906 0.945396
40 7.3682 3.7380 3.2963 0.103165 0.946513 0.121969 0.948759
41 7.3398 3.7266 3.2915 0.106444 0.945659 0.123255 0.948359
42 7.3567 3.7423 3.2900 0.098343 0.946948 0.116609 0.950841
43 7.3406 3.7465 3.2711 0.105198 0.946139 0.122670 0.948999
44 7.2821 3.6823 3.2725 0.098668 0.947269 0.116888 0.950600
45 7.4054 3.7966 3.2741 0.104924 0.946530 0.123224 0.948999
46 7.2947 3.7036 3.2624 0.099156 0.947456 0.117485 0.950681
47 7.4296 3.8278 3.2638 0.104740 0.946771 0.124860 0.948199
48 7.3379 3.7314 3.2670 0.102123 0.947580 0.120331 0.948919
49 7.3724 3.7370 3.3079 0.104017 0.946993 0.123968 0.948359
