epoch time fwd_time bwd_time loss acc val_loss val_acc
0 7.7026 4.0610 3.3067 0.479095 0.823740 0.451253 0.826741
1 7.4367 3.7649 3.3034 0.311674 0.830180 0.299792 0.848519
2 7.2382 3.6775 3.2334 0.248099 0.869364 0.237362 0.899119
3 7.3675 3.7750 3.2663 0.221393 0.893079 0.218830 0.908567
4 7.2947 3.7143 3.2429 0.203117 0.899145 0.211278 0.911289
5 7.7846 3.9765 3.4728 0.209290 0.904696 0.212798 0.909287
6 7.4983 3.8146 3.3476 0.188129 0.907658 0.192423 0.918014
7 7.3691 3.7435 3.2909 0.185512 0.908441 0.189557 0.920977
8 7.3424 3.7445 3.2605 0.185600 0.910611 0.184801 0.923379
9 7.3106 3.7237 3.2592 0.178540 0.913511 0.179043 0.925540
10 7.2245 3.6579 3.2357 0.171614 0.914810 0.179589 0.926101
11 7.3893 3.8061 3.2583 0.163727 0.917345 0.173697 0.929303
12 7.3598 3.7243 3.2984 0.166362 0.918661 0.169475 0.930264
13 7.3241 3.7350 3.2651 0.148622 0.921819 0.163958 0.931865
14 7.3424 3.7270 3.2779 0.141842 0.924381 0.157411 0.934187
15 7.3690 3.7426 3.2947 0.146322 0.922673 0.165110 0.931065
16 7.3453 3.7317 3.2755 0.128591 0.926142 0.172430 0.929464
17 7.3983 3.7746 3.2971 0.131914 0.928099 0.156819 0.936109
18 7.2884 3.6985 3.2566 0.120955 0.931204 0.151542 0.937710
19 7.4289 3.7848 3.3118 0.120401 0.931133 0.160813 0.935068
20 7.3998 3.7529 3.3131 0.131632 0.931186 0.150902 0.938351
21 7.3797 3.7663 3.2796 0.117380 0.934077 0.145517 0.940673
22 7.3154 3.7140 3.2716 0.130758 0.934024 0.152252 0.938671
23 7.2649 3.6804 3.2564 0.125632 0.933125 0.146462 0.939792
24 7.3512 3.7349 3.2835 0.128732 0.935651 0.151084 0.938831
25 7.4008 3.7853 3.2863 0.111221 0.936897 0.133313 0.944756
26 7.3484 3.7122 3.2753 0.130031 0.936932 0.138855 0.942994
27 7.3523 3.7509 3.2726 0.108260 0.938569 0.144053 0.941393
28 7.3806 3.8051 3.2507 0.110921 0.938863 0.129605 0.945957
29 7.3415 3.7428 3.2690 0.125949 0.938409 0.143679 0.940993
30 7.4183 3.8164 3.2593 0.105685 0.939734 0.131817 0.946677
31 7.3831 3.7671 3.2757 0.123895 0.938791 0.143467 0.941954
32 7.3359 3.7356 3.2781 0.104791 0.940233 0.134370 0.945797
33 7.5359 3.9274 3.2645 0.126991 0.938960 0.135612 0.944676
34 7.3787 3.7668 3.2842 0.104232 0.940455 0.141159 0.942274
35 7.2796 3.6773 3.2658 0.116938 0.939734 0.142334 0.941073
36 7.3074 3.7239 3.2462 0.125312 0.941122 0.136830 0.944195
37 7.3926 3.7320 3.3249 0.106362 0.941131 0.148579 0.939231
38 7.3801 3.7505 3.3014 0.124734 0.940393 0.131131 0.946677
39 7.2780 3.6835 3.2599 0.107263 0.941549 0.140172 0.942674
40 7.3856 3.7444 3.2974 0.114121 0.941336 0.144540 0.940272
41 7.3684 3.7550 3.2793 0.123259 0.941932 0.131259 0.946197
42 7.4544 3.7766 3.3523 0.105485 0.942189 0.148890 0.939552
43 7.3303 3.7397 3.2594 0.106096 0.943106 0.135338 0.944195
44 7.3769 3.7660 3.2850 0.105201 0.943764 0.128445 0.947638
45 7.3289 3.7490 3.2573 0.104536 0.943533 0.128693 0.947478
46 7.3584 3.7538 3.2680 0.105135 0.943364 0.129233 0.946918
47 7.3215 3.7101 3.2872 0.104122 0.943533 0.131194 0.946357
48 7.3288 3.7053 3.2926 0.103690 0.943648 0.133116 0.945797
49 7.3200 3.7062 3.2876 0.104291 0.943462 0.125163 0.949319
