epoch time fwd_time bwd_time loss acc val_loss val_acc
0 7.8908 4.2453 3.3212 0.477846 0.791921 0.461777 0.826741
1 7.2976 3.6736 3.2938 0.480992 0.823740 0.461549 0.826741
2 7.3881 3.7717 3.2823 0.375583 0.823740 0.355762 0.826741
3 7.3606 3.7252 3.3066 0.332296 0.823740 0.316039 0.826741
4 7.4717 3.7943 3.3452 0.270683 0.842722 0.277724 0.871577
5 7.4425 3.7752 3.3360 0.232328 0.889645 0.226622 0.906005
6 7.3074 3.6622 3.3028 0.210522 0.899092 0.214634 0.910328
7 7.3059 3.6987 3.2859 0.195768 0.905105 0.215938 0.913050
8 7.4029 3.7799 3.2910 0.195120 0.906929 0.203808 0.914331
9 7.3691 3.7563 3.2817 0.176875 0.911118 0.183804 0.924099
10 7.4023 3.7337 3.3360 0.166243 0.912755 0.195108 0.917774
11 7.4719 3.8709 3.2587 0.171504 0.915655 0.181101 0.925861
12 7.3639 3.7264 3.3109 0.179040 0.919391 0.193048 0.918094
13 7.3991 3.7582 3.2830 0.146434 0.922611 0.179506 0.925060
14 7.2846 3.6790 3.2734 0.156743 0.920085 0.169281 0.929544
15 7.4073 3.7817 3.2950 0.132762 0.926756 0.177153 0.926982
16 7.3910 3.7574 3.2992 0.129967 0.928064 0.180007 0.927462
17 7.3704 3.6999 3.3058 0.140889 0.930047 0.154519 0.937550
18 7.3872 3.7176 3.3218 0.122222 0.930964 0.148296 0.939231
19 7.4443 3.7822 3.3209 0.124285 0.932173 0.145077 0.939952
20 7.4501 3.7905 3.3172 0.121296 0.933570 0.157357 0.934027
21 7.4473 3.7725 3.3424 0.113390 0.933561 0.164681 0.932746
22 7.3148 3.6729 3.3134 0.124966 0.934780 0.142831 0.940993
23 7.4248 3.7252 3.3693 0.116309 0.936701 0.134330 0.945316
24 7.4455 3.7751 3.3299 0.110443 0.936123 0.132446 0.946117
25 7.4824 3.7891 3.3560 0.129998 0.937884 0.137852 0.942434
26 7.3721 3.7299 3.3075 0.109849 0.940126 0.130618 0.945957
27 7.4065 3.7589 3.3189 0.105068 0.938622 0.143081 0.941393
28 7.3765 3.7068 3.3398 0.116109 0.938489 0.142089 0.939151
29 7.4547 3.7999 3.3180 0.102387 0.939370 0.153669 0.936589
30 7.3702 3.7350 3.3098 0.110064 0.939939 0.143053 0.939392
31 7.3823 3.7231 3.3247 0.111027 0.939192 0.141403 0.940032
32 7.4588 3.7989 3.3193 0.098793 0.940144 0.140518 0.942354
33 7.4714 3.8279 3.3028 0.109032 0.940677 0.125549 0.948439
34 7.3301 3.6758 3.3121 0.098836 0.940837 0.141481 0.942034
35 7.4068 3.7442 3.3283 0.109112 0.940419 0.139000 0.940753
36 7.3875 3.7437 3.3205 0.102169 0.942136 0.123402 0.948759
37 7.4344 3.7474 3.3570 0.097806 0.942305 0.132599 0.944836
38 7.3407 3.6674 3.3555 0.105161 0.943052 0.123713 0.949159
39 7.4054 3.7423 3.3292 0.097205 0.942536 0.132957 0.944756
40 7.4773 3.7897 3.3529 0.102746 0.930750 0.148235 0.937950
41 7.3740 3.7198 3.3278 0.098928 0.942207 0.129762 0.945797
42 7.4360 3.7562 3.3061 0.104595 0.941238 0.137433 0.941233
43 7.3269 3.6958 3.3047 0.105775 0.941140 0.144804 0.939071
44 7.2952 3.6632 3.2940 0.097467 0.942003 0.138534 0.942754
45 7.4457 3.8298 3.2930 0.115439 0.942661 0.124889 0.948839
46 7.3849 3.7439 3.3140 0.113939 0.944102 0.123374 0.947798
47 7.3081 3.6735 3.3118 0.101132 0.943951 0.150658 0.939472
48 7.4063 3.7561 3.3249 0.112664 0.943826 0.126738 0.946197
49 7.3797 3.7263 3.3281 0.103495 0.945765 0.130300 0.945637
