epoch time fwd_time bwd_time loss acc val_loss val_acc
0 7.7442 4.1233 3.2954 0.486592 0.823740 0.461812 0.826741
1 7.4015 3.7801 3.2793 0.377429 0.823740 0.363527 0.826741
2 7.3951 3.7455 3.3124 0.352354 0.833551 0.298154 0.873259
3 7.3554 3.7764 3.2519 0.249026 0.871276 0.255427 0.880705
4 7.3938 3.7326 3.3226 0.212395 0.889343 0.218027 0.906085
5 7.3506 3.7236 3.2662 0.200260 0.896121 0.200400 0.914652
6 7.3400 3.7303 3.2729 0.211311 0.907373 0.189070 0.917614
7 7.2798 3.6879 3.2580 0.183868 0.907329 0.207355 0.913451
8 7.4336 3.8344 3.2764 0.164204 0.914614 0.180258 0.923539
9 7.5030 3.8260 3.2958 0.151264 0.919658 0.193893 0.918735
10 7.2640 3.6668 3.2619 0.143871 0.922335 0.169417 0.929223
11 7.3336 3.7343 3.2674 0.138825 0.923963 0.164982 0.930104
12 7.4146 3.7715 3.3025 0.130335 0.925662 0.163387 0.931946
13 7.4813 3.8642 3.2829 0.131239 0.927317 0.160483 0.932586
14 7.3243 3.7270 3.2687 0.127920 0.931266 0.146154 0.938991
15 7.3684 3.7519 3.2747 0.141617 0.932654 0.155106 0.934748
16 7.4158 3.8038 3.2799 0.129761 0.932129 0.142540 0.940192
17 7.3689 3.7485 3.2885 0.116688 0.934433 0.147756 0.938271
18 7.3805 3.7712 3.2727 0.126640 0.931088 0.140664 0.940753
19 7.2961 3.6976 3.2631 0.121456 0.935162 0.136060 0.942354
20 7.3772 3.7345 3.3025 0.114683 0.936754 0.160962 0.934908
21 7.4641 3.8738 3.2650 0.121784 0.937804 0.136453 0.942674
22 7.2625 3.6584 3.2646 0.111574 0.938809 0.130479 0.944035
23 7.3701 3.7504 3.2808 0.121835 0.939121 0.140170 0.942034
24 7.3928 3.7682 3.2870 0.107755 0.940837 0.126703 0.945316
25 7.3638 3.7544 3.2869 0.117374 0.942946 0.121309 0.949319
26 7.3037 3.6956 3.2656 0.095086 0.949057 0.140051 0.941793
27 7.3475 3.7335 3.2867 0.083354 0.954091 0.127765 0.950681
28 7.3770 3.7614 3.2832 0.063128 0.958948 0.098159 0.959648
29 7.4223 3.8476 3.2507 0.064647 0.960425 0.090941 0.962770
30 7.3238 3.7302 3.2633 0.063354 0.961466 0.090572 0.962690
31 7.2448 3.6755 3.2370 0.069145 0.961305 0.088817 0.962450
32 7.2878 3.6836 3.2788 0.063175 0.962533 0.087124 0.963491
33 7.3967 3.7674 3.2941 0.061566 0.962844 0.085606 0.964371
34 7.4555 3.7835 3.2953 0.066435 0.962586 0.082349 0.965653
35 7.3860 3.7657 3.2722 0.061959 0.963476 0.079172 0.967894
36 7.3100 3.7101 3.2600 0.061489 0.962924 0.078405 0.968775
37 7.3237 3.7074 3.2852 0.061341 0.963431 0.078471 0.968855
38 7.4008 3.7504 3.3054 0.061443 0.963947 0.078183 0.968295
39 7.3442 3.7109 3.3003 0.062017 0.963832 0.078925 0.967974
40 7.4255 3.7787 3.3125 0.062318 0.964010 0.079086 0.968215
41 7.3348 3.7273 3.2829 0.061456 0.964499 0.076897 0.969255
42 7.3850 3.7624 3.2970 0.063204 0.964054 0.078507 0.968054
43 7.3582 3.7177 3.3130 0.064173 0.964125 0.079411 0.968054
44 7.3028 3.6962 3.2781 0.064256 0.964579 0.078489 0.968775
45 7.2794 3.6821 3.2716 0.063074 0.965006 0.078496 0.968615
46 7.3763 3.7457 3.3015 0.061978 0.965495 0.077505 0.969255
47 7.2962 3.6991 3.2687 0.067685 0.965255 0.081728 0.966934
48 7.3766 3.7453 3.3018 0.068602 0.965282 0.081219 0.967094
49 7.2949 3.7327 3.2417 0.075173 0.965033 0.078255 0.968935
