epoch time fwd_time bwd_time loss acc val_loss val_acc
0 7.7378 4.1197 3.2908 0.489493 0.823740 0.461606 0.826741
1 7.3393 3.7444 3.2620 0.371716 0.823740 0.355251 0.826741
2 7.2139 3.6598 3.2294 0.323974 0.829815 0.289430 0.865572
3 7.3046 3.7136 3.2531 0.241739 0.882048 0.233200 0.904884
4 7.3455 3.7590 3.2531 0.219736 0.891077 0.216856 0.910969
5 7.3754 3.7974 3.2478 0.198272 0.905416 0.192719 0.919295
6 7.2862 3.7144 3.2446 0.238293 0.910602 0.189894 0.919055
7 8.6514 4.5681 3.7356 0.162630 0.915432 0.199708 0.914331
8 7.5035 3.7928 3.3854 0.159726 0.919702 0.173955 0.926821
9 7.3729 3.7526 3.2832 0.138912 0.922059 0.155286 0.935789
10 7.2136 3.6459 3.2368 0.148189 0.929692 0.208977 0.911049
11 7.3977 3.7278 3.3310 0.126335 0.933303 0.142787 0.940913
12 7.2952 3.6876 3.2760 0.158589 0.933926 0.176671 0.925300
13 7.4998 3.8145 3.3492 0.144141 0.918226 0.166764 0.930104
14 7.4117 3.7258 3.3510 0.105463 0.940037 0.154927 0.933387
15 7.3363 3.7291 3.2825 0.094305 0.947331 0.105769 0.956926
16 7.4536 3.7908 3.3286 0.174151 0.902970 0.178185 0.924500
17 7.3207 3.7229 3.2726 0.141781 0.925867 0.163772 0.926501
18 7.4611 3.7774 3.3074 0.142694 0.931924 0.154548 0.930424
19 7.3397 3.7252 3.2891 0.096058 0.941353 0.119447 0.947958
20 7.2891 3.6937 3.2531 0.122893 0.949066 0.114263 0.954123
21 7.3243 3.7417 3.2550 0.103201 0.950960 0.124574 0.948919
22 7.4228 3.8074 3.2858 0.073842 0.956475 0.090280 0.964532
23 7.2798 3.6967 3.2654 0.087316 0.950925 0.105180 0.957806
24 7.3167 3.7377 3.2489 0.082069 0.958263 0.099821 0.960368
25 7.3737 3.7251 3.3141 0.075699 0.959242 0.096022 0.960288
26 7.3773 3.7490 3.2953 0.078620 0.960523 0.085239 0.967814
27 7.2730 3.7002 3.2395 0.079949 0.961697 0.090386 0.964532
28 7.3309 3.7389 3.2480 0.077691 0.960594 0.095216 0.961970
29 7.4324 3.8037 3.2957 0.070902 0.960336 0.081229 0.968455
30 7.2862 3.7131 3.2350 0.084088 0.962044 0.088229 0.965252
31 7.2624 3.6785 3.2489 0.065752 0.963512 0.077555 0.970216
32 7.3125 3.6940 3.2911 0.063842 0.961715 0.078615 0.968695
33 7.3241 3.7578 3.2410 0.067234 0.962791 0.081457 0.966773
34 7.5089 3.9263 3.2508 0.071725 0.964659 0.073799 0.971017
35 7.2816 3.6824 3.2732 0.069703 0.964330 0.075527 0.969335
36 7.3491 3.7491 3.2752 0.070477 0.964330 0.073623 0.971817
37 7.3215 3.6908 3.3070 0.076229 0.963645 0.084936 0.965653
38 7.4600 3.8416 3.2903 0.065685 0.963085 0.075520 0.969335
39 7.2980 3.7246 3.2410 0.084065 0.965460 0.077268 0.969095
40 7.3044 3.7002 3.2741 0.059536 0.964143 0.079498 0.967654
41 7.3643 3.7341 3.2986 0.070218 0.965976 0.080667 0.967414
42 7.3822 3.7859 3.2697 0.059504 0.964321 0.075741 0.968855
43 7.2708 3.6862 3.2454 0.091492 0.965255 0.081764 0.968054
44 7.4450 3.8399 3.2807 0.064658 0.964365 0.077598 0.969095
45 7.4146 3.8014 3.2811 0.067432 0.966020 0.071311 0.971577
46 7.2929 3.7203 3.2443 0.067148 0.966314 0.072526 0.971177
47 7.3322 3.7358 3.2264 0.072906 0.966118 0.072421 0.971177
48 7.2675 3.6959 3.2461 0.069219 0.966233 0.070221 0.971978
49 7.2817 3.7008 3.2463 0.061035 0.966385 0.075075 0.968855
