epoch time fwd_time bwd_time loss acc val_loss val_acc
0 7.6738 4.0738 3.2633 0.497413 0.779592 0.461986 0.826741
1 7.3564 3.7575 3.2696 0.481186 0.823740 0.461650 0.826741
2 7.3365 3.7514 3.2491 0.479303 0.823740 0.459801 0.826741
3 7.3309 3.7186 3.2921 0.348020 0.823740 0.330439 0.826741
4 7.3926 3.7478 3.3149 0.321504 0.825448 0.303229 0.828663
5 7.4297 3.8122 3.2820 0.246510 0.872691 0.237745 0.897118
6 7.2434 3.6713 3.2453 0.247385 0.892411 0.226656 0.904243
7 7.3176 3.7342 3.2489 0.230565 0.900702 0.206314 0.912010
8 7.3404 3.7710 3.2391 0.198034 0.904304 0.197786 0.916013
9 7.3380 3.7385 3.2660 0.195151 0.908290 0.193755 0.918335
10 7.2403 3.6538 3.2573 0.169809 0.909286 0.229916 0.903283
11 7.3367 3.7127 3.2901 0.163539 0.913467 0.220555 0.908247
12 7.3468 3.7159 3.3007 0.155230 0.916865 0.192429 0.920737
13 7.3084 3.7268 3.2483 0.150867 0.919035 0.168061 0.929544
14 7.3935 3.7427 3.2894 0.175780 0.922735 0.165730 0.929784
15 7.3774 3.7606 3.2852 0.136726 0.919569 0.157747 0.933947
16 7.3539 3.7391 3.2912 0.136810 0.924675 0.177163 0.927222
17 7.3469 3.7149 3.2944 0.149210 0.924541 0.156119 0.934748
18 7.3621 3.7786 3.2609 0.129271 0.929878 0.172689 0.927622
19 7.4024 3.7627 3.3053 0.153106 0.931533 0.143003 0.940833
20 7.3819 3.7411 3.3053 0.124612 0.929985 0.150380 0.937390
21 7.3304 3.7089 3.2844 0.124548 0.929905 0.154543 0.934508
22 7.3613 3.7581 3.2751 0.119653 0.931898 0.141885 0.940032
23 7.3125 3.7017 3.2878 0.126054 0.933828 0.153745 0.934668
24 7.3841 3.7678 3.2888 0.124436 0.934664 0.139805 0.941873
25 7.3636 3.7176 3.3188 0.115773 0.936096 0.151680 0.936749
26 7.4181 3.7888 3.2942 0.113750 0.934611 0.143775 0.938591
27 7.3510 3.7377 3.2778 0.123919 0.936541 0.133670 0.943155
28 7.3262 3.7061 3.2893 0.115406 0.935456 0.144226 0.939712
29 7.3401 3.7081 3.2999 0.113983 0.939014 0.131833 0.944275
30 7.3994 3.8054 3.2660 0.121018 0.937911 0.138422 0.943715
31 7.2779 3.6857 3.2717 0.123841 0.937617 0.132262 0.945076
32 7.3341 3.7414 3.2523 0.112418 0.940135 0.147620 0.937070
33 7.3347 3.7405 3.2515 0.109283 0.939432 0.128220 0.945957
34 7.4030 3.7564 3.3053 0.126845 0.938329 0.134245 0.944996
35 7.2935 3.7052 3.2611 0.110028 0.940793 0.135335 0.942354
36 7.3463 3.7288 3.2856 0.116866 0.940010 0.136232 0.942754
37 7.3249 3.7119 3.2821 0.106175 0.942056 0.170022 0.930344
38 7.3747 3.7331 3.3116 0.104586 0.939895 0.134293 0.942754
39 7.3718 3.7338 3.2672 0.106447 0.942261 0.126435 0.946918
40 7.2351 3.6616 3.2435 0.109845 0.941718 0.126861 0.946998
41 7.2972 3.6859 3.2750 0.120872 0.941131 0.128806 0.945797
42 7.3536 3.7604 3.2556 0.106929 0.940170 0.136696 0.943315
43 7.3651 3.7330 3.2616 0.107993 0.943017 0.159233 0.933787
44 7.2584 3.6642 3.2619 0.107357 0.940064 0.126260 0.946757
45 7.3975 3.7865 3.2755 0.111176 0.941478 0.137710 0.943235
46 7.3183 3.7062 3.2758 0.107346 0.941122 0.129398 0.944916
47 7.3615 3.7392 3.2888 0.107239 0.942750 0.127301 0.945957
48 7.3642 3.7127 3.3251 0.106915 0.943462 0.159106 0.934428
49 7.4957 3.7733 3.3783 0.107150 0.941264 0.125270 0.947478
