epoch time fwd_time bwd_time loss acc val_loss val_acc
0 5.4584 2.5046 2.5967 0.520118 0.824407 0.530405 0.820737
1 5.5501 2.5720 2.6390 0.465816 0.824407 0.483751 0.820737
2 5.4592 2.4855 2.6304 0.449888 0.824407 0.472893 0.820737
3 5.5975 2.5581 2.6965 0.446064 0.824407 0.470655 0.820737
4 5.4463 2.4720 2.6290 0.437135 0.824407 0.458765 0.820737
5 5.4784 2.5221 2.6042 0.391173 0.824407 0.410726 0.820737
6 5.5609 2.6046 2.6167 0.434205 0.824407 0.458262 0.820737
7 5.5811 2.5852 2.6488 0.396842 0.824407 0.412611 0.820737
8 5.4663 2.5215 2.5984 0.420906 0.824407 0.446662 0.820737
9 5.4829 2.5045 2.6338 0.394972 0.824407 0.420110 0.820737
10 5.4400 2.4638 2.6263 0.381095 0.824407 0.403461 0.820737
11 5.4593 2.4972 2.6232 0.378408 0.824407 0.394628 0.820737
12 5.5049 2.4911 2.6664 0.364674 0.824407 0.389649 0.820737
13 5.5569 2.5437 2.6617 0.364279 0.824407 0.387750 0.820737
14 5.5736 2.5630 2.6680 0.360613 0.824407 0.390548 0.820737
15 5.5694 2.5621 2.6653 0.375579 0.824407 0.398347 0.820737
16 5.5359 2.5673 2.6087 0.383746 0.824407 0.405450 0.820737
17 5.4050 2.4564 2.6052 0.470815 0.824407 0.506642 0.820737
18 5.5841 2.5675 2.6703 0.437347 0.824407 0.461209 0.820737
19 5.4433 2.4824 2.6231 0.425963 0.824407 0.444533 0.820737
20 5.5175 2.5173 2.6291 0.416034 0.824407 0.434285 0.820737
21 5.5305 2.5111 2.6710 0.406824 0.824407 0.423899 0.820737
22 5.4231 2.4835 2.5924 0.395897 0.824407 0.412264 0.820737
23 5.6391 2.6265 2.6550 0.384197 0.824407 0.401359 0.820737
24 5.5211 2.5274 2.6418 0.374205 0.824407 0.392732 0.820737
25 5.5189 2.5407 2.6256 0.366481 0.824407 0.385421 0.820737
26 5.4694 2.4783 2.6495 0.360499 0.824407 0.378978 0.820737
27 5.6342 2.6522 2.6196 0.356563 0.824407 0.373720 0.820737
28 5.5900 2.6065 2.6337 0.354505 0.824407 0.369847 0.820737
29 5.5989 2.6358 2.6233 0.353054 0.824407 0.366960 0.820737
30 5.5753 2.5258 2.6953 0.351617 0.824407 0.364626 0.820737
31 5.7262 2.6318 2.7316 0.350222 0.824407 0.362632 0.820737
32 5.5096 2.5166 2.6522 0.348891 0.824407 0.360875 0.820737
33 5.5239 2.5628 2.6057 0.347621 0.824407 0.359287 0.820737
34 5.5742 2.5894 2.6428 0.346402 0.824407 0.357824 0.820737
35 5.6173 2.6390 2.6296 0.345213 0.824451 0.356447 0.820817
36 5.5571 2.5982 2.5972 0.344037 0.824620 0.355130 0.820817
37 5.5698 2.5706 2.6405 0.342860 0.824861 0.353852 0.820897
38 5.4757 2.5140 2.6184 0.341668 0.825110 0.352592 0.821697
39 5.5641 2.5195 2.6972 0.340442 0.825207 0.351329 0.821777
40 5.4219 2.4533 2.6337 0.339152 0.825314 0.350034 0.821857
41 5.5074 2.5146 2.6370 0.337737 0.825483 0.348664 0.822018
42 5.4589 2.4595 2.6503 0.336064 0.825599 0.347139 0.822018
43 5.5117 2.4934 2.6676 0.334126 0.825688 0.345445 0.822018
44 5.5536 2.5657 2.6391 0.332153 0.825990 0.343636 0.822098
45 5.5299 2.4980 2.6522 0.330052 0.826453 0.341631 0.822338
46 5.5078 2.4946 2.6586 0.327663 0.826951 0.339322 0.822498
47 5.4615 2.4815 2.6327 0.324852 0.827414 0.336572 0.822658
48 5.4703 2.4926 2.6296 0.321497 0.828116 0.333226 0.822658
49 5.5727 2.5186 2.6633 0.317485 0.828863 0.329179 0.822978
