epoch time fwd_time bwd_time loss acc val_loss val_acc
0 5.6523 2.6396 2.6597 0.447399 0.824407 0.472218 0.820737
1 5.4767 2.4915 2.6263 0.444391 0.824407 0.471551 0.820737
2 5.5809 2.5933 2.6215 0.444247 0.824407 0.471450 0.820737
3 5.5290 2.5327 2.6337 0.444059 0.824407 0.471200 0.820737
4 5.5732 2.5360 2.6827 0.440129 0.824407 0.458612 0.820737
5 5.4557 2.4621 2.6365 0.368366 0.824407 0.383851 0.820737
6 5.5256 2.5227 2.6454 0.363660 0.824407 0.378121 0.820737
7 5.5128 2.5164 2.6482 0.347124 0.824407 0.368450 0.820737
8 5.4253 2.4619 2.6054 0.337786 0.824407 0.355346 0.820737
9 5.6512 2.6015 2.6930 0.331246 0.824523 0.349024 0.821457
10 5.7932 2.7129 2.7199 0.325317 0.824051 0.342900 0.819295
11 6.1870 2.7828 3.0211 0.317603 0.823473 0.336547 0.821137
12 5.6049 2.5846 2.6705 0.307561 0.826097 0.324899 0.827382
13 5.5429 2.4921 2.6946 0.284618 0.836762 0.300583 0.858367
14 5.6296 2.5985 2.6793 0.222820 0.882840 0.222386 0.909287
15 5.6325 2.5586 2.6889 0.216791 0.906475 0.204018 0.916013
16 5.4777 2.4971 2.6247 0.208249 0.914756 0.194059 0.921377
17 5.6015 2.5848 2.6612 0.200088 0.917656 0.191015 0.921297
18 5.5702 2.5726 2.6344 0.194824 0.919809 0.186519 0.922498
19 5.5989 2.5701 2.6459 0.190929 0.921339 0.182844 0.924420
20 5.5635 2.5662 2.6501 0.187739 0.922798 0.179739 0.926501
21 5.5476 2.5519 2.6487 0.184960 0.923821 0.176985 0.927142
22 5.5285 2.5146 2.6703 0.182461 0.924915 0.174467 0.928423
23 5.5258 2.5277 2.6531 0.180176 0.925947 0.172143 0.928823
24 5.6886 2.7114 2.6171 0.178073 0.926712 0.170000 0.930024
25 5.5344 2.5088 2.6761 0.176133 0.927637 0.168027 0.931065
26 5.6325 2.5832 2.6882 0.174344 0.928455 0.166206 0.931705
27 5.5654 2.5251 2.6500 0.172690 0.929105 0.164516 0.932106
28 5.6014 2.6045 2.6452 0.171156 0.929674 0.162943 0.932586
29 5.5828 2.5382 2.6923 0.169730 0.930216 0.161473 0.933707
30 5.5929 2.5290 2.7108 0.168401 0.930795 0.160094 0.934267
31 5.6364 2.6145 2.6650 0.167159 0.931284 0.158800 0.934908
32 5.5632 2.5404 2.6679 0.165997 0.931791 0.157583 0.935629
33 5.4779 2.5020 2.6243 0.164908 0.932173 0.156438 0.936269
34 5.4346 2.4607 2.6263 0.163884 0.932654 0.155361 0.936669
35 5.5453 2.5766 2.6134 0.162920 0.933116 0.154346 0.937070
36 5.5211 2.4909 2.6727 0.162012 0.933410 0.153390 0.937630
37 5.6889 2.7085 2.6216 0.161156 0.933757 0.152487 0.937950
38 5.5425 2.5000 2.6821 0.160348 0.934121 0.151633 0.938271
39 5.6748 2.6950 2.6162 0.159585 0.934406 0.150826 0.938351
40 5.5073 2.4923 2.6647 0.158865 0.934762 0.150060 0.938911
41 5.4788 2.4851 2.6487 0.158185 0.934967 0.149335 0.939151
42 5.5813 2.5767 2.6475 0.157542 0.935118 0.148646 0.939311
43 5.5775 2.5496 2.6745 0.156934 0.935456 0.147991 0.939392
44 5.6110 2.5380 2.6771 0.156359 0.935687 0.147368 0.939632
45 5.5187 2.5230 2.6436 0.155815 0.935963 0.146775 0.939712
46 5.5184 2.4898 2.6684 0.155299 0.936239 0.146210 0.940032
47 5.5372 2.4995 2.6852 0.154811 0.936310 0.145672 0.940512
48 5.5035 2.4916 2.6543 0.154348 0.936523 0.145157 0.940833
49 5.5580 2.5150 2.6943 0.153909 0.936763 0.144666 0.941233
