epoch time fwd_time bwd_time loss acc val_loss val_acc
0 5.5557 2.5136 2.6862 0.467849 0.626122 0.486077 0.820737
1 5.7063 2.6502 2.6946 0.444954 0.824407 0.471450 0.820737
2 5.6688 2.5913 2.6933 0.444281 0.824407 0.471502 0.820737
3 5.5902 2.5638 2.6805 0.444242 0.824407 0.471493 0.820737
4 5.5622 2.5272 2.6776 0.444229 0.824407 0.471475 0.820737
5 5.4611 2.4877 2.6180 0.444224 0.824407 0.471450 0.820737
6 5.5152 2.5409 2.6145 0.444231 0.824407 0.471399 0.820737
7 5.4925 2.5736 2.5674 0.444200 0.824407 0.471093 0.820737
8 5.4578 2.4772 2.6317 0.441639 0.824407 0.468441 0.820737
9 5.5489 2.5752 2.6215 0.430032 0.824407 0.455436 0.820737
10 5.6017 2.5999 2.6569 0.401626 0.824407 0.424276 0.820737
11 5.5988 2.5845 2.6646 0.355157 0.824407 0.375134 0.820737
12 5.7969 2.7336 2.6999 0.340873 0.824407 0.360928 0.820737
13 5.5527 2.5436 2.6569 0.333919 0.824407 0.354337 0.820737
14 5.6199 2.6211 2.6508 0.329184 0.824407 0.349602 0.820737
15 5.5369 2.5324 2.6548 0.325254 0.824407 0.345467 0.820737
16 5.6323 2.6008 2.6780 0.321215 0.824407 0.341058 0.820737
17 5.6009 2.6131 2.6430 0.315292 0.824407 0.336007 0.820737
18 5.4589 2.4890 2.6269 0.286562 0.831132 0.303569 0.846597
19 5.6052 2.6523 2.6020 0.235081 0.876960 0.254809 0.883827
20 5.5225 2.5412 2.6225 0.220479 0.891940 0.238960 0.892714
21 5.5636 2.5071 2.7050 0.210714 0.897731 0.228283 0.898719
22 5.5813 2.5599 2.6727 0.204652 0.901894 0.219187 0.902242
23 5.6240 2.6891 2.5827 0.198200 0.905274 0.212771 0.905204
24 5.5088 2.4995 2.6681 0.193896 0.907640 0.207383 0.908006
25 5.5760 2.5535 2.6714 0.190834 0.910042 0.202842 0.910649
26 5.5086 2.4825 2.6781 0.188540 0.911590 0.199038 0.913211
27 5.6062 2.5945 2.6234 0.186795 0.913004 0.195757 0.914412
28 5.5504 2.5134 2.6871 0.185388 0.914276 0.192825 0.915693
29 5.5186 2.5325 2.6336 0.184065 0.915432 0.190120 0.917454
30 5.4984 2.5173 2.6291 0.182580 0.916420 0.187509 0.918815
31 5.5553 2.5353 2.6696 0.180858 0.917612 0.184855 0.920016
32 5.4911 2.4801 2.6647 0.179212 0.918902 0.182214 0.921217
33 5.4471 2.4815 2.6084 0.177888 0.920022 0.179780 0.922258
34 5.6165 2.5723 2.6849 0.176776 0.921179 0.177623 0.922978
35 5.5833 2.5521 2.6894 0.175738 0.922389 0.175701 0.923779
36 5.5025 2.4893 2.6526 0.174737 0.923269 0.173949 0.924740
37 5.4076 2.4472 2.6046 0.173786 0.924212 0.172320 0.925540
38 5.5425 2.5527 2.6350 0.172909 0.925199 0.170787 0.926501
39 5.6109 2.6054 2.6507 0.172115 0.926071 0.169336 0.927142
40 5.5523 2.5730 2.6292 0.171397 0.926827 0.167955 0.927702
41 5.5764 2.5758 2.6482 0.170745 0.927521 0.166636 0.928823
42 5.5392 2.5136 2.6730 0.170141 0.928197 0.165368 0.929303
43 5.5714 2.5392 2.6921 0.169573 0.928758 0.164144 0.929784
44 5.4605 2.4929 2.6184 0.169029 0.929291 0.162958 0.930504
45 5.5976 2.5991 2.6448 0.168501 0.930012 0.161805 0.930985
46 5.5909 2.5596 2.6797 0.167983 0.930590 0.160684 0.931946
47 5.5161 2.5343 2.6268 0.167472 0.931302 0.159595 0.932586
48 5.5571 2.5220 2.6767 0.166965 0.931800 0.158538 0.933307
49 5.5281 2.4902 2.6836 0.166463 0.932236 0.157516 0.933947
