epoch time fwd_time bwd_time loss acc val_loss val_acc
0 5.5475 2.5083 2.6829 0.451078 0.717414 0.474170 0.820737
1 5.4844 2.4958 2.6434 0.444257 0.824407 0.471399 0.820737
2 5.5216 2.5090 2.6688 0.443952 0.824407 0.471150 0.820737
3 5.5380 2.5251 2.6710 0.443353 0.824407 0.469983 0.820737
4 5.6798 2.6687 2.6557 0.435873 0.824407 0.462510 0.820737
5 5.5221 2.4905 2.6604 0.427711 0.824407 0.453604 0.820737
6 5.4965 2.5488 2.5901 0.408619 0.824407 0.432685 0.820737
7 5.5977 2.6406 2.5973 0.368313 0.824407 0.389794 0.820737
8 5.4954 2.5251 2.6249 0.342487 0.824407 0.363150 0.820737
9 5.6413 2.6354 2.6418 0.333769 0.824407 0.354015 0.820737
10 5.5194 2.5416 2.6205 0.328992 0.824407 0.349036 0.820737
11 5.5059 2.5162 2.6355 0.325070 0.824407 0.344955 0.820737
12 5.4550 2.4870 2.6172 0.321277 0.824407 0.341013 0.820737
13 5.4529 2.4700 2.6311 0.317413 0.824407 0.336939 0.820737
14 5.5834 2.5700 2.6581 0.313183 0.824407 0.332549 0.820737
15 5.6595 2.6631 2.6381 0.308273 0.824407 0.327752 0.820737
16 5.5567 2.5439 2.6577 0.302517 0.824976 0.322462 0.822098
17 5.5859 2.5206 2.7084 0.295327 0.826506 0.315315 0.826661
18 5.5025 2.5099 2.6381 0.285286 0.830892 0.305574 0.836189
19 5.5073 2.5326 2.6182 0.270929 0.839840 0.290840 0.847558
20 5.5455 2.5221 2.6693 0.251330 0.857213 0.268993 0.872138
21 5.4402 2.4658 2.6152 0.225009 0.887910 0.237843 0.904964
22 5.4960 2.5469 2.6042 0.214500 0.910691 0.218032 0.912650
23 5.4896 2.5240 2.6146 0.209157 0.915397 0.208278 0.917854
24 5.6112 2.5537 2.6630 0.205761 0.918359 0.202097 0.919295
25 5.6272 2.6067 2.6630 0.203035 0.920209 0.197579 0.921057
26 5.4770 2.4634 2.6669 0.200678 0.921463 0.193986 0.922418
27 5.6977 2.6822 2.6658 0.198642 0.922442 0.191005 0.923539
28 5.4949 2.5137 2.6250 0.196802 0.923269 0.188430 0.924339
29 6.1914 2.8751 2.9196 0.195099 0.924177 0.186148 0.925300
30 5.5987 2.5638 2.6775 0.193510 0.924870 0.184097 0.925701
31 5.6707 2.6153 2.6999 0.192017 0.925484 0.182238 0.926421
32 5.6557 2.6313 2.6342 0.190605 0.926009 0.180544 0.926902
33 5.4626 2.4735 2.6387 0.189260 0.926454 0.178989 0.926902
34 5.5188 2.5363 2.6311 0.187973 0.926898 0.177553 0.927862
35 5.4702 2.4906 2.6291 0.186734 0.927361 0.176218 0.928423
36 5.7008 2.6834 2.6612 0.185534 0.927824 0.174970 0.929384
37 5.5187 2.5391 2.6330 0.184370 0.928233 0.173797 0.929303
38 5.6291 2.6336 2.6523 0.183235 0.928615 0.172688 0.930024
39 5.5804 2.5535 2.6700 0.182126 0.929087 0.171635 0.930504
40 5.6072 2.5952 2.6507 0.181041 0.929531 0.170631 0.930504
41 5.4912 2.5032 2.6336 0.179978 0.929834 0.169670 0.930745
42 5.4752 2.4979 2.6267 0.178936 0.930101 0.168748 0.931145
43 5.4783 2.4754 2.6429 0.177913 0.930350 0.167860 0.931305
44 5.5508 2.5180 2.6920 0.176911 0.930706 0.167003 0.931385
45 5.5216 2.4859 2.6878 0.175929 0.930928 0.166175 0.931465
46 5.5481 2.5855 2.6050 0.174968 0.931124 0.165372 0.932106
47 5.5509 2.4955 2.6906 0.174027 0.931391 0.164592 0.932506
48 5.4626 2.5071 2.5977 0.173108 0.931560 0.163834 0.932666
49 5.4234 2.4737 2.5940 0.172210 0.931907 0.163095 0.932986
