epoch time fwd_time bwd_time loss acc val_loss val_acc
0 5.5620 2.5378 2.6719 0.492515 0.824407 0.506893 0.820737
1 5.5336 2.5154 2.6668 0.453715 0.824407 0.475702 0.820737
2 5.4180 2.4570 2.6168 0.446504 0.824407 0.471736 0.820737
3 5.5581 2.5365 2.6776 0.445017 0.824407 0.471301 0.820737
4 5.4829 2.4888 2.6522 0.444513 0.824407 0.471012 0.820737
5 5.4617 2.5001 2.6264 0.443957 0.824407 0.470227 0.820737
6 5.5035 2.4731 2.6881 0.438141 0.824407 0.462908 0.820737
7 5.4622 2.4517 2.6753 0.388633 0.824407 0.401755 0.820737
8 5.6591 2.6644 2.6408 0.367026 0.824407 0.383043 0.820737
9 5.5728 2.5848 2.6447 0.360253 0.824487 0.375148 0.820737
10 5.4682 2.4537 2.6611 0.357004 0.824878 0.370139 0.821457
11 5.5151 2.5098 2.6615 0.355923 0.824425 0.366319 0.821457
12 5.5694 2.5664 2.6594 0.354025 0.823944 0.363623 0.821377
13 5.4750 2.5686 2.5756 0.351845 0.823428 0.361442 0.820737
14 5.5549 2.5272 2.6873 0.349624 0.823820 0.359349 0.821617
15 5.6002 2.5952 2.6633 0.346439 0.824380 0.355550 0.820817
16 5.5742 2.5521 2.6706 0.340037 0.825207 0.347578 0.825140
17 5.4992 2.4735 2.6387 0.328021 0.831114 0.332657 0.837870
18 5.4641 2.4719 2.6395 0.288736 0.853210 0.290682 0.869255
19 5.5737 2.5394 2.6857 0.266011 0.884530 0.263607 0.889512
20 5.5654 2.5653 2.6489 0.257783 0.890517 0.253537 0.892714
21 5.5565 2.6084 2.6063 0.251646 0.893025 0.246645 0.895516
22 5.4646 2.4831 2.6425 0.246858 0.895338 0.240835 0.896477
23 5.5999 2.6760 2.5736 0.242504 0.897508 0.235907 0.897118
24 5.6209 2.5895 2.6888 0.238258 0.899492 0.231628 0.899840
25 5.5341 2.5140 2.6761 0.234245 0.901111 0.227730 0.901601
26 5.5166 2.5200 2.6646 0.230489 0.902908 0.224106 0.902882
27 5.5593 2.5314 2.6836 0.227017 0.904109 0.220713 0.904644
28 5.4487 2.4897 2.6194 0.223836 0.905496 0.217530 0.906405
29 5.6020 2.6093 2.6421 0.220922 0.907106 0.214539 0.907686
30 5.6983 2.7142 2.6340 0.218238 0.908441 0.211717 0.909127
31 5.4798 2.4782 2.6651 0.215749 0.909766 0.209044 0.910488
32 5.5691 2.5698 2.6610 0.213421 0.911154 0.206501 0.911209
33 5.5049 2.5414 2.6128 0.211224 0.912328 0.204071 0.912490
34 5.4603 2.4856 2.6338 0.209130 0.913413 0.201737 0.913050
35 5.5361 2.5236 2.6583 0.207128 0.914392 0.199482 0.914011
36 5.5269 2.5118 2.6593 0.205248 0.915397 0.197305 0.914812
37 5.5865 2.6353 2.6093 0.203526 0.916340 0.195217 0.916333
38 5.7006 2.7406 2.6241 0.201943 0.917167 0.193225 0.917534
39 5.5430 2.5116 2.6841 0.200460 0.917923 0.191328 0.918415
40 5.4761 2.5191 2.6210 0.199052 0.918804 0.189518 0.919376
41 5.4848 2.4882 2.6572 0.197707 0.919587 0.187789 0.920576
42 5.3890 2.4622 2.5820 0.196418 0.920254 0.186137 0.920897
43 5.5371 2.5907 2.5885 0.195181 0.920814 0.184557 0.921137
44 5.4148 2.4452 2.6157 0.193995 0.921632 0.183047 0.921857
45 5.3763 2.4401 2.5917 0.192858 0.922202 0.181603 0.922578
46 5.5457 2.5412 2.6689 0.191766 0.922798 0.180223 0.923219
47 5.7383 2.6950 2.6950 0.190718 0.923518 0.178904 0.923859
48 5.4526 2.4633 2.6455 0.189712 0.924194 0.177644 0.924339
49 5.6607 2.6496 2.6716 0.188745 0.924701 0.176441 0.925140
