epoch time fwd_time bwd_time loss acc val_loss val_acc
0 5.4571 2.4717 2.6327 0.444949 0.824407 0.471311 0.820737
1 5.5639 2.5447 2.6574 0.438801 0.824407 0.462632 0.820737
2 5.5659 2.5205 2.6991 0.353588 0.824514 0.370632 0.820817
3 5.6026 2.5630 2.6948 0.341097 0.824407 0.360937 0.820897
4 5.5929 2.5522 2.6859 0.336495 0.824567 0.356149 0.821217
5 5.6148 2.5619 2.6962 0.333204 0.824692 0.351988 0.821217
6 5.3712 2.4326 2.5914 0.328248 0.825145 0.346541 0.821617
7 5.6563 2.6062 2.6490 0.283735 0.831345 0.318695 0.829063
8 5.5470 2.5201 2.6797 0.219697 0.869212 0.234248 0.898639
9 5.4593 2.4787 2.6315 0.216413 0.900221 0.221058 0.904163
10 5.5430 2.5033 2.6902 0.206609 0.906217 0.209991 0.909047
11 5.4955 2.5129 2.6344 0.205059 0.910193 0.198953 0.914652
12 5.4935 2.4824 2.6580 0.202031 0.913031 0.192978 0.916813
13 5.5063 2.4732 2.6807 0.198626 0.915343 0.189192 0.919135
14 5.5654 2.5399 2.6761 0.195305 0.917114 0.186412 0.921137
15 5.5909 2.5639 2.6730 0.192287 0.918163 0.184249 0.922258
16 5.5081 2.5270 2.6307 0.189615 0.919595 0.182519 0.922578
17 5.5654 2.5176 2.6948 0.187244 0.920734 0.181091 0.922898
18 5.6853 2.6778 2.6646 0.185121 0.921552 0.179860 0.923459
19 5.4900 2.5091 2.6350 0.183213 0.922380 0.178757 0.924339
20 5.4373 2.4577 2.6302 0.181498 0.923091 0.177737 0.924660
21 5.5812 2.5923 2.6323 0.179955 0.923616 0.176774 0.924820
22 5.5056 2.4823 2.6632 0.178561 0.923972 0.175854 0.925861
23 5.4993 2.5199 2.6345 0.177294 0.924470 0.174970 0.926341
24 5.6852 2.6617 2.6693 0.176135 0.924995 0.174118 0.926982
25 5.4404 2.4934 2.6050 0.175065 0.925511 0.173294 0.927222
26 5.4597 2.4740 2.6275 0.174071 0.925947 0.172497 0.927462
27 5.5300 2.5774 2.5896 0.173141 0.926427 0.171725 0.927862
28 5.5459 2.5972 2.6010 0.172265 0.926765 0.170975 0.927862
29 5.5386 2.5078 2.6735 0.171435 0.927272 0.170247 0.928183
30 5.5644 2.5046 2.7118 0.170645 0.927557 0.169539 0.928583
31 5.5567 2.5623 2.6380 0.169889 0.927824 0.168849 0.928663
32 5.7501 2.6285 2.7162 0.169165 0.928188 0.168177 0.928983
33 5.6560 2.6224 2.6900 0.168467 0.928509 0.167521 0.929303
34 5.4244 2.4591 2.6047 0.167795 0.928740 0.166880 0.929223
35 5.5808 2.5337 2.6853 0.167144 0.928989 0.166252 0.929544
36 5.6520 2.6113 2.6888 0.166515 0.929274 0.165638 0.929544
37 5.4643 2.4871 2.6215 0.165904 0.929549 0.165034 0.929784
38 5.4715 2.4713 2.6522 0.165312 0.929852 0.164441 0.930424
39 5.5195 2.5603 2.6017 0.164737 0.930243 0.163857 0.930665
40 5.6839 2.6600 2.6461 0.164177 0.930519 0.163281 0.930905
41 5.4652 2.4860 2.6300 0.163634 0.930732 0.162712 0.931225
42 5.5344 2.5368 2.6433 0.163105 0.931035 0.162149 0.931225
43 5.4634 2.4963 2.6216 0.162590 0.931337 0.161592 0.931465
44 5.4747 2.5134 2.6015 0.162090 0.931649 0.161039 0.931865
45 5.5430 2.5301 2.6576 0.161603 0.931862 0.160491 0.932266
46 5.5441 2.5076 2.6899 0.161130 0.932236 0.159946 0.932346
47 5.4977 2.5461 2.5997 0.160670 0.932520 0.159404 0.932826
48 5.4985 2.4925 2.6652 0.160224 0.932823 0.158864 0.932746
49 5.4270 2.4609 2.6151 0.159792 0.933054 0.158327 0.932586
