epoch time fwd_time bwd_time loss acc val_loss val_acc
0 5.4259 2.4676 2.6105 0.443951 0.824407 0.471293 0.820737
1 5.4705 2.4801 2.5905 0.435551 0.824407 0.460892 0.820737
2 5.4616 2.4806 2.6319 0.366882 0.824407 0.381732 0.820737
3 5.4796 2.5257 2.6041 0.348095 0.824407 0.365075 0.820737
4 5.4878 2.4993 2.6464 0.338771 0.824407 0.354540 0.820737
5 5.5871 2.5525 2.6880 0.324524 0.825741 0.319398 0.836829
6 5.4840 2.5335 2.6021 0.236064 0.869559 0.243714 0.883667
7 5.5410 2.5647 2.6221 0.209579 0.912417 0.205162 0.912570
8 5.6195 2.5912 2.6768 0.185581 0.918279 0.187586 0.921377
9 5.6281 2.6030 2.6415 0.176950 0.924034 0.185355 0.921297
10 5.4461 2.4785 2.6102 0.176239 0.926445 0.185932 0.920256
11 5.6112 2.6561 2.6060 0.192625 0.928179 0.169473 0.927862
12 5.5467 2.5028 2.6868 0.200641 0.928384 0.162630 0.934508
13 5.5014 2.5623 2.5910 0.183117 0.928366 0.160056 0.935388
14 5.4485 2.5199 2.5684 0.180314 0.929852 0.158326 0.936749
15 5.5015 2.5266 2.6328 0.179304 0.930483 0.157334 0.936109
16 5.6649 2.6600 2.6479 0.177642 0.931186 0.156779 0.936109
17 5.5332 2.5955 2.5880 0.175617 0.931675 0.156136 0.935629
18 5.4567 2.5120 2.6011 0.173734 0.932351 0.155317 0.936189
19 5.4402 2.4730 2.6093 0.172141 0.932760 0.154452 0.936509
20 5.3821 2.4287 2.5986 0.170763 0.933081 0.153642 0.936990
21 5.5721 2.5798 2.6357 0.169508 0.933383 0.152941 0.937230
22 5.4964 2.5104 2.6280 0.168302 0.933650 0.152371 0.937470
23 5.6238 2.6140 2.6598 0.167086 0.933961 0.151942 0.936829
24 5.5270 2.4903 2.6855 0.165817 0.934202 0.151644 0.936669
25 5.5755 2.6341 2.5934 0.164465 0.934433 0.151452 0.936910
26 5.4778 2.5310 2.5964 0.163020 0.934726 0.151327 0.936829
27 5.4750 2.5188 2.5975 0.161493 0.935100 0.151213 0.936669
28 5.3834 2.4253 2.6062 0.159910 0.935340 0.151051 0.936509
29 5.4506 2.4704 2.6333 0.158313 0.935651 0.150783 0.936269
30 5.5197 2.5158 2.6494 0.156748 0.935847 0.150375 0.936589
31 5.5784 2.5464 2.6834 0.155261 0.936132 0.149821 0.936749
32 5.6916 2.7119 2.6226 0.153889 0.936239 0.149142 0.936990
33 5.5834 2.5639 2.6636 0.152660 0.936336 0.148381 0.937470
34 5.4735 2.4792 2.6001 0.151587 0.936514 0.147579 0.937710
35 5.5177 2.4927 2.6722 0.150672 0.936790 0.146774 0.938351
36 5.5141 2.5546 2.6055 0.149896 0.936843 0.145988 0.938511
37 5.5217 2.5050 2.6570 0.149242 0.936941 0.145232 0.938751
38 5.4403 2.4935 2.6056 0.148683 0.937217 0.144509 0.938991
39 5.5307 2.5435 2.6306 0.148201 0.937288 0.143818 0.938911
40 5.5560 2.5557 2.6518 0.147779 0.937466 0.143154 0.939311
41 5.3812 2.4419 2.5940 0.147403 0.937484 0.142516 0.939552
42 5.6094 2.6676 2.5871 0.147062 0.937742 0.141897 0.939792
43 5.5129 2.5580 2.5973 0.146744 0.937849 0.141295 0.940032
44 5.4706 2.5322 2.5899 0.146441 0.938009 0.140706 0.940352
45 5.4083 2.4680 2.5907 0.146145 0.938258 0.140133 0.940673
46 6.0705 2.7943 2.9057 0.145867 0.938471 0.139587 0.940512
47 5.7815 2.5914 2.8216 0.145624 0.938649 0.139070 0.941153
48 5.6122 2.5375 2.7183 0.145428 0.938854 0.138556 0.941313
49 5.5070 2.5271 2.6232 0.145275 0.938969 0.138031 0.941873
