epoch time fwd_time bwd_time loss acc val_loss val_acc
0 5.4969 2.4690 2.6718 0.444126 0.730864 0.471605 0.820737
1 5.5133 2.5066 2.6454 0.444249 0.824407 0.471468 0.820737
2 5.4547 2.4707 2.6484 0.443195 0.824407 0.469696 0.820737
3 5.5198 2.4883 2.6789 0.436933 0.824407 0.463313 0.820737
4 5.5146 2.5235 2.6450 0.403989 0.824407 0.426347 0.820737
5 5.5180 2.5026 2.6748 0.348765 0.824407 0.366556 0.820737
6 5.6124 2.6131 2.6587 0.338860 0.824407 0.359611 0.820737
7 5.4517 2.4561 2.6510 0.332334 0.824407 0.350962 0.820737
8 5.5381 2.4995 2.6921 0.328204 0.824407 0.346634 0.820737
9 5.6927 2.6720 2.6800 0.324215 0.824407 0.342656 0.820737
10 5.5314 2.5496 2.5860 0.320077 0.824407 0.338670 0.820737
11 5.5409 2.5136 2.6735 0.315595 0.824407 0.334233 0.820737
12 5.4351 2.4751 2.6135 0.310437 0.824531 0.329005 0.821377
13 5.4227 2.4572 2.6152 0.304038 0.825421 0.322872 0.825060
14 5.6290 2.5856 2.6890 0.295541 0.827583 0.314343 0.830584
15 5.5144 2.4846 2.6769 0.281869 0.833009 0.300959 0.837710
16 5.5314 2.5020 2.6822 0.259424 0.846014 0.279898 0.861569
17 5.5506 2.5115 2.6863 0.228994 0.875768 0.237137 0.898319
18 5.5018 2.5229 2.6293 0.208680 0.909579 0.208402 0.916733
19 5.6688 2.6624 2.6386 0.204029 0.916971 0.201254 0.921057
20 5.5330 2.5182 2.6670 0.201691 0.919551 0.197650 0.918094
21 5.5471 2.5494 2.6416 0.197363 0.921988 0.192395 0.921857
22 5.6099 2.5806 2.6843 0.195801 0.923065 0.188727 0.924660
23 5.4736 2.4958 2.6385 0.194717 0.923990 0.186250 0.925701
24 5.4415 2.4870 2.5986 0.193750 0.924586 0.184186 0.926181
25 5.3857 2.4511 2.5812 0.192814 0.925128 0.182394 0.927702
26 5.5073 2.5308 2.6312 0.191884 0.925893 0.180808 0.927942
27 5.4749 2.4781 2.6390 0.190951 0.926480 0.179380 0.928343
28 5.5375 2.5131 2.6749 0.190012 0.926890 0.178074 0.928903
29 5.4403 2.5057 2.5862 0.189066 0.927165 0.176863 0.928743
30 5.5857 2.5568 2.6819 0.188116 0.927663 0.175726 0.929063
31 5.4662 2.4846 2.6316 0.187165 0.928108 0.174648 0.929864
32 5.5149 2.4837 2.6886 0.186215 0.928491 0.173618 0.930024
33 5.5393 2.5478 2.6572 0.185270 0.928971 0.172629 0.930264
34 5.5016 2.5135 2.6459 0.184333 0.929354 0.171672 0.930665
35 5.5682 2.6073 2.6101 0.183404 0.929745 0.170745 0.930504
36 5.5570 2.5535 2.6463 0.182487 0.929967 0.169843 0.930985
37 5.5572 2.5801 2.6222 0.181582 0.930225 0.168963 0.931465
38 5.5047 2.4707 2.6885 0.180690 0.930617 0.168103 0.932026
39 5.5693 2.5534 2.6192 0.179811 0.930990 0.167261 0.932266
40 5.5258 2.5216 2.6528 0.178944 0.931195 0.166434 0.932506
41 5.4861 2.4773 2.6648 0.178086 0.931435 0.165619 0.932666
42 5.4671 2.5085 2.6105 0.177232 0.931613 0.164812 0.932986
43 5.5155 2.5322 2.6321 0.176373 0.931915 0.164004 0.932986
44 5.4789 2.4589 2.6723 0.175491 0.932191 0.163181 0.933066
45 5.4726 2.4657 2.6566 0.174546 0.932422 0.162316 0.933707
46 5.5417 2.5716 2.6139 0.173481 0.932645 0.161373 0.933947
47 5.5509 2.5485 2.6048 0.172262 0.932929 0.160349 0.934267
48 5.5638 2.5373 2.6667 0.170969 0.933152 0.159316 0.934828
49 5.4694 2.5131 2.5891 0.169738 0.933374 0.158339 0.935228
