epoch time fwd_time bwd_time loss acc val_loss val_acc
0 5.5960 2.5759 2.6682 0.442558 0.802017 0.469969 0.820737
1 5.4375 2.4880 2.6058 0.427278 0.824416 0.449467 0.820817
2 5.6922 2.6852 2.6590 0.338151 0.818963 0.355250 0.822258
3 5.5650 2.5319 2.6800 0.323438 0.825919 0.342704 0.823058
4 5.5304 2.5076 2.6793 0.302206 0.828597 0.315793 0.830344
5 5.5226 2.5213 2.6540 0.262286 0.874496 0.267525 0.865172
6 5.5317 2.5097 2.6764 0.202578 0.908432 0.193435 0.921537
7 5.5492 2.5611 2.6303 0.199624 0.914534 0.188134 0.922818
8 5.5131 2.5065 2.6511 0.192866 0.920903 0.182961 0.923699
9 5.4714 2.5001 2.6154 0.190159 0.922371 0.179368 0.925460
10 5.5315 2.5006 2.6796 0.189449 0.923349 0.179163 0.924420
11 5.5758 2.5615 2.6660 0.189347 0.924586 0.180930 0.923859
12 5.5476 2.5065 2.6813 0.190053 0.924924 0.178696 0.924660
13 5.6019 2.6402 2.6169 0.189592 0.925413 0.175888 0.925460
14 5.5023 2.5279 2.6247 0.188225 0.926178 0.174649 0.926021
15 5.4941 2.5249 2.6130 0.186792 0.926765 0.173744 0.925701
16 5.4542 2.4649 2.6320 0.185317 0.927094 0.172928 0.925941
17 5.5256 2.5407 2.6318 0.183828 0.927468 0.171990 0.926021
18 5.5617 2.5146 2.6834 0.182415 0.927886 0.170816 0.926902
19 5.4503 2.4904 2.6169 0.181206 0.928117 0.169366 0.926902
20 5.5628 2.5845 2.6163 0.180346 0.928838 0.167574 0.928022
21 5.6330 2.6129 2.6646 0.179890 0.929389 0.165400 0.929784
22 5.6295 2.6111 2.6378 0.179652 0.929754 0.163155 0.931065
23 5.4537 2.4882 2.6266 0.179443 0.929976 0.161236 0.932186
24 5.5229 2.5280 2.6486 0.179230 0.930288 0.159751 0.932826
25 5.4146 2.4823 2.5841 0.179050 0.930599 0.158613 0.933547
26 5.5283 2.5397 2.6445 0.178928 0.930688 0.157714 0.934668
27 5.5024 2.5080 2.6387 0.178873 0.931017 0.156975 0.935068
28 6.4113 2.8987 3.1300 0.178881 0.931293 0.156358 0.935228
29 5.5931 2.5875 2.6461 0.178932 0.931399 0.155856 0.935388
30 5.4998 2.5446 2.5985 0.178997 0.931604 0.155491 0.935068
31 5.5576 2.5509 2.6485 0.179037 0.931826 0.155307 0.934668
32 5.5657 2.5252 2.6776 0.178995 0.931960 0.155389 0.934908
33 5.6040 2.5815 2.6633 0.178774 0.932013 0.155865 0.935068
34 5.5937 2.5959 2.6548 0.178216 0.932156 0.156915 0.934267
35 5.5742 2.5511 2.6676 0.177128 0.932236 0.158681 0.932986
36 5.5435 2.5015 2.6891 0.175377 0.932120 0.161119 0.931785
37 5.4484 2.4636 2.6369 0.172947 0.931907 0.164021 0.930584
38 5.5920 2.5950 2.6378 0.169490 0.931826 0.167484 0.928743
39 5.5277 2.5201 2.6511 0.164825 0.931293 0.170697 0.926661
40 5.4513 2.4834 2.6105 0.165669 0.931782 0.169156 0.927622
41 5.4992 2.5195 2.6301 0.166848 0.932040 0.167804 0.928743
42 5.4129 2.4538 2.6050 0.168820 0.932049 0.166011 0.928743
43 5.5771 2.5477 2.6508 0.172155 0.932209 0.163406 0.930584
44 5.5886 2.5846 2.6534 0.179296 0.931969 0.158776 0.932906
45 5.5776 2.5904 2.6348 0.191645 0.931577 0.153325 0.934988
46 5.5274 2.5383 2.6470 0.178537 0.930812 0.154406 0.934267
47 5.5319 2.4911 2.6408 0.181932 0.932334 0.152580 0.934828
48 5.5190 2.5306 2.6406 0.178195 0.932084 0.152520 0.934828
49 5.5404 2.5083 2.6797 0.177968 0.932431 0.152019 0.934828
