epoch time fwd_time bwd_time loss acc val_loss val_acc
0 5.4749 2.4995 2.5838 0.443815 0.773312 0.471486 0.820737
1 5.5133 2.5349 2.6288 0.421395 0.824407 0.446922 0.820737
2 5.5067 2.5370 2.6175 0.330991 0.824407 0.351395 0.820737
3 5.3489 2.4268 2.5824 0.319579 0.824407 0.339253 0.820737
4 5.5755 2.5783 2.6524 0.311073 0.824407 0.331105 0.820737
5 5.5218 2.4861 2.6893 0.299316 0.825003 0.319733 0.822578
6 5.5187 2.4845 2.6825 0.276433 0.829041 0.299872 0.836829
7 5.5649 2.5701 2.6399 0.218560 0.888097 0.210734 0.919135
8 5.5405 2.5238 2.6664 0.206288 0.917016 0.195892 0.923379
9 5.5689 2.5711 2.6439 0.197309 0.918439 0.190778 0.918495
10 5.5542 2.5602 2.6437 0.190017 0.920592 0.183770 0.925701
11 5.4818 2.4915 2.6409 0.186978 0.922584 0.180087 0.927542
12 5.4609 2.5039 2.6023 0.184391 0.923634 0.177075 0.928743
13 5.5145 2.4913 2.6784 0.182047 0.924719 0.174451 0.929624
14 5.5312 2.5018 2.6769 0.179876 0.925724 0.172084 0.930264
15 5.4671 2.5215 2.5884 0.177849 0.926534 0.169907 0.930745
16 5.4242 2.4704 2.5939 0.175958 0.927388 0.167884 0.931946
17 5.6364 2.5930 2.6857 0.174204 0.928082 0.165985 0.932186
18 5.4745 2.4810 2.6321 0.172587 0.928749 0.164187 0.933387
19 5.4547 2.4935 2.6041 0.171103 0.929371 0.162470 0.933227
20 5.5479 2.5205 2.6796 0.169738 0.930074 0.160821 0.934187
21 5.5550 2.5650 2.6080 0.168473 0.930661 0.159232 0.934668
22 5.5056 2.4777 2.6701 0.167280 0.931248 0.157705 0.935148
23 5.4818 2.5401 2.5895 0.166140 0.931853 0.156243 0.935949
24 5.5476 2.5266 2.6724 0.165032 0.932503 0.154853 0.936269
25 5.6203 2.6272 2.6449 0.163947 0.932965 0.153537 0.936910
26 5.4795 2.5178 2.6074 0.162878 0.933508 0.152301 0.937150
27 5.5485 2.5430 2.6507 0.161823 0.933926 0.151143 0.937470
28 5.5952 2.5674 2.6692 0.160783 0.934415 0.150064 0.938191
29 5.5873 2.5869 2.6468 0.159761 0.934780 0.149059 0.938030
30 5.5151 2.4935 2.6707 0.158759 0.935260 0.148126 0.937710
31 5.5488 2.5642 2.6331 0.157781 0.935660 0.147259 0.938271
32 5.4142 2.4607 2.6010 0.156830 0.935901 0.146454 0.938751
33 5.4580 2.5227 2.5858 0.155906 0.936399 0.145706 0.938751
34 5.5513 2.5364 2.6701 0.155014 0.936683 0.145011 0.939151
35 5.4787 2.4909 2.6443 0.154153 0.936932 0.144363 0.939231
36 5.4743 2.5126 2.6107 0.153324 0.937155 0.143759 0.939472
37 5.6378 2.6254 2.6564 0.152527 0.937359 0.143194 0.939472
38 5.5540 2.5962 2.6054 0.151763 0.937537 0.142667 0.939872
39 5.6195 2.6227 2.6535 0.151032 0.937884 0.142172 0.940272
40 5.3935 2.4398 2.6045 0.150332 0.938133 0.141709 0.940592
41 5.5519 2.5920 2.6015 0.149663 0.938356 0.141274 0.941233
42 5.5031 2.5441 2.6152 0.149025 0.938578 0.140864 0.941313
43 5.4627 2.4796 2.6324 0.148416 0.938774 0.140478 0.941473
44 5.5231 2.4911 2.6683 0.147836 0.939067 0.140115 0.941713
45 5.5323 2.5522 2.6247 0.147283 0.939272 0.139771 0.941393
46 5.4308 2.4732 2.6168 0.146756 0.939601 0.139446 0.941873
47 5.3981 2.4408 2.6016 0.146255 0.939690 0.139139 0.941954
48 5.5505 2.5630 2.6283 0.145778 0.939912 0.138847 0.942434
49 5.4930 2.5136 2.6330 0.145324 0.940037 0.138571 0.942674
