epoch time fwd_time bwd_time loss acc val_loss val_acc
0 5.5269 2.5026 2.6916 0.442358 0.824407 0.470022 0.820737
1 5.7425 2.6444 2.7381 0.355088 0.824327 0.375239 0.820737
2 5.6553 2.5870 2.7230 0.340580 0.824398 0.360055 0.820737
3 5.6315 2.5949 2.6769 0.326893 0.824318 0.342577 0.832666
4 5.5306 2.4995 2.6696 0.333829 0.825634 0.355852 0.820737
5 5.4264 2.4694 2.6081 0.317690 0.826853 0.333872 0.834588
6 5.4926 2.5379 2.5886 0.421641 0.863475 0.376234 0.864532
7 5.5162 2.5710 2.5984 0.205472 0.890366 0.207970 0.911689
8 5.6226 2.5783 2.6927 0.200071 0.917336 0.187547 0.920817
9 5.6056 2.5701 2.6731 0.183809 0.923403 0.177202 0.925701
10 5.5400 2.5842 2.6011 0.177898 0.924070 0.169194 0.929063
11 5.6018 2.5812 2.6645 0.176482 0.924310 0.187221 0.920416
12 5.5262 2.5153 2.6569 0.173745 0.925671 0.186789 0.920737
13 5.6234 2.6332 2.6390 0.172049 0.926667 0.181491 0.923219
14 5.6061 2.5969 2.6460 0.170499 0.927744 0.177380 0.925701
15 5.5083 2.5358 2.6247 0.168871 0.928749 0.175047 0.926501
16 5.4893 2.4943 2.6479 0.167224 0.929683 0.173705 0.927302
17 5.6534 2.6134 2.6477 0.165572 0.930394 0.173037 0.927782
18 5.4512 2.4654 2.6401 0.163957 0.930981 0.172648 0.928102
19 5.5952 2.5631 2.6841 0.162414 0.931675 0.172241 0.928903
20 5.4680 2.4676 2.6540 0.160922 0.932200 0.171949 0.929143
21 5.5860 2.5357 2.6877 0.159439 0.932672 0.172126 0.928983
22 5.4381 2.4885 2.6021 0.157881 0.932894 0.173576 0.929143
23 5.6004 2.5610 2.6821 0.156531 0.933054 0.177857 0.925781
24 5.5029 2.5443 2.6101 0.156154 0.932743 0.178373 0.925300
25 5.5305 2.5062 2.6742 0.154296 0.933437 0.169496 0.929544
26 5.4400 2.4776 2.6093 0.153459 0.934486 0.173785 0.927542
27 5.5252 2.5753 2.5890 0.152736 0.934388 0.167468 0.930584
28 5.4629 2.4812 2.6257 0.151935 0.935233 0.169913 0.929063
29 5.5467 2.5319 2.6546 0.151527 0.935536 0.166539 0.930424
30 5.4895 2.4921 2.6418 0.150850 0.935945 0.168389 0.929303
31 5.4531 2.4983 2.6112 0.150511 0.936061 0.165845 0.930424
32 5.5032 2.4887 2.6622 0.149963 0.936434 0.166863 0.929944
33 5.5502 2.5385 2.6590 0.149651 0.936630 0.165246 0.931065
34 5.5440 2.6039 2.5861 0.149213 0.937057 0.165612 0.931065
35 5.4258 2.4587 2.6008 0.148923 0.937244 0.164559 0.931385
36 5.5756 2.5177 2.6996 0.148567 0.937537 0.164540 0.931385
37 5.3663 2.4445 2.5741 0.148309 0.937795 0.163711 0.931705
38 5.4518 2.4920 2.5737 0.148008 0.938115 0.163531 0.931785
39 5.6214 2.6035 2.6685 0.147796 0.938427 0.162683 0.932346
40 5.5696 2.6014 2.6149 0.147508 0.938747 0.162610 0.932426
41 5.5413 2.5915 2.5927 0.147370 0.938880 0.161372 0.933387
42 5.5241 2.5527 2.5810 0.146922 0.939174 0.162515 0.932506
43 5.6835 2.7391 2.5903 0.147212 0.939494 0.158058 0.934668
44 5.8581 2.7070 2.7830 0.146766 0.939396 0.168966 0.928343
45 5.5509 2.6044 2.5943 0.146708 0.938800 0.153906 0.936109
46 5.6149 2.5979 2.6687 0.150363 0.939574 0.166928 0.929464
47 5.4695 2.5363 2.5959 0.146471 0.938987 0.147711 0.938431
48 5.4660 2.4836 2.6241 0.157350 0.940117 0.162541 0.931705
49 5.5650 2.5208 2.6879 0.146030 0.939868 0.146420 0.939151
