epoch time fwd_time bwd_time loss acc val_loss val_acc
0 5.6368 2.5704 2.7136 0.442428 0.824407 0.470026 0.820737
1 5.4782 2.5232 2.6027 0.376484 0.824407 0.398268 0.820737
2 5.5941 2.5321 2.7084 0.332351 0.824407 0.353869 0.820737
3 5.5785 2.5618 2.6678 0.323931 0.824407 0.345325 0.820737
4 5.4286 2.4522 2.6403 0.317896 0.824407 0.338001 0.820737
5 5.5397 2.5415 2.6229 0.293458 0.825901 0.311940 0.826261
6 5.4620 2.4795 2.6374 0.258499 0.860219 0.258912 0.883187
7 5.5758 2.5377 2.6793 0.229899 0.907178 0.215800 0.918415
8 5.4539 2.4791 2.6256 0.212045 0.914917 0.201650 0.922178
9 5.6095 2.5430 2.6698 0.200614 0.918003 0.197804 0.920016
10 5.4547 2.4592 2.6532 0.191897 0.919818 0.197820 0.918495
11 5.3895 2.4495 2.5881 0.191241 0.921125 0.192543 0.920657
12 5.4270 2.4622 2.6155 0.193346 0.922486 0.186180 0.923219
13 5.5876 2.5517 2.6860 0.193056 0.924016 0.182996 0.923859
14 5.6184 2.5996 2.6656 0.193330 0.925004 0.179713 0.924740
15 5.6047 2.5566 2.6907 0.194141 0.925635 0.176124 0.927062
16 5.6026 2.5614 2.6878 0.195881 0.926142 0.171661 0.928423
17 5.5452 2.5459 2.6530 0.194450 0.926658 0.166980 0.929944
18 5.4499 2.4737 2.6291 0.182057 0.926400 0.165057 0.930424
19 5.4860 2.4867 2.6408 0.181241 0.927806 0.163552 0.931145
20 5.4024 2.4480 2.5946 0.179486 0.928188 0.162064 0.931305
21 5.4430 2.4911 2.6060 0.178476 0.928695 0.160674 0.932266
22 5.4038 2.4563 2.6038 0.177656 0.929149 0.159348 0.932586
23 5.4738 2.4980 2.6390 0.176962 0.929656 0.158077 0.933227
24 5.5667 2.5871 2.6269 0.176373 0.929976 0.156861 0.932986
25 5.5969 2.5395 2.7068 0.175900 0.930617 0.155707 0.933066
26 5.5475 2.5373 2.6627 0.175602 0.931124 0.154641 0.933787
27 5.4638 2.4830 2.6295 0.175736 0.931417 0.153726 0.934027
28 5.4965 2.4955 2.6513 0.176962 0.931488 0.152972 0.935068
29 5.5447 2.5749 2.6190 0.178758 0.931622 0.151426 0.934988
30 5.4231 2.4671 2.6071 0.181088 0.931826 0.150716 0.936109
31 5.3940 2.4580 2.5871 0.175994 0.932422 0.150454 0.937070
32 5.5746 2.5320 2.6959 0.181016 0.932609 0.148932 0.936990
33 5.5794 2.5299 2.6929 0.172547 0.933276 0.149536 0.936829
34 5.5878 2.5321 2.6704 0.179915 0.933303 0.147261 0.937550
35 5.4926 2.5259 2.6157 0.171044 0.934139 0.148151 0.937390
36 5.6140 2.5986 2.6681 0.178552 0.933961 0.145689 0.939071
37 5.6157 2.5794 2.6789 0.171184 0.934904 0.146280 0.938831
38 5.4908 2.5284 2.6069 0.177079 0.934290 0.144163 0.939952
39 5.4541 2.5088 2.5891 0.174435 0.935189 0.143721 0.939872
40 5.4922 2.5523 2.5932 0.175143 0.935242 0.142646 0.939952
41 5.4481 2.5145 2.5800 0.174615 0.935500 0.141914 0.940993
42 5.5626 2.5676 2.5980 0.173575 0.935865 0.141202 0.941073
43 5.5570 2.5141 2.6965 0.172741 0.936150 0.140545 0.941553
44 5.6796 2.6340 2.6961 0.171981 0.936408 0.139963 0.941954
45 5.4893 2.5452 2.6108 0.171230 0.936559 0.139465 0.941713
46 5.4581 2.5180 2.5885 0.170436 0.936754 0.139036 0.941954
47 5.5204 2.5176 2.6570 0.169604 0.936923 0.138655 0.942114
48 5.5387 2.5159 2.6656 0.168754 0.937173 0.138305 0.942114
49 5.4803 2.4976 2.6239 0.167904 0.937395 0.137972 0.942354
