112.0
98.0
69.0
82.0
91.0
93.0
91.0
95.0
111.0
96.0
97.0
124.0
95.0
107.0
83.0
84.0
50.0
28.0
87.0
16.0
57.0
111.0
113.0
20.0
145.0
119.0
66.0
97.0
90.0
115.0
8.0
48.0
106.0
7.0
11.0
19.0
21.0
50.0
142.0
28.0
18.0
10.0
59.0
109.0
114.0
47.0
135.0
92.0
21.0
79.0
114.0
29.0
26.0
97.0
137.0
15.0
103.0
37.0
114.0
100.0
21.0
54.0
72.0
28.0
128.0
14.0
77.0
8.0
121.0
94.0
118.0
50.0
131.0
126.0
113.0
10.0
34.0
107.0
63.0
90.0
8.0
9.0
137.0
58.0
118.0
89.0
116.0
115.0
136.0
28.0
38.0
20.0
85.0
55.0
128.0
137.0
82.0
59.0
117.0
20.0
18.0
79.0
106.0
110.0
15.0
155.0
6.0
90.0
11.0
79.0
6.0
73.0
30.0
11.0
37.0
67.0
68.0
99.0
22.0
54.0
97.0
10.0
142.0
77.0
88.0
163.0
126.0
138.0
83.0
78.0
75.0
11.0
53.0
173.0
63.0
100.0
151.0
55.0
48.0
37.0
44.0
27.0
18.0
6.0
15.0
112.0
131.0
13.0
122.0
13.0
98.0
53.0
52.0
106.0
103.0
152.0
123.0
26.0
178.0
73.0
169.0
39.0
39.0
14.0
11.0
121.0
86.0
56.0
115.0
17.0
148.0
104.0
78.0
86.0
98.0
36.0
94.0
52.0
91.0
15.0
141.0
74.0
146.0
17.0
47.0
194.0
21.0
79.0
97.0
8.0
9.0
73.0
183.0
97.0
73.0
49.0
31.0
97.0
9.0
14.0
106.0
8.0
8.0
106.0
116.0
120.0
61.0
168.0
35.0
80.0
9.0
50.0
151.0
78.0
91.0
7.0
181.0
150.0
106.0
15.0
67.0
145.0
180.0
7.0
179.0
124.0
82.0
108.0
79.0
121.0
120.0
39.0
38.0
9.0
167.0
87.0
88.0
7.0
51.0
55.0
155.0
47.0
81.0
43.0
98.0
10.0
92.0
11.0
165.0
34.0
115.0
59.0
99.0
103.0
108.0
83.0
171.0
15.0
9.0
42.0
13.0
41.0
88.0
14.0
155.0
188.0
96.0
82.0
135.0
182.0
36.0
107.0
14.0
95.0
142.0
23.0
6.0
144.0
35.0
97.0
68.0
14.0
67.0
191.0
19.0
10.0
158.0
183.0
43.0
12.0
148.0
13.0
37.0
122.0
80.0
93.0
132.0
32.0
103.0
174.0
111.0
68.0
192.0
121.0
134.0
48.0
85.0
8.0
23.0
8.0
6.0
57.0
83.0
172.0
101.0
81.0
86.0
165.0
73.0
121.0
139.0
75.0
151.0
145.0
11.0
108.0
14.0
126.0
61.0
85.0
8.0
101.0
153.0
89.0
190.0
12.0
62.0
134.0
101.0
121.0
167.0
17.0
161.0
181.0
16.0
152.0
148.0
56.0
111.0
23.0
84.0
12.0
43.0
48.0
122.0
191.0
56.0
131.0
51.0
44.0
51.0
27.0
120.0
101.0
99.0
71.0
55.0
55.0
66.0
77.0
115.0
115.0
31.0
108.0
56.0
136.0
132.0
85.0
56.0
18.0
119.0
78.0
9.0
58.0
11.0
88.0
144.0
124.0
89.0
79.0
55.0
71.0
65.0
87.0
137.0
145.0
22.0
8.0
41.0
131.0
115.0
128.0
69.0
111.0
7.0
137.0
55.0
135.0
11.0
78.0
120.0
87.0
87.0
55.0
93.0
88.0
40.0
49.0
128.0
129.0
58.0
117.0
28.0
115.0
87.0
92.0
103.0
100.0
63.0
35.0
45.0
99.0
117.0
45.0
27.0
86.0
20.0
18.0
133.0
15.0
6.0
145.0
104.0
56.0
25.0
68.0
144.0
41.0
51.0
81.0
14.0
67.0
10.0
127.0
113.0
123.0
17.0
8.0
28.0
22.0
39.0
107.0
75.0
149.0
78.0
94.0
14.0
99.0
162.0
143.0
7.0
71.0
105.0
12.0
160.0
162.0
104.0
194.0
82.0
91.0
11.0
26.0
142.0
39.0
92.0
76.0
124.0
64.0
118.0
6.0
22.0
147.0
126.0
36.0
73.0
89.0
11.0
151.0
10.0
97.0
30.0
42.0
60.0
85.0
134.0
34.0
45.0
24.0
86.0
119.0
151.0
142.0
176.0
157.0
67.0
97.0
8.0
154.0
139.0
51.0
33.0
184.0
46.0
12.0
133.0
46.0
46.0
12.0
33.0
15.0
176.0
23.0
89.0
124.0
163.0
25.0
74.0
78.0
114.0
96.0
10.0
172.0
166.0
115.0
70.0
94.0
56.0
86.0
96.0
50.0
73.0
154.0
129.0
171.0
71.0
105.0
113.0
37.0
7.0
13.0
22.0
9.0
120.0
100.0
107.0
41.0
153.0
126.0
59.0
18.0
66.0
13.0
14.0
139.0
13.0
75.0
8.0
109.0
137.0
41.0
192.0
23.0
86.0
184.0
15.0
195.0
126.0
120.0
165.0
101.0
116.0
126.0
36.0
7.0
122.0
159.0
88.0
173.0
146.0
130.0
108.0
53.0
162.0
59.0
100.0
56.0
145.0
76.0
57.0
31.0
88.0
173.0
34.0
7.0
133.0
172.0
6.0
22.0
83.0
82.0
84.0
95.0
174.0
111.0
72.0
109.0
87.0
179.0
158.0
126.0
12.0
8.0
10.0
123.0
103.0
12.0
106.0
12.0
32.0
37.0
116.0
15.0
10.0
46.0
142.0
24.0
135.0
56.0
43.0
178.0
71.0
104.0
15.0
166.0
89.0
36.0
11.0
92.0
96.0
59.0
13.0
167.0
151.0
154.0
109.0
116.0
91.0
11.0
88.0
108.0
76.0
14.0
89.0
145.0
17.0
66.0
154.0
41.0
182.0
73.0
39.0
58.0
14.0
145.0
88.0
162.0
189.0
120.0
98.0
33.0
184.0
110.0
68.0
24.0
75.0
18.0
16.0
166.0
98.0
176.0
81.0
118.0
35.0
131.0
194.0
112.0
26.0