epoch time fwd_time bwd_time loss acc val_loss val_acc
0 5.4347 2.4609 2.6065 0.580784 0.687215 0.589648 0.826181
1 5.6119 2.5415 2.7201 0.462803 0.823802 0.491369 0.826181
2 5.5464 2.4862 2.6884 0.434323 0.823802 0.471398 0.826181
3 5.4778 2.4550 2.6545 0.424412 0.823802 0.466012 0.826181
4 5.4164 2.4430 2.6206 0.420590 0.823802 0.464600 0.826181
5 5.5341 2.5104 2.6615 0.419065 0.823802 0.464256 0.826181
6 5.4562 2.3995 2.7039 0.418455 0.823802 0.464162 0.826181
7 5.4832 2.4331 2.6847 0.418217 0.823802 0.464115 0.826181
8 5.4997 2.4625 2.6475 0.418127 0.823802 0.464065 0.826181
9 5.5200 2.5334 2.6269 0.418090 0.823802 0.463989 0.826181
10 5.4617 2.4664 2.6345 0.418078 0.823802 0.463833 0.826181
11 5.4667 2.4558 2.6484 0.418098 0.823802 0.463452 0.826181
12 5.4691 2.4205 2.6294 0.417956 0.823802 0.462897 0.826181
13 5.4314 2.4455 2.6107 0.417853 0.823802 0.461807 0.826181
14 5.4567 2.4704 2.6293 0.415377 0.823802 0.450910 0.826181
15 5.3936 2.3715 2.6673 0.375708 0.823802 0.398604 0.826181
16 5.5580 2.5506 2.6539 0.364516 0.823802 0.387482 0.826181
17 5.5399 2.5471 2.6279 0.357940 0.823802 0.381354 0.826181
18 5.4283 2.4180 2.6510 0.352898 0.823802 0.376298 0.826181
19 5.4286 2.4617 2.6038 0.349542 0.823802 0.370969 0.826181
20 5.4718 2.4459 2.6669 0.345271 0.823802 0.364881 0.826181
21 5.3795 2.4071 2.6202 0.338679 0.823802 0.357184 0.826181
22 5.3437 2.3581 2.6281 0.328718 0.823802 0.349740 0.826181
23 5.3972 2.3970 2.6385 0.315061 0.823838 0.333493 0.826741
24 5.4568 2.4544 2.6394 0.295152 0.837474 0.311898 0.861329
25 5.4923 2.5091 2.6381 0.255997 0.884094 0.266257 0.892954
26 5.5093 2.4851 2.6660 0.244345 0.895276 0.252748 0.897438
27 5.4206 2.4584 2.6025 0.241918 0.896823 0.249425 0.898479
28 5.4554 2.4657 2.6257 0.240420 0.897259 0.254491 0.894796
29 5.3898 2.4411 2.5912 0.238293 0.897544 0.253532 0.895436
30 5.3906 2.4524 2.5813 0.236527 0.898220 0.248697 0.896878
31 5.5575 2.5456 2.6434 0.235419 0.898603 0.244318 0.898959
32 5.4580 2.4324 2.6679 0.234571 0.898798 0.242755 0.898479
33 5.3825 2.4153 2.6119 0.233623 0.899545 0.241901 0.898639
34 5.3534 2.4004 2.5939 0.232722 0.899875 0.240824 0.898719
35 5.4817 2.4173 2.6886 0.231904 0.900124 0.239998 0.898959
36 5.5743 2.4989 2.7196 0.231078 0.900506 0.239091 0.898799
37 5.5875 2.5564 2.6356 0.230282 0.900791 0.238171 0.898799
38 5.3955 2.4155 2.6270 0.229548 0.901058 0.237412 0.899039
39 5.4635 2.4490 2.6523 0.228862 0.901316 0.236802 0.899039
40 5.4526 2.4294 2.6587 0.228202 0.901556 0.236277 0.898879
41 5.4274 2.4110 2.6625 0.227552 0.901894 0.235781 0.898959
42 5.5704 2.5606 2.6455 0.226905 0.902232 0.235280 0.899600
43 5.6886 2.6215 2.6992 0.226259 0.902481 0.234760 0.899600
44 5.5149 2.5102 2.6345 0.225615 0.902935 0.234219 0.899920
45 5.4862 2.4596 2.6808 0.224975 0.903255 0.233660 0.900400
46 5.4458 2.4185 2.6672 0.224339 0.903628 0.233088 0.900480
47 5.5157 2.4666 2.6887 0.223706 0.903913 0.232506 0.900961
48 5.4485 2.4022 2.6921 0.223076 0.904135 0.231914 0.901041
49 5.4569 2.4428 2.6675 0.222446 0.904296 0.231314 0.901361
