epoch time fwd_time bwd_time loss acc val_loss val_acc
0 5.5699 2.4862 2.7033 0.419200 0.823802 0.464489 0.826181
1 5.5825 2.5310 2.6852 0.417766 0.823802 0.463841 0.826181
2 5.5775 2.5264 2.6876 0.416578 0.823802 0.462593 0.826181
3 5.4734 2.3917 2.6733 0.412604 0.823802 0.457577 0.826181
4 5.4952 2.4653 2.6699 0.373459 0.823802 0.386873 0.826181
5 5.4567 2.4179 2.6698 0.343778 0.823802 0.357706 0.826181
6 5.5384 2.4987 2.6750 0.330645 0.823918 0.343449 0.826661
7 5.3861 2.4231 2.6090 0.292387 0.833542 0.307673 0.844035
8 5.4697 2.4043 2.6988 0.227241 0.878143 0.248073 0.891273
9 5.5000 2.4657 2.6807 0.214082 0.898318 0.244842 0.892954
10 5.4408 2.3876 2.7005 0.208066 0.904554 0.235641 0.897438
11 5.4819 2.4144 2.6723 0.205483 0.907587 0.227781 0.902082
12 5.4996 2.4698 2.6665 0.203554 0.910158 0.221171 0.905604
13 5.5138 2.5055 2.6453 0.201878 0.912417 0.215578 0.908086
14 5.4211 2.3940 2.6589 0.199857 0.913938 0.211252 0.911049
15 5.4697 2.4247 2.6953 0.197483 0.915441 0.207821 0.913211
16 5.4364 2.3959 2.6799 0.194976 0.916624 0.204812 0.914331
17 5.4298 2.4188 2.6550 0.192414 0.917816 0.201982 0.915292
18 5.5542 2.5181 2.6751 0.189823 0.919213 0.199192 0.917374
19 5.5014 2.4891 2.6451 0.187211 0.920458 0.196378 0.918014
20 5.3247 2.3915 2.5814 0.184578 0.921784 0.193548 0.919936
21 5.4705 2.4774 2.6319 0.181954 0.923358 0.190732 0.921137
22 5.4530 2.4644 2.6319 0.179396 0.924185 0.187943 0.922098
23 5.4813 2.4687 2.6625 0.176968 0.925217 0.185154 0.922978
24 5.4647 2.4695 2.6370 0.174789 0.926231 0.182130 0.924259
25 5.4581 2.4657 2.6333 0.173214 0.927468 0.178720 0.926101
26 5.5615 2.5599 2.6287 0.171807 0.928375 0.176222 0.927142
27 5.5361 2.4771 2.6838 0.170097 0.929024 0.174562 0.927302
28 5.5142 2.5183 2.6175 0.168357 0.929612 0.173316 0.928183
29 5.4126 2.4189 2.6369 0.166748 0.930288 0.172338 0.929303
30 5.5706 2.5240 2.6928 0.165310 0.930697 0.171553 0.929864
31 5.4816 2.4071 2.7046 0.164043 0.931195 0.170908 0.930584
32 5.4820 2.4424 2.6509 0.162933 0.931622 0.170367 0.930424
33 5.4571 2.3999 2.7038 0.161962 0.931738 0.169905 0.930665
34 5.5360 2.4821 2.6871 0.161119 0.932067 0.169502 0.930504
35 5.5547 2.5072 2.6930 0.160380 0.932369 0.169147 0.930344
36 5.3691 2.3875 2.6231 0.159730 0.932565 0.168828 0.930504
37 5.5472 2.4765 2.6974 0.159137 0.932858 0.168529 0.930745
38 5.5922 2.5598 2.6659 0.158529 0.933027 0.168162 0.930424
39 5.6071 2.5543 2.6946 0.155397 0.933481 0.164741 0.932346
40 5.5142 2.5069 2.6481 0.153542 0.934584 0.160585 0.933787
41 5.5362 2.5110 2.6698 0.152469 0.935385 0.158706 0.934668
42 5.4951 2.4449 2.6848 0.151590 0.935901 0.157528 0.935789
43 5.3654 2.3498 2.6572 0.150809 0.936541 0.156562 0.935949
44 5.4143 2.4043 2.6638 0.150095 0.936968 0.155674 0.936589
45 5.4550 2.4635 2.6459 0.149458 0.937261 0.154845 0.936829
46 5.4597 2.4017 2.6947 0.148901 0.937786 0.154082 0.936669
47 5.5017 2.4881 2.6503 0.148418 0.938142 0.153396 0.936990
48 5.4882 2.4267 2.6939 0.147999 0.938534 0.152788 0.937310
49 5.5220 2.4781 2.6826 0.147631 0.938969 0.152254 0.937630
