epoch time fwd_time bwd_time loss acc val_loss val_acc
0 5.4881 2.4900 2.6441 0.422593 0.823802 0.464904 0.826181
1 5.4147 2.4376 2.6162 0.418214 0.823802 0.463849 0.826181
2 5.4803 2.4682 2.6580 0.417594 0.823802 0.463218 0.826181
3 5.4009 2.3583 2.6848 0.416243 0.823802 0.461008 0.826181
4 5.5022 2.4654 2.6751 0.407797 0.823802 0.450427 0.826181
5 5.5500 2.5143 2.6692 0.335538 0.823802 0.351688 0.826181
6 5.4967 2.4969 2.6344 0.292679 0.835828 0.302757 0.862130
7 5.4337 2.4215 2.6615 0.251003 0.885429 0.274243 0.888471
8 5.5047 2.4467 2.6854 0.257409 0.893132 0.245034 0.894956
9 5.5573 2.5376 2.6594 0.238487 0.897322 0.237399 0.900240
10 5.6049 2.5705 2.6743 0.232349 0.899875 0.232650 0.901281
11 5.4512 2.4154 2.6734 0.227046 0.901645 0.228741 0.903122
12 5.4992 2.4424 2.6981 0.222538 0.903050 0.225540 0.903923
13 5.3342 2.4054 2.5828 0.218477 0.904545 0.222726 0.904083
14 5.4749 2.5079 2.6090 0.214750 0.905754 0.220120 0.905364
15 5.6162 2.5506 2.6687 0.211275 0.906857 0.217615 0.906886
16 5.3746 2.3558 2.6611 0.207977 0.908201 0.215147 0.908487
17 5.5069 2.4406 2.7094 0.204779 0.909526 0.212685 0.909207
18 5.5383 2.4769 2.6872 0.201608 0.910736 0.210213 0.910248
19 5.4592 2.4140 2.6548 0.198386 0.911981 0.207710 0.912170
20 5.5756 2.5583 2.6531 0.195019 0.913369 0.205133 0.913531
21 5.5567 2.5421 2.6554 0.191405 0.914703 0.202374 0.914331
22 5.5242 2.4456 2.7230 0.187452 0.915806 0.199165 0.915773
23 5.3695 2.4435 2.5756 0.182873 0.917407 0.194837 0.918175
24 5.3413 2.3732 2.6045 0.177318 0.919987 0.190573 0.920336
25 5.4526 2.4340 2.6527 0.175295 0.921223 0.185373 0.922098
26 5.3556 2.3834 2.6186 0.175204 0.923269 0.181524 0.926181
27 5.4019 2.4255 2.6091 0.166971 0.925742 0.181529 0.923699
28 5.3494 2.4270 2.5619 0.163603 0.927343 0.171756 0.929704
29 5.3826 2.3890 2.6338 0.169938 0.927717 0.204710 0.912650
30 5.4716 2.4567 2.6444 0.157535 0.933107 0.172221 0.928263
31 5.4498 2.4185 2.6735 0.152971 0.932965 0.162645 0.933467
32 5.5240 2.4670 2.6972 0.144940 0.936265 0.151984 0.938431
33 5.5157 2.4151 2.7251 0.147588 0.932547 0.159133 0.935148
34 5.3529 2.3677 2.6238 0.141995 0.940206 0.151907 0.938671
35 5.5901 2.5487 2.6877 0.140867 0.940037 0.146563 0.941473
36 5.3086 2.3603 2.5898 0.137838 0.941869 0.148204 0.940673
37 5.4237 2.4320 2.6140 0.133335 0.942252 0.141403 0.943795
38 5.4323 2.4150 2.6411 0.130472 0.942661 0.141521 0.943395
39 5.5386 2.4934 2.6859 0.134656 0.944751 0.139667 0.944436
40 5.6285 2.5704 2.6942 0.130577 0.946655 0.144286 0.944275
41 5.4092 2.4729 2.5739 0.121613 0.947598 0.127127 0.950681
42 5.3950 2.3938 2.6406 0.124189 0.944342 0.146527 0.942354
43 5.5185 2.5100 2.6510 0.120166 0.948594 0.131282 0.949319
44 5.3920 2.3823 2.6161 0.119292 0.949217 0.130972 0.949480
45 5.4880 2.4852 2.6387 0.120075 0.951183 0.140344 0.945797
46 5.5121 2.4944 2.6599 0.118092 0.951512 0.139300 0.946357
47 5.5234 2.4476 2.7200 0.117869 0.951974 0.139801 0.946357
48 5.5050 2.4995 2.6489 0.118662 0.952286 0.139992 0.946757
49 5.5520 2.4977 2.6932 0.120816 0.952330 0.137159 0.947718
