epoch time fwd_time bwd_time loss acc val_loss val_acc
0 5.5003 2.4685 2.6550 0.686518 0.215435 0.686218 0.826181
1 5.4234 2.4004 2.6689 0.601013 0.823802 0.609088 0.826181
2 5.4790 2.4583 2.6473 0.542909 0.823802 0.557938 0.826181
3 5.3887 2.3564 2.6747 0.496966 0.823802 0.518806 0.826181
4 5.4421 2.4087 2.6302 0.462733 0.823802 0.491324 0.826181
5 5.5948 2.5262 2.6988 0.442005 0.823802 0.476186 0.826181
6 5.3508 2.3892 2.5963 0.430645 0.823802 0.468997 0.826181
7 5.4426 2.4658 2.6140 0.424695 0.823802 0.465933 0.826181
8 5.5360 2.4808 2.7107 0.421645 0.823802 0.464725 0.826181
9 5.5595 2.5081 2.6940 0.422955 0.823802 0.463342 0.826181
10 5.5165 2.4690 2.6828 0.420391 0.823802 0.459052 0.826181
11 5.4629 2.4391 2.6635 0.390717 0.823802 0.420798 0.826181
12 5.4620 2.4841 2.6184 0.351007 0.823802 0.373346 0.826181
13 5.4621 2.4186 2.6825 0.328703 0.823802 0.350592 0.826181
14 5.5127 2.4792 2.6685 0.314381 0.823802 0.336693 0.826181
15 5.5506 2.5079 2.6705 0.304156 0.844911 0.328260 0.859808
16 5.4518 2.4719 2.6282 0.294472 0.873714 0.319816 0.872458
17 5.4961 2.4640 2.6634 0.286886 0.884068 0.304088 0.885989
18 5.4398 2.3983 2.6857 0.281117 0.888924 0.296412 0.891433
19 5.3860 2.3680 2.6581 0.276223 0.891344 0.290328 0.893595
20 5.4675 2.4673 2.6463 0.271903 0.892572 0.285100 0.894155
21 5.4573 2.4224 2.6681 0.268043 0.893568 0.280380 0.894636
22 5.5337 2.5196 2.6556 0.264531 0.894591 0.276069 0.895677
23 5.6421 2.5761 2.7037 0.261280 0.895471 0.272142 0.896237
24 5.3615 2.3641 2.6392 0.258253 0.896228 0.268561 0.896958
25 5.4436 2.4475 2.6421 0.255441 0.896761 0.265278 0.897278
26 5.5032 2.5187 2.6246 0.252838 0.897455 0.262252 0.897998
27 5.4347 2.4446 2.6310 0.250430 0.898096 0.259449 0.898159
28 5.4383 2.4259 2.6530 0.248201 0.898514 0.256845 0.898319
29 5.3848 2.3583 2.6689 0.246130 0.898923 0.254420 0.899520
30 5.5154 2.5029 2.6483 0.244201 0.899412 0.252158 0.900801
31 5.5412 2.5004 2.6807 0.242397 0.899759 0.250045 0.901441
32 5.6341 2.5530 2.7144 0.240705 0.900355 0.248067 0.901922
33 5.4936 2.4121 2.6771 0.239115 0.900702 0.246211 0.901922
34 5.4618 2.4939 2.6094 0.237616 0.901093 0.244465 0.902242
35 5.4570 2.4077 2.6970 0.236198 0.901574 0.242818 0.902642
36 5.5321 2.5418 2.6279 0.234854 0.901983 0.241260 0.903283
37 5.4663 2.5018 2.6019 0.233575 0.902508 0.239783 0.903523
38 5.3767 2.3991 2.6245 0.232354 0.902899 0.238379 0.903523
39 5.3850 2.4285 2.5978 0.231186 0.903175 0.237044 0.903763
40 5.3289 2.3514 2.6220 0.230071 0.903637 0.235770 0.904163
41 5.4358 2.4779 2.5983 0.229003 0.904064 0.234553 0.904404
42 5.3954 2.3724 2.6676 0.227978 0.904456 0.233384 0.904884
43 5.5436 2.4921 2.6929 0.226991 0.904847 0.232255 0.905204
44 5.4696 2.4795 2.6387 0.226035 0.905194 0.231156 0.905364
45 5.5187 2.4862 2.6752 0.225102 0.905576 0.230078 0.905685
46 5.4334 2.4610 2.6154 0.224185 0.905763 0.229013 0.905925
47 5.5331 2.4917 2.6820 0.223283 0.906297 0.227961 0.906325
48 5.4320 2.3972 2.6801 0.222394 0.906599 0.226926 0.906565
49 5.5297 2.5242 2.6469 0.221512 0.907026 0.225911 0.906805
