epoch time fwd_time bwd_time loss acc val_loss val_acc
0 5.5405 2.4603 2.7186 0.417704 0.823802 0.463759 0.826181
1 5.5022 2.4470 2.6885 0.414640 0.823802 0.459647 0.826181
2 5.4829 2.4631 2.6607 0.342988 0.823802 0.370550 0.826181
3 5.4666 2.4205 2.6916 0.320044 0.823998 0.334793 0.826341
4 5.4599 2.4643 2.6382 0.284943 0.835677 0.296087 0.852842
5 5.4718 2.4328 2.6808 0.222293 0.886701 0.214415 0.914652
6 5.6163 2.6338 2.6224 0.187905 0.914561 0.197164 0.919536
7 5.5888 2.5567 2.6642 0.183145 0.915922 0.243518 0.901441
8 5.4842 2.4986 2.6231 0.179311 0.919667 0.197136 0.918094
9 5.5025 2.4726 2.6728 0.170651 0.921446 0.183240 0.925861
10 5.4543 2.4416 2.6542 0.166650 0.923465 0.178809 0.927622
11 5.4464 2.4747 2.6173 0.169601 0.926036 0.213275 0.910328
12 5.4504 2.4586 2.6333 0.164636 0.927281 0.190033 0.921137
13 5.4754 2.4277 2.6925 0.156839 0.928090 0.206164 0.916974
14 5.4315 2.4678 2.6007 0.160588 0.928633 0.171050 0.927542
15 5.4212 2.4047 2.6597 0.160978 0.930110 0.170004 0.929063
16 5.5209 2.4798 2.6660 0.150380 0.932974 0.181632 0.925540
17 5.4084 2.4196 2.6273 0.153799 0.933712 0.192197 0.922418
18 5.4378 2.4556 2.6184 0.154970 0.933890 0.193717 0.923299
19 5.3070 2.3780 2.5751 0.151698 0.934691 0.194200 0.923619
20 5.5847 2.5142 2.7030 0.152550 0.935678 0.188035 0.925380
21 5.6014 2.5621 2.6629 0.151495 0.936550 0.172295 0.929624
22 5.4549 2.4752 2.6248 0.138665 0.935554 0.163375 0.933387
23 5.4999 2.4479 2.7040 0.136634 0.936256 0.165041 0.933387
24 5.4188 2.3894 2.6725 0.154414 0.938098 0.146463 0.939472
25 5.5283 2.5421 2.6231 0.133259 0.938622 0.164039 0.935068
26 5.4898 2.4668 2.6564 0.143149 0.940117 0.154939 0.936109
27 5.5426 2.4717 2.6657 0.129236 0.939770 0.164802 0.934988
28 5.5167 2.4363 2.7073 0.142145 0.941718 0.148214 0.939311
29 5.6009 2.5557 2.6740 0.126648 0.941149 0.161995 0.936269
30 5.5620 2.5373 2.6657 0.140821 0.942857 0.142445 0.941233
31 5.3550 2.4059 2.5823 0.128043 0.941416 0.154521 0.938030
32 5.2858 2.3734 2.5619 0.135753 0.944431 0.144375 0.940673
33 5.4086 2.3953 2.6554 0.124611 0.943079 0.155813 0.938591
34 5.4915 2.4531 2.6731 0.132751 0.945232 0.143792 0.940753
35 5.5158 2.5139 2.6065 0.130323 0.943586 0.138029 0.942754
36 5.4486 2.4039 2.6786 0.121180 0.943373 0.146890 0.940913
37 5.4978 2.4163 2.7274 0.135578 0.947322 0.128313 0.947238
38 5.5473 2.4929 2.6949 0.129547 0.944965 0.149710 0.938991
39 5.3938 2.4173 2.6232 0.118363 0.944200 0.134876 0.944916
40 5.4330 2.4806 2.5970 0.129646 0.948576 0.122336 0.949880
41 5.4681 2.4387 2.6666 0.122384 0.947473 0.123633 0.950040
42 5.5313 2.5311 2.6387 0.122206 0.946673 0.139019 0.944916
43 5.4482 2.4536 2.6298 0.119160 0.947393 0.133340 0.946037
44 5.4045 2.3829 2.6626 0.120607 0.948710 0.130075 0.947638
45 5.4923 2.5034 2.6241 0.114812 0.945507 0.149150 0.940192
46 5.4456 2.4423 2.6410 0.122406 0.949911 0.124925 0.949800
47 5.5678 2.5322 2.6701 0.119327 0.950578 0.128573 0.947798
48 5.5629 2.5297 2.6713 0.121014 0.950462 0.115341 0.953323
49 5.4673 2.4231 2.6756 0.122482 0.945241 0.119714 0.951241
