epoch time fwd_time bwd_time loss acc val_loss val_acc
0 5.4791 2.4133 2.6939 0.417618 0.753342 0.463426 0.826181
1 5.3537 2.3816 2.6246 0.416171 0.823802 0.460829 0.826181
2 5.5643 2.5292 2.6746 0.402496 0.823802 0.444047 0.826181
3 5.4345 2.4302 2.6428 0.348694 0.823802 0.370999 0.826181
4 5.4447 2.4096 2.6738 0.339937 0.823802 0.358659 0.826181
5 5.4959 2.4944 2.6546 0.333975 0.823802 0.346100 0.826181
6 5.4698 2.4428 2.6687 0.308563 0.823802 0.327772 0.826181
7 5.4386 2.4383 2.6466 0.298504 0.824442 0.312085 0.829063
8 5.4430 2.4718 2.6103 0.282363 0.836878 0.286433 0.848118
9 5.5721 2.5212 2.6905 0.261465 0.862808 0.263194 0.872058
10 5.4848 2.4597 2.6527 0.245650 0.867344 0.251872 0.880464
11 5.3459 2.3818 2.6074 0.246665 0.877627 0.248659 0.879904
12 5.6349 2.6072 2.6589 0.243777 0.884948 0.253179 0.888551
13 5.4237 2.4114 2.6489 0.221770 0.891709 0.244288 0.891914
14 5.5051 2.4643 2.6461 0.222039 0.897535 0.252951 0.889912
15 5.4669 2.4016 2.7101 0.219970 0.897757 0.276493 0.876301
16 5.5327 2.5456 2.6257 0.213561 0.900684 0.243921 0.894716
17 5.5154 2.4826 2.6697 0.204948 0.906199 0.243740 0.895196
18 5.4803 2.4995 2.5933 0.197537 0.910620 0.215019 0.910809
19 5.5338 2.4953 2.6762 0.195429 0.912212 0.207278 0.914572
20 5.3476 2.3769 2.6075 0.191611 0.915646 0.222611 0.904644
21 5.6485 2.6044 2.6829 0.188905 0.915922 0.197011 0.920737
22 5.3053 2.3485 2.5744 0.185436 0.918893 0.200047 0.917694
23 5.3248 2.3853 2.5836 0.182715 0.921134 0.201370 0.916813
24 5.3213 2.3823 2.5826 0.181871 0.922887 0.186626 0.924099
25 5.4935 2.4395 2.6999 0.177640 0.924390 0.191094 0.920977
26 5.4548 2.4841 2.6187 0.175492 0.925351 0.181138 0.925701
27 5.4371 2.4656 2.6061 0.172038 0.926107 0.179991 0.925460
28 5.3323 2.3635 2.6047 0.169818 0.927290 0.178746 0.926421
29 5.5625 2.5577 2.6495 0.168468 0.928259 0.186283 0.921617
30 5.5093 2.4656 2.6880 0.165274 0.929451 0.175110 0.926581
31 5.5361 2.4609 2.7092 0.161252 0.930252 0.170951 0.928343
32 5.3271 2.3890 2.5749 0.158693 0.931293 0.167745 0.930985
33 5.3789 2.4160 2.6129 0.158068 0.932298 0.164967 0.932426
34 5.6002 2.5326 2.7004 0.159546 0.933170 0.178933 0.924019
35 5.5294 2.5167 2.6566 0.163059 0.934869 0.156863 0.934668
36 5.5660 2.5139 2.6949 0.158245 0.937270 0.160548 0.931705
37 5.5035 2.4528 2.6921 0.155583 0.937039 0.156073 0.932746
38 5.4765 2.4442 2.6668 0.151943 0.938658 0.153874 0.934668
39 5.4245 2.4486 2.6152 0.150162 0.939023 0.152505 0.934988
40 5.4642 2.4576 2.6395 0.148937 0.939637 0.151055 0.935709
41 5.4569 2.3828 2.7177 0.147178 0.940615 0.150827 0.935308
42 5.5434 2.4837 2.7061 0.146634 0.941549 0.148550 0.936589
43 5.6168 2.5605 2.6629 0.146371 0.942145 0.146105 0.938671
44 5.5008 2.4835 2.6676 0.146167 0.942928 0.143367 0.940512
45 5.4169 2.4017 2.6423 0.145559 0.943417 0.140882 0.941954
46 5.4130 2.4475 2.6065 0.144775 0.944040 0.139441 0.943235
47 5.4706 2.4577 2.6622 0.143524 0.944396 0.138546 0.943395
48 5.4999 2.4625 2.6712 0.141819 0.945338 0.138599 0.944035
49 5.4668 2.4563 2.6507 0.144248 0.945854 0.138450 0.942914
