epoch time fwd_time bwd_time loss acc val_loss val_acc
0 5.4543 2.4201 2.6776 0.418470 0.758813 0.464185 0.826181
1 5.4460 2.4428 2.6146 0.417908 0.823802 0.463401 0.826181
2 5.3168 2.3588 2.6111 0.407868 0.823802 0.451838 0.826181
3 5.6014 2.5501 2.7005 0.289416 0.844688 0.309657 0.875100
4 5.3723 2.4004 2.6036 0.276552 0.880136 0.278303 0.884948
5 5.5193 2.4867 2.6808 0.270090 0.887457 0.265531 0.891593
6 5.5087 2.4610 2.6871 0.262993 0.891878 0.257852 0.895837
7 5.3799 2.4115 2.6084 0.246660 0.895765 0.250704 0.897998
8 5.4383 2.4513 2.6322 0.232694 0.898033 0.239228 0.902482
9 5.4339 2.4393 2.6414 0.226789 0.900462 0.235737 0.904163
10 5.3179 2.3492 2.6161 0.217620 0.902846 0.229179 0.905765
11 5.3950 2.3975 2.6329 0.212393 0.903913 0.226123 0.906485
12 5.5643 2.4803 2.7241 0.208352 0.905674 0.222988 0.907046
13 5.5676 2.5670 2.6337 0.204880 0.907115 0.219745 0.908807
14 5.5053 2.4858 2.6667 0.201814 0.908610 0.216516 0.910168
15 5.4017 2.4146 2.6300 0.199112 0.909686 0.213270 0.911129
16 5.4440 2.4654 2.6210 0.196755 0.911074 0.209974 0.912810
17 5.4127 2.4509 2.6019 0.194772 0.912586 0.206608 0.914972
18 5.5737 2.5568 2.6560 0.193234 0.913636 0.203131 0.916733
19 5.5152 2.4478 2.6930 0.192184 0.914819 0.199508 0.918815
20 5.4043 2.3964 2.6467 0.191426 0.915966 0.195785 0.919856
21 5.3289 2.3757 2.5950 0.190330 0.917185 0.192125 0.921857
22 5.6006 2.5727 2.6742 0.188037 0.918439 0.188764 0.923058
23 5.4331 2.4390 2.6338 0.183827 0.919480 0.186230 0.924980
24 5.6180 2.5796 2.6733 0.178551 0.920787 0.185643 0.923939
25 5.4090 2.3877 2.6620 0.174536 0.921997 0.186166 0.923379
26 5.4419 2.3994 2.6494 0.169522 0.923838 0.183490 0.924820
27 5.3783 2.4022 2.6179 0.175076 0.925787 0.175561 0.928263
28 5.4074 2.4323 2.6133 0.182518 0.926552 0.177183 0.926021
29 5.4979 2.5128 2.6215 0.172951 0.927139 0.171664 0.929223
30 5.5066 2.4738 2.6685 0.158317 0.929620 0.200835 0.916733
31 5.4096 2.4109 2.6397 0.156730 0.931391 0.168512 0.930985
32 5.3806 2.3829 2.6421 0.152956 0.931951 0.158554 0.934908
33 5.3456 2.3675 2.6157 0.151940 0.932912 0.155262 0.936429
34 5.4912 2.5236 2.6180 0.151549 0.934228 0.153167 0.937470
35 5.4014 2.4218 2.6354 0.153672 0.934940 0.151490 0.938110
36 5.5472 2.4610 2.7246 0.156857 0.935580 0.150999 0.938511
37 5.6272 2.5750 2.6995 0.157792 0.935847 0.150799 0.938511
38 5.4563 2.4615 2.6383 0.157694 0.936541 0.150424 0.939231
39 5.3655 2.3798 2.6390 0.156986 0.936737 0.149902 0.939712
40 5.4362 2.3977 2.6827 0.155984 0.937208 0.149295 0.939632
41 5.4808 2.4675 2.6640 0.154830 0.937946 0.148617 0.939952
42 5.4001 2.4419 2.6152 0.153532 0.938196 0.147838 0.940432
43 5.4749 2.4775 2.6458 0.152012 0.938676 0.146901 0.940993
44 5.5141 2.4746 2.6741 0.150167 0.938880 0.145742 0.941873
45 5.4324 2.4898 2.5888 0.148045 0.939138 0.143968 0.941954
46 5.4727 2.4388 2.6727 0.145130 0.939218 0.141442 0.942994
47 5.5318 2.5049 2.6414 0.142813 0.939832 0.139787 0.943235
48 5.4137 2.4344 2.6294 0.139052 0.940055 0.137992 0.943395
49 5.5910 2.5724 2.6570 0.135457 0.939752 0.138457 0.943795
