epoch time fwd_time bwd_time loss acc val_loss val_acc
0 5.5271 2.5028 2.6339 0.416455 0.823802 0.461645 0.826181
1 5.4156 2.4079 2.6424 0.341738 0.823802 0.377556 0.826181
2 5.4433 2.3955 2.6942 0.314433 0.823802 0.333610 0.826181
3 5.5513 2.4945 2.6942 0.286475 0.830038 0.298035 0.848038
4 5.5050 2.4563 2.6492 0.264292 0.869284 0.253834 0.897438
5 5.4403 2.4991 2.5821 0.235301 0.899581 0.234097 0.903283
6 5.5569 2.5072 2.6910 0.259073 0.900906 0.227919 0.904964
7 5.5819 2.5383 2.7009 0.238584 0.903700 0.225215 0.904884
8 5.4336 2.4160 2.6512 0.231609 0.905648 0.218535 0.907206
9 5.5836 2.4755 2.7434 0.223889 0.906742 0.220322 0.903603
10 5.4635 2.4438 2.6596 0.218104 0.907694 0.224492 0.907366
11 5.4861 2.4829 2.6429 0.210031 0.910887 0.228940 0.905364
12 5.4170 2.4261 2.6364 0.224229 0.908716 0.220212 0.908167
13 5.4582 2.4058 2.6972 0.198161 0.914196 0.212934 0.910889
14 5.4648 2.4268 2.6704 0.224091 0.915370 0.192747 0.919936
15 5.4895 2.4493 2.6760 0.200771 0.915148 0.192002 0.920657
16 5.6051 2.5406 2.6996 0.177925 0.920912 0.198711 0.916253
17 5.3941 2.3869 2.6461 0.177160 0.916838 0.196832 0.916813
18 5.4406 2.4188 2.6624 0.180316 0.921446 0.209744 0.910408
19 5.3940 2.4166 2.6193 0.215061 0.924123 0.187851 0.920657
20 5.5284 2.5160 2.6642 0.182477 0.922771 0.196687 0.917374
21 5.5558 2.5160 2.6637 0.161007 0.926383 0.169109 0.930344
22 5.3700 2.3975 2.5979 0.166215 0.924621 0.171003 0.928983
23 5.3638 2.4142 2.5930 0.153884 0.925858 0.159665 0.935068
24 5.7109 2.6881 2.6614 0.153262 0.928553 0.162172 0.933467
25 5.5220 2.4862 2.6801 0.145078 0.925751 0.151946 0.937870
26 5.4518 2.4543 2.6404 0.145639 0.932084 0.148675 0.939151
27 5.4091 2.3819 2.6693 0.146629 0.934789 0.160153 0.933387
28 5.5692 2.5892 2.6185 0.135994 0.928553 0.142113 0.940753
29 5.4417 2.4162 2.6300 0.135813 0.935838 0.157315 0.934187
30 5.5001 2.4619 2.6812 0.152537 0.934709 0.154003 0.934588
31 5.3782 2.3711 2.6455 0.152903 0.935936 0.156450 0.933307
32 5.3725 2.3673 2.6600 0.152297 0.936568 0.157729 0.932986
33 5.5196 2.5625 2.6022 0.150268 0.937377 0.155426 0.934428
34 5.4795 2.4380 2.6701 0.149503 0.937244 0.149718 0.937630
35 5.5432 2.5065 2.6719 0.147195 0.938596 0.144273 0.940032
36 5.5218 2.4948 2.6665 0.123901 0.940055 0.127163 0.948439
37 5.4260 2.4253 2.6378 0.137857 0.939583 0.131843 0.946197
38 5.4458 2.4471 2.6390 0.129188 0.941958 0.127769 0.948199
39 5.5319 2.5209 2.6519 0.126955 0.939690 0.125682 0.947958
40 5.4348 2.4617 2.6192 0.130219 0.943070 0.127222 0.948038
41 5.5216 2.5467 2.6195 0.135320 0.941353 0.127323 0.948679
42 5.3969 2.4183 2.6176 0.122019 0.944102 0.123439 0.950120
43 5.4663 2.4273 2.6767 0.129668 0.942430 0.125225 0.948519
44 5.3842 2.3623 2.6679 0.131093 0.943230 0.125670 0.948359
45 5.4610 2.4596 2.6389 0.124841 0.943399 0.122892 0.950600
46 5.5545 2.5069 2.6844 0.132929 0.943666 0.125898 0.948439
47 5.4408 2.4131 2.6636 0.136226 0.943586 0.127627 0.948279
48 5.6346 2.5723 2.6919 0.144273 0.943631 0.133447 0.946517
49 5.5880 2.5391 2.6852 0.139122 0.943631 0.127184 0.948279
