epoch time fwd_time bwd_time loss acc val_loss val_acc
0 5.4818 2.4602 2.6695 0.414857 0.823802 0.458681 0.826181
1 5.5615 2.5009 2.7007 0.318701 0.823802 0.337409 0.826181
2 5.3986 2.4090 2.6327 0.292745 0.828579 0.309378 0.841793
3 5.4481 2.4182 2.6758 0.273083 0.853539 0.275630 0.875981
4 5.5375 2.4730 2.7048 0.250519 0.884566 0.250405 0.892074
5 5.3853 2.4283 2.5918 0.248704 0.899030 0.232199 0.904163
6 5.4102 2.4080 2.6415 0.225710 0.904954 0.230384 0.908327
7 5.3762 2.3636 2.6563 0.222408 0.908645 0.219816 0.911609
8 5.6295 2.5879 2.6749 0.216154 0.910496 0.212402 0.913691
9 5.3923 2.3772 2.6553 0.210282 0.912506 0.207276 0.916573
10 5.4824 2.4185 2.6992 0.205315 0.914116 0.203157 0.918335
11 5.4729 2.4613 2.6493 0.201175 0.915895 0.199669 0.920016
12 5.5369 2.4979 2.6769 0.197589 0.917318 0.196582 0.920576
13 5.4146 2.3875 2.6649 0.194552 0.918715 0.193915 0.921137
14 5.4748 2.4515 2.6593 0.191919 0.919738 0.191653 0.922418
15 5.4476 2.4215 2.6634 0.189501 0.920859 0.189716 0.923539
16 5.5071 2.4555 2.6828 0.187232 0.921730 0.188030 0.924740
17 5.3917 2.3942 2.6416 0.185065 0.922709 0.186552 0.925060
18 5.3498 2.3761 2.6286 0.182925 0.923243 0.185265 0.925140
19 5.5852 2.5490 2.6814 0.180757 0.924168 0.184164 0.925701
20 5.4947 2.4645 2.6686 0.178582 0.924861 0.183240 0.926421
21 5.5077 2.4391 2.6648 0.176499 0.925440 0.182463 0.926661
22 5.3978 2.3963 2.6484 0.174605 0.925964 0.181769 0.926902
23 5.4004 2.3613 2.6749 0.172928 0.926507 0.181085 0.927062
24 5.4717 2.4274 2.6910 0.171437 0.927130 0.180366 0.927062
25 5.5212 2.4693 2.6849 0.170092 0.927575 0.179594 0.927702
26 5.5254 2.4591 2.7003 0.168864 0.928001 0.178770 0.928183
27 5.4813 2.4226 2.6989 0.167733 0.928526 0.177902 0.928663
28 5.4311 2.3994 2.6705 0.166689 0.928936 0.176997 0.929384
29 5.5168 2.5271 2.6338 0.165722 0.929398 0.176064 0.929864
30 5.6240 2.5843 2.6682 0.164826 0.929870 0.175113 0.930104
31 5.5064 2.5377 2.6115 0.163994 0.930296 0.174151 0.930584
32 5.4621 2.4912 2.6116 0.163220 0.930537 0.173188 0.931305
33 5.4825 2.4363 2.6966 0.162499 0.930973 0.172233 0.931865
34 5.4653 2.4802 2.6198 0.161823 0.931373 0.171294 0.932186
35 5.4165 2.3900 2.6584 0.161188 0.931657 0.170379 0.932346
36 5.4342 2.4348 2.6392 0.160587 0.931915 0.169495 0.932746
37 5.5028 2.4762 2.6687 0.160012 0.932298 0.168649 0.932906
38 5.5439 2.5268 2.6614 0.159455 0.932680 0.167848 0.933307
39 5.5356 2.5072 2.6598 0.158911 0.933054 0.167096 0.933467
40 5.5053 2.4677 2.6743 0.158369 0.933419 0.166396 0.933627
41 5.6303 2.5779 2.6773 0.157824 0.933801 0.165749 0.933787
42 5.3694 2.4168 2.5952 0.157267 0.934121 0.165157 0.934027
43 5.6004 2.5595 2.6843 0.156692 0.934362 0.164616 0.934187
44 5.3401 2.3748 2.6034 0.156093 0.934584 0.164126 0.934748
45 5.4557 2.4614 2.6277 0.155465 0.934860 0.163681 0.935228
46 5.3084 2.3662 2.5947 0.154807 0.935278 0.163269 0.935709
47 5.5258 2.4825 2.6832 0.154119 0.935411 0.162882 0.935869
48 5.4804 2.4662 2.6566 0.153403 0.935598 0.162505 0.936109
49 5.4488 2.4092 2.6846 0.152661 0.935794 0.162123 0.936349
