epoch time fwd_time bwd_time loss acc val_loss val_acc
0 5.4766 2.4211 2.6946 0.418199 0.769914 0.464012 0.826181
1 5.4221 2.4057 2.6624 0.418339 0.823802 0.463991 0.826181
2 5.3541 2.4084 2.5852 0.418399 0.823802 0.463898 0.826181
3 5.4464 2.4108 2.6844 0.415440 0.823802 0.459718 0.826181
4 5.4825 2.5056 2.6075 0.344611 0.823802 0.361555 0.826181
5 5.4909 2.4574 2.6798 0.333988 0.823802 0.349813 0.826181
6 5.4921 2.4336 2.7000 0.329812 0.823802 0.346429 0.826181
7 5.5630 2.5456 2.6486 0.318528 0.823802 0.341230 0.826181
8 5.4189 2.3861 2.6829 0.302084 0.824185 0.327821 0.826982
9 5.5885 2.5249 2.6720 0.283300 0.833791 0.300681 0.841313
10 5.4572 2.4543 2.6417 0.274940 0.866322 0.261495 0.890552
11 5.5895 2.5543 2.6691 0.233207 0.890179 0.236757 0.902722
12 5.4800 2.4555 2.6593 0.230862 0.899448 0.229907 0.903363
13 5.4463 2.4427 2.6526 0.221771 0.904029 0.225414 0.907926
14 5.4859 2.4994 2.6215 0.217662 0.907694 0.228190 0.905845
15 5.4860 2.4886 2.6374 0.213973 0.909882 0.226658 0.906645
16 5.4487 2.4317 2.6653 0.213772 0.912017 0.215972 0.911849
17 5.3534 2.3923 2.6032 0.204720 0.913742 0.214493 0.910649
18 5.4549 2.4362 2.6729 0.202427 0.915753 0.208945 0.912810
19 5.3762 2.3863 2.6307 0.197856 0.917069 0.210507 0.912170
20 5.4800 2.4798 2.6366 0.192669 0.918323 0.207584 0.912810
21 5.6570 2.5960 2.7013 0.189651 0.919409 0.204115 0.914091
22 5.3493 2.3786 2.6141 0.188259 0.920672 0.199346 0.916013
23 5.6738 2.6001 2.7055 0.187821 0.921535 0.195043 0.917694
24 5.4133 2.4078 2.6460 0.182744 0.922513 0.193820 0.917534
25 5.6393 2.6022 2.6642 0.179645 0.923207 0.192886 0.917694
26 5.4002 2.4122 2.6377 0.177891 0.923865 0.191362 0.918575
27 5.4483 2.4299 2.6541 0.176181 0.924541 0.190562 0.918815
28 5.3906 2.4005 2.6287 0.175814 0.925262 0.189258 0.919456
29 5.4844 2.4273 2.6961 0.174964 0.925689 0.188108 0.919776
30 5.6981 2.6367 2.6612 0.173998 0.926214 0.187157 0.920336
31 5.4639 2.4583 2.6484 0.172836 0.926676 0.186440 0.920176
32 5.5411 2.4860 2.6947 0.171657 0.926961 0.185774 0.920576
33 5.4965 2.4522 2.6795 0.170593 0.927325 0.184976 0.920817
34 5.6277 2.5651 2.6582 0.169591 0.927859 0.184048 0.921777
35 5.4161 2.4403 2.6160 0.168544 0.928331 0.183175 0.922098
36 5.5047 2.4449 2.6931 0.167496 0.928535 0.182453 0.922658
37 5.4711 2.4641 2.6441 0.166353 0.928953 0.181852 0.922898
38 5.5555 2.4999 2.6991 0.165799 0.929229 0.181067 0.923539
39 5.4694 2.4336 2.6750 0.164545 0.929505 0.180642 0.923699
40 5.4795 2.4372 2.6901 0.164446 0.929825 0.179680 0.924259
41 5.4328 2.4104 2.6605 0.164111 0.930083 0.179803 0.923699
42 5.5377 2.4822 2.6902 0.163787 0.930190 0.178287 0.924820
43 5.4262 2.4395 2.6349 0.163646 0.930359 0.176663 0.924980
44 5.5667 2.4644 2.7393 0.163794 0.930804 0.174421 0.926421
45 5.4411 2.4386 2.6394 0.163937 0.931079 0.171908 0.927462
46 5.5122 2.5297 2.6184 0.163567 0.931542 0.168683 0.929143
47 5.3996 2.4107 2.6286 0.159944 0.931924 0.164555 0.930745
48 5.4944 2.5152 2.6171 0.154234 0.932218 0.159376 0.932986
49 5.4285 2.4598 2.6194 0.155849 0.932805 0.154818 0.935949
