epoch time fwd_time bwd_time loss acc val_loss val_acc
0 13.0492 5.8837 6.7552 0.474388 0.823838 0.467429 0.825861
1 13.0374 5.9540 6.6721 0.470963 0.823838 0.463430 0.825861
2 12.8570 5.8831 6.5569 0.470004 0.823838 0.462541 0.825861
3 12.8362 5.9091 6.5155 0.468678 0.823838 0.461254 0.825861
4 12.9589 5.9442 6.5911 0.459583 0.823838 0.451338 0.825861
5 13.2072 6.0861 6.7031 0.456276 0.823838 0.423372 0.825861
6 13.0261 5.9381 6.6740 0.433485 0.823838 0.401947 0.825861
7 13.0775 5.9471 6.7125 0.399394 0.823838 0.380492 0.825861
8 13.0529 5.9698 6.6630 0.380670 0.823731 0.365158 0.825781
9 13.0329 5.9927 6.6244 0.375165 0.823677 0.360429 0.825220
10 13.0468 5.9131 6.7159 0.373496 0.823749 0.357592 0.825701
11 13.0141 5.9719 6.6287 0.371710 0.823847 0.355616 0.825701
12 13.1582 6.0253 6.7029 0.370050 0.823900 0.354097 0.825620
13 12.9665 5.9080 6.6497 0.368559 0.824078 0.352782 0.826181
14 13.1849 5.9751 6.7870 0.366905 0.824300 0.351420 0.826181
15 12.9521 5.8983 6.6321 0.364022 0.824265 0.349570 0.827062
16 13.0171 6.0385 6.5580 0.356228 0.824167 0.342121 0.827542
17 13.0358 6.0178 6.5974 0.331221 0.832172 0.310491 0.837950
18 13.0673 5.9873 6.6576 0.309109 0.856670 0.292409 0.861409
19 13.0376 5.9409 6.6763 0.293191 0.871579 0.277594 0.874940
20 13.0724 5.9826 6.6656 0.281075 0.879131 0.266862 0.882066
21 12.9401 5.9105 6.5825 0.271602 0.883854 0.258519 0.887750
22 12.9912 6.0055 6.5714 0.263934 0.887359 0.251917 0.891353
23 12.8848 5.8942 6.5692 0.257554 0.889858 0.246631 0.895677
24 13.1258 5.9338 6.7695 0.252155 0.891904 0.242362 0.897838
25 13.2710 6.0562 6.8030 0.247561 0.893248 0.238884 0.898319
26 13.2352 6.0656 6.7529 0.243658 0.894404 0.236018 0.898799
27 12.8824 5.8908 6.5667 0.240341 0.895338 0.233616 0.899680
28 13.1467 5.9716 6.7557 0.237449 0.896477 0.231485 0.900641
29 13.0543 6.0250 6.6094 0.234552 0.897588 0.228703 0.901601
30 12.9842 5.9228 6.6437 0.230562 0.898060 0.226314 0.902002
31 13.0133 5.9547 6.6441 0.227289 0.899101 0.224282 0.903603
32 13.0159 5.9207 6.6808 0.223317 0.900177 0.222017 0.904163
33 13.0880 5.9261 6.7414 0.217375 0.902499 0.218732 0.905925
34 13.0006 5.9542 6.6293 0.211857 0.904634 0.215336 0.906565
35 12.9480 5.8989 6.6302 0.208219 0.905799 0.212858 0.907366
36 12.9875 5.9327 6.6403 0.205035 0.906626 0.210324 0.908407
37 13.0653 5.9662 6.6794 0.201865 0.907356 0.208099 0.908807
38 13.0635 5.9498 6.6929 0.198924 0.908405 0.206020 0.909928
39 13.1408 5.9468 6.7679 0.196301 0.909268 0.204031 0.909928
40 13.0399 6.0134 6.6028 0.193977 0.910122 0.202148 0.911209
41 12.9743 5.9892 6.5730 0.191892 0.911100 0.200385 0.911689
42 12.8249 5.8703 6.5389 0.189983 0.911874 0.198737 0.912890
43 12.9364 5.9550 6.5598 0.188202 0.912453 0.197195 0.913371
44 13.1040 5.9076 6.7753 0.186514 0.912995 0.195740 0.914732
45 12.8472 5.8453 6.5845 0.184899 0.913751 0.194361 0.914892
46 12.9408 5.9321 6.5877 0.183348 0.914418 0.193048 0.915693
47 12.9129 5.8553 6.6459 0.181855 0.915023 0.191795 0.916333
48 12.9804 5.8891 6.6650 0.180418 0.915584 0.190595 0.917214
49 13.1235 6.0251 6.6785 0.179035 0.915913 0.189444 0.918014
