epoch time fwd_time bwd_time loss acc val_loss val_acc
0 13.0738 5.9365 6.7236 0.469066 0.823838 0.462002 0.825861
1 12.9665 5.8975 6.6632 0.379213 0.823704 0.373170 0.825060
2 13.0076 5.9592 6.6308 0.368321 0.823775 0.363005 0.826021
3 13.0307 5.9313 6.6777 0.365693 0.823820 0.353158 0.824980
4 13.0396 5.8808 6.7450 0.360169 0.823980 0.349050 0.828022
5 13.0155 5.9791 6.6219 0.306549 0.830829 0.316475 0.868775
6 12.9704 5.9310 6.6178 0.315284 0.845240 0.309451 0.877902
7 12.9745 5.9368 6.6201 0.212715 0.886718 0.215785 0.915132
8 12.9392 5.8768 6.6414 0.238143 0.903077 0.238300 0.884548
9 12.9276 5.9197 6.5985 0.176562 0.916642 0.188831 0.919376
10 12.9922 5.8989 6.6748 0.126926 0.932022 0.153890 0.936189
11 12.9827 5.8534 6.7119 0.143555 0.931631 0.144098 0.942834
12 12.9675 5.9121 6.6372 0.133464 0.938898 0.136757 0.944676
13 13.0383 5.9707 6.6445 0.117168 0.940010 0.132233 0.946357
14 13.1211 6.0939 6.5715 0.128083 0.941860 0.144332 0.938431
15 12.9168 5.9783 6.5221 0.118957 0.943479 0.128442 0.945957
16 12.9850 5.9109 6.6518 0.115733 0.944307 0.138079 0.941633
17 12.9730 5.8762 6.6742 0.122905 0.944983 0.132305 0.944916
18 12.9613 5.8746 6.6280 0.110017 0.945872 0.142371 0.938591
19 13.1828 6.0766 6.6894 0.096268 0.943791 0.115670 0.952122
20 13.0525 6.0492 6.5817 0.097032 0.949386 0.122870 0.948439
21 13.0400 6.0205 6.5935 0.101829 0.947304 0.124365 0.947878
22 12.9473 5.8997 6.6279 0.097245 0.949003 0.127969 0.946998
23 13.0006 5.9493 6.6403 0.097378 0.950186 0.114601 0.953323
24 12.9454 5.9271 6.5866 0.099200 0.950578 0.120655 0.948999
25 13.0481 5.9145 6.7108 0.100101 0.948834 0.122209 0.949960
26 12.9659 5.9267 6.6271 0.094073 0.949839 0.117447 0.950600
27 13.1023 5.9239 6.7501 0.101332 0.951209 0.115775 0.951882
28 12.8716 5.8972 6.5562 0.095494 0.951227 0.112050 0.954444
29 13.0412 5.9293 6.6976 0.090936 0.950880 0.110794 0.954283
30 13.0587 5.9390 6.6893 0.107838 0.951334 0.131444 0.942674
31 13.0448 5.9144 6.7084 0.096755 0.950889 0.114796 0.951401
32 12.9261 5.9456 6.5588 0.096827 0.951085 0.115739 0.950681
33 13.1578 5.9075 6.8312 0.102000 0.950951 0.123415 0.946677
34 12.9994 5.8945 6.6795 0.099352 0.950213 0.118311 0.949400
35 12.9328 5.8646 6.6540 0.101190 0.951245 0.125971 0.944436
36 13.0366 5.9962 6.6179 0.099742 0.950791 0.121792 0.948038
37 13.0182 5.9910 6.5996 0.094206 0.951627 0.111688 0.952522
38 13.0424 5.9905 6.6348 0.096715 0.951654 0.115605 0.950280
39 13.0483 5.9054 6.7232 0.099914 0.951031 0.125329 0.945476
40 12.9634 5.8938 6.6542 0.099079 0.951894 0.126365 0.944676
41 12.9510 5.9486 6.5895 0.098658 0.951387 0.124621 0.946357
42 13.0065 5.9482 6.6468 0.095102 0.952730 0.113758 0.951321
43 12.9276 5.8371 6.6646 0.100243 0.952001 0.130439 0.942114
44 12.9279 5.9018 6.6101 0.097242 0.951974 0.127385 0.944756
45 13.0389 6.0270 6.6006 0.097326 0.952348 0.128917 0.943155
46 12.9926 5.9510 6.6180 0.095922 0.951707 0.127780 0.944596
47 12.9558 5.9092 6.5990 0.095312 0.952935 0.114484 0.950440
48 12.8859 5.8930 6.5765 0.096393 0.952828 0.119285 0.948599
49 13.0469 6.0139 6.6091 0.096794 0.953095 0.118327 0.948519
