epoch time fwd_time bwd_time loss acc val_loss val_acc
0 13.0441 5.8956 6.7466 0.468439 0.788675 0.461535 0.825861
1 13.0060 5.9285 6.6680 0.463205 0.823838 0.456456 0.825861
2 13.0509 5.8311 6.7690 0.435868 0.823838 0.406477 0.825861
3 13.0972 5.9141 6.7754 0.378632 0.823847 0.363771 0.825781
4 13.0236 6.0090 6.6027 0.367671 0.823864 0.355164 0.825941
5 12.8896 5.9175 6.5560 0.361142 0.824042 0.342501 0.826581
6 12.9038 5.9303 6.5624 0.328484 0.825332 0.331861 0.846117
7 13.0025 6.0004 6.5743 0.252113 0.860397 0.257329 0.903923
8 12.9272 5.8085 6.6929 0.203029 0.896530 0.196489 0.918175
9 13.0442 6.0187 6.6080 0.171076 0.914561 0.179962 0.924660
10 13.0673 5.9501 6.6953 0.160782 0.921757 0.174880 0.928022
11 12.9697 5.9297 6.6217 0.154008 0.926320 0.160574 0.936109
12 12.9931 5.8759 6.6974 0.157577 0.930012 0.156755 0.937950
13 12.9796 5.9166 6.6406 0.149153 0.931764 0.153009 0.939071
14 12.9076 5.9076 6.5846 0.138312 0.929496 0.149855 0.939712
15 13.0054 5.9160 6.6770 0.137752 0.933703 0.147027 0.941073
16 12.9561 5.9595 6.5780 0.136818 0.936212 0.140544 0.941313
17 13.0409 5.9683 6.6569 0.123661 0.939058 0.131166 0.945877
18 13.0434 5.8809 6.7407 0.127586 0.940642 0.147968 0.936349
19 12.9219 5.9548 6.5514 0.122257 0.942074 0.150458 0.936829
20 12.9451 5.9120 6.6200 0.113512 0.943026 0.130342 0.946837
21 12.9309 5.9085 6.6019 0.111871 0.945507 0.134537 0.944035
22 12.8533 5.8586 6.5881 0.108934 0.946477 0.130778 0.946197
23 12.9022 5.9055 6.5724 0.108204 0.947429 0.131935 0.945076
24 12.8143 5.8744 6.5211 0.108348 0.948478 0.131924 0.944676
25 12.9802 5.9560 6.6048 0.107294 0.948781 0.130382 0.944836
26 12.9978 6.0160 6.5597 0.106568 0.949635 0.132288 0.944115
27 12.9739 5.9229 6.6300 0.106043 0.949991 0.134752 0.942434
28 12.9858 5.9058 6.6577 0.107150 0.949875 0.141778 0.938911
29 12.9345 5.8837 6.6382 0.104624 0.950996 0.141549 0.939632
30 12.9289 5.9257 6.5927 0.106565 0.951227 0.140863 0.939872
31 12.8415 5.8594 6.5689 0.103977 0.950258 0.145388 0.938030
32 12.9673 5.9885 6.5680 0.104992 0.950017 0.142684 0.939472
33 13.0166 5.9878 6.5998 0.103441 0.950409 0.142004 0.939792
34 12.7738 5.8041 6.5511 0.104800 0.951218 0.142568 0.939231
35 13.0934 6.0258 6.6468 0.104707 0.951352 0.140594 0.940352
36 12.8702 5.9404 6.5126 0.104169 0.951076 0.141572 0.939632
37 13.0841 5.9240 6.7349 0.104118 0.951387 0.141008 0.939792
38 12.7758 5.7797 6.5680 0.103756 0.951538 0.140766 0.940032
39 12.8331 5.8662 6.5064 0.102875 0.951458 0.139727 0.940352
40 13.0387 5.9885 6.6220 0.101762 0.951414 0.135846 0.941713
41 13.0827 6.1193 6.5366 0.101947 0.951699 0.135490 0.942034
42 12.8714 5.9034 6.5497 0.102059 0.951939 0.134794 0.942914
43 12.8465 5.8555 6.5727 0.101823 0.952152 0.134803 0.942434
44 12.8571 5.8047 6.6340 0.102255 0.952072 0.127266 0.945556
45 12.7944 5.8526 6.5186 0.102087 0.952330 0.125240 0.946918
46 12.9755 5.9537 6.5969 0.099530 0.952232 0.114349 0.952202
47 13.0245 5.9944 6.6131 0.101540 0.952757 0.133722 0.942994
48 12.9753 5.8545 6.7002 0.101811 0.952615 0.122206 0.948279
49 12.9510 5.9186 6.6154 0.098925 0.952615 0.112010 0.952922
