epoch time fwd_time bwd_time loss acc val_loss val_acc
0 13.0833 5.9664 6.7074 0.468525 0.823838 0.461323 0.825861
1 12.9165 5.9053 6.5936 0.389402 0.823838 0.377941 0.825861
2 12.9048 5.9367 6.5561 0.369218 0.823838 0.354384 0.825861
3 12.9112 5.8480 6.6531 0.362079 0.823847 0.349146 0.825861
4 12.9822 5.9182 6.6447 0.361692 0.823989 0.340482 0.825140
5 13.1087 5.9580 6.6837 0.359253 0.828908 0.342567 0.825781
6 12.8330 5.8951 6.5202 0.319494 0.826435 0.309889 0.842034
7 13.1468 5.9189 6.8055 0.281684 0.866757 0.256807 0.871497
8 12.8361 5.8339 6.5805 0.205989 0.885820 0.237147 0.894636
9 12.9646 5.9042 6.6360 0.264248 0.909161 0.410656 0.791033
10 13.0290 5.9218 6.6889 0.200396 0.906777 0.177174 0.924820
11 12.8874 5.8850 6.5911 0.159030 0.918217 0.172040 0.927382
12 12.9512 6.0224 6.5154 0.160998 0.922282 0.172815 0.925861
13 12.8132 5.9011 6.4993 0.154292 0.923038 0.171906 0.924900
14 12.9471 5.9248 6.5988 0.152865 0.923572 0.168371 0.927062
15 12.9812 5.9677 6.5936 0.153447 0.923927 0.173152 0.924820
16 12.9110 5.9359 6.5493 0.158493 0.923420 0.174783 0.924259
17 12.9325 5.9230 6.5816 0.156911 0.924523 0.172659 0.925300
18 12.9308 5.9579 6.5573 0.152948 0.925226 0.172612 0.925300
19 13.0158 5.9530 6.6440 0.150866 0.925795 0.171444 0.925701
20 12.9983 5.9143 6.6587 0.149522 0.926578 0.169784 0.925701
21 13.0543 6.0764 6.5536 0.148684 0.926970 0.168247 0.926341
22 12.9741 5.8660 6.6839 0.147999 0.927388 0.166942 0.927222
23 12.9210 5.8927 6.6118 0.147406 0.927735 0.165880 0.927702
24 12.8895 5.8366 6.6354 0.146865 0.928108 0.164996 0.928183
25 12.9624 5.8336 6.7102 0.146364 0.928153 0.164251 0.928663
26 13.0561 5.8864 6.7496 0.145893 0.928348 0.163615 0.928983
27 13.0373 5.9778 6.6403 0.145445 0.928580 0.163063 0.929063
28 12.7542 5.8394 6.5029 0.145016 0.928891 0.162581 0.929464
29 12.9411 5.9294 6.5944 0.144603 0.929202 0.162156 0.929944
30 13.0693 5.9689 6.6421 0.144201 0.929460 0.161780 0.930584
31 12.9684 5.9685 6.5826 0.143807 0.929531 0.161446 0.930584
32 12.9306 5.8892 6.6280 0.143416 0.929656 0.161150 0.930985
33 12.9348 5.9057 6.6054 0.143027 0.929709 0.160891 0.931385
34 12.9722 5.9255 6.6258 0.142638 0.929789 0.160666 0.931545
35 13.1151 5.9551 6.7360 0.142263 0.929941 0.160466 0.931385
36 13.2663 6.0935 6.7612 0.141920 0.930056 0.160273 0.931385
37 12.9372 5.8912 6.6300 0.141611 0.930341 0.160070 0.931465
38 12.9199 5.8787 6.5820 0.141329 0.930465 0.159853 0.931225
39 12.9283 5.8743 6.6338 0.141048 0.930465 0.159642 0.931545
40 13.0391 5.9999 6.6064 0.140586 0.930697 0.159413 0.930985
41 12.8600 5.8705 6.5690 0.134500 0.931284 0.153589 0.935548
42 13.0679 5.9754 6.6732 0.132009 0.934628 0.144415 0.938271
43 13.1076 6.0573 6.6227 0.128709 0.936737 0.142408 0.939151
44 13.1080 5.9919 6.7056 0.140395 0.939014 0.141620 0.941633
45 12.9890 5.9002 6.6699 0.127256 0.939548 0.139500 0.942274
46 12.9676 5.9312 6.6173 0.134259 0.941282 0.137257 0.943875
47 13.0235 5.9475 6.6488 0.114076 0.941371 0.138947 0.943875
48 12.9783 5.8971 6.6660 0.128325 0.942350 0.143603 0.941233
49 12.7399 5.8152 6.5019 0.114566 0.942599 0.139529 0.942754
