epoch time fwd_time bwd_time loss acc val_loss val_acc
0 12.9862 5.9128 6.6602 0.466490 0.808040 0.459456 0.825861
1 13.1578 5.9576 6.7692 0.389826 0.823838 0.365702 0.825861
2 12.7527 5.8197 6.5096 0.381030 0.823847 0.363341 0.825861
3 13.0535 5.9440 6.6940 0.363047 0.824060 0.353006 0.826181
4 12.9928 5.8820 6.6877 0.354415 0.824185 0.338018 0.826501
5 12.9956 5.9928 6.5798 0.271126 0.837954 0.283993 0.897358
6 13.0542 6.0790 6.5542 0.358799 0.829949 0.347679 0.825220
7 13.0708 5.9583 6.6924 0.341601 0.824923 0.330711 0.826021
8 12.9430 5.8822 6.6486 0.315141 0.829664 0.286455 0.891113
9 13.0699 5.9936 6.6556 0.234156 0.852196 0.260027 0.898479
10 13.0819 5.8846 6.7664 0.196929 0.909695 0.185236 0.918175
11 13.0032 5.9163 6.6698 0.160911 0.918057 0.167502 0.930504
12 12.9755 5.9509 6.6038 0.160875 0.920921 0.204801 0.907686
13 13.1453 5.8891 6.8322 0.161930 0.921428 0.181229 0.919856
14 13.0161 5.9606 6.6372 0.154956 0.923919 0.169397 0.928022
15 12.9601 5.9131 6.6291 0.155503 0.924888 0.176098 0.923459
16 13.0373 5.9538 6.6603 0.152432 0.925920 0.171460 0.927462
17 12.9160 5.8647 6.6303 0.151503 0.926863 0.172795 0.926181
18 13.0665 5.9266 6.7018 0.150358 0.927272 0.170427 0.927542
19 13.0727 5.9459 6.7181 0.149700 0.927877 0.169277 0.928263
20 13.1674 5.9138 6.8243 0.148833 0.928073 0.166592 0.928983
21 13.0002 5.8355 6.7530 0.148807 0.928366 0.160933 0.932746
22 13.0890 6.0020 6.6674 0.147630 0.928526 0.155576 0.933227
23 12.9790 5.9710 6.5894 0.149122 0.930394 0.153083 0.937390
24 13.0937 5.9977 6.6748 0.139428 0.931346 0.163782 0.928423
25 12.9074 5.8099 6.6739 0.121690 0.938089 0.140801 0.939792
26 12.8261 5.8394 6.5744 0.152710 0.934148 0.146575 0.936429
27 13.0941 5.9791 6.6929 0.130219 0.943631 0.180238 0.922658
28 13.1568 5.9146 6.7845 0.131318 0.942554 0.128054 0.946597
29 13.0475 5.9240 6.7070 0.125435 0.946433 0.132840 0.945156
30 13.0581 5.9864 6.6414 0.113196 0.945392 0.140941 0.941473
31 12.9843 5.9498 6.6207 0.107829 0.947278 0.116035 0.950040
32 13.0213 6.0625 6.5395 0.107711 0.948363 0.128124 0.946597
33 12.8917 5.9131 6.5528 0.108876 0.947589 0.128736 0.947238
34 12.9535 5.9103 6.6229 0.110488 0.948897 0.131665 0.945877
35 12.9848 5.8722 6.6846 0.116775 0.949030 0.134797 0.944996
36 13.0052 5.9564 6.6248 0.118616 0.949137 0.131771 0.946998
37 12.9991 5.9559 6.6257 0.119417 0.949101 0.128826 0.946918
38 12.9412 5.8806 6.6483 0.117567 0.947304 0.142633 0.942514
39 13.1461 5.9668 6.7518 0.111841 0.947838 0.122813 0.950520
40 13.0354 5.9578 6.6461 0.111224 0.948754 0.150005 0.936990
41 13.0207 6.0187 6.5741 0.107303 0.948923 0.131131 0.946837
42 12.9827 5.9406 6.6208 0.113107 0.949288 0.121438 0.950120
43 13.0657 6.0311 6.6097 0.106399 0.951592 0.123733 0.950200
44 13.0672 5.9907 6.6531 0.101830 0.952321 0.112800 0.952442
45 13.0490 5.9466 6.6836 0.107025 0.949528 0.129829 0.946197
46 13.1121 5.9638 6.7357 0.105639 0.950222 0.136903 0.943875
47 12.9920 5.9111 6.6606 0.103704 0.950142 0.133425 0.945316
48 13.0516 5.9355 6.6921 0.103059 0.950507 0.128481 0.946918
49 13.0706 5.9867 6.6654 0.102564 0.950711 0.124103 0.949960
