epoch time fwd_time bwd_time loss acc val_loss val_acc
0 12.8303 5.8564 6.5631 0.464941 0.818189 0.458082 0.825861
1 12.7446 5.7938 6.5345 0.394559 0.823838 0.382396 0.825861
2 12.8821 5.9177 6.5442 0.358025 0.823838 0.349318 0.825861
3 12.9234 5.9178 6.5832 0.355711 0.823838 0.345635 0.825861
4 13.0795 5.9842 6.6369 0.352154 0.823944 0.343773 0.826821
5 12.9152 5.9363 6.5668 0.319218 0.828134 0.308500 0.882946
6 12.9131 5.8341 6.6658 0.310995 0.849821 0.304902 0.856605
7 12.8574 5.7825 6.6616 0.200714 0.880892 0.205609 0.914892
8 12.9788 5.8587 6.6660 0.171172 0.907124 0.201539 0.909848
9 12.9856 5.9188 6.6533 0.175711 0.916553 0.192200 0.914492
10 13.0035 5.9379 6.6532 0.159382 0.923669 0.176243 0.922818
11 12.9170 5.8009 6.7033 0.157733 0.925457 0.168616 0.926421
12 13.0769 5.9699 6.6938 0.155395 0.926000 0.167602 0.926741
13 12.9068 5.9339 6.5585 0.154820 0.925386 0.164248 0.928183
14 12.8980 5.9015 6.5732 0.154046 0.925208 0.167440 0.926821
15 13.0442 5.8591 6.7738 0.153490 0.926000 0.169532 0.926181
16 13.0001 5.9424 6.6476 0.153629 0.926365 0.166723 0.928102
17 12.9821 5.9608 6.6038 0.150169 0.927023 0.167033 0.928423
18 12.9785 5.9444 6.6097 0.154375 0.926765 0.170320 0.926261
19 12.9987 5.9651 6.6104 0.148286 0.928455 0.175960 0.921938
20 13.0618 6.0035 6.6455 0.147587 0.928998 0.155865 0.933066
21 12.9211 5.9119 6.5989 0.148020 0.932084 0.149693 0.937150
22 12.9119 5.8121 6.6868 0.145517 0.933116 0.144623 0.938511
23 12.9942 5.9721 6.5949 0.138486 0.933072 0.142442 0.939311
24 12.9112 5.9722 6.5126 0.134513 0.936052 0.140809 0.940272
25 12.9128 5.9571 6.5359 0.130015 0.937582 0.137612 0.942114
26 13.0041 6.0129 6.5699 0.126165 0.938738 0.135467 0.942274
27 13.0020 5.9495 6.6276 0.116142 0.939868 0.135786 0.942754
28 12.9367 5.9468 6.5748 0.122118 0.939859 0.148533 0.939712
29 13.0483 5.9712 6.6573 0.121795 0.940553 0.142638 0.942194
30 12.7805 5.8178 6.5347 0.118952 0.941389 0.142995 0.942914
31 13.0345 6.0015 6.5953 0.116062 0.942189 0.144765 0.941553
32 13.0467 6.0240 6.5999 0.113072 0.943204 0.143324 0.943155
33 12.8464 5.8787 6.5448 0.109698 0.945392 0.125020 0.947318
34 12.9783 5.8102 6.7524 0.112246 0.945249 0.133604 0.945717
35 13.0258 5.9371 6.6501 0.108391 0.944449 0.147786 0.938591
36 13.0043 5.8780 6.7096 0.127285 0.946264 0.123278 0.950200
37 13.1988 5.9119 6.8180 0.101813 0.945765 0.122791 0.947638
38 13.2019 5.9935 6.7861 0.103848 0.948905 0.124730 0.947398
39 12.8384 5.8792 6.5455 0.101253 0.948656 0.119085 0.948839
40 12.8774 5.8349 6.6222 0.124397 0.948256 0.135332 0.939792
41 12.8805 5.8775 6.5907 0.119219 0.947660 0.136748 0.941073
42 12.8840 5.8171 6.6427 0.119563 0.947651 0.135635 0.942514
43 13.0644 5.9846 6.6542 0.118529 0.948345 0.135142 0.943715
44 12.9572 5.9232 6.6165 0.114902 0.948923 0.137807 0.942434
45 12.9225 5.9159 6.5859 0.111156 0.949679 0.138912 0.942034
46 12.8689 5.8926 6.5641 0.107679 0.949875 0.138595 0.942034
47 12.8234 5.8361 6.5591 0.105191 0.949786 0.136709 0.942834
48 12.8353 5.8940 6.5230 0.104177 0.949839 0.136226 0.943074
49 12.9978 5.9655 6.6056 0.103983 0.950062 0.136518 0.942594
