epoch time fwd_time bwd_time loss acc val_loss val_acc
0 12.8993 5.9001 6.5901 0.411403 0.822886 0.390223 0.821857
1 12.9060 5.8979 6.5916 0.372559 0.814969 0.360004 0.825861
2 13.0686 6.0299 6.5752 0.365442 0.823838 0.353480 0.825861
3 13.0858 6.0275 6.6295 0.355403 0.823935 0.335955 0.827942
4 13.0242 5.9995 6.5979 0.325787 0.834681 0.308050 0.840432
5 13.0856 5.9694 6.7048 0.369633 0.826711 0.351346 0.821697
6 12.9395 5.8922 6.6229 0.349278 0.821649 0.328566 0.826661
7 12.9706 5.9145 6.6348 0.293424 0.837652 0.349717 0.827142
8 13.0473 5.9374 6.6913 0.748370 0.865023 0.433953 0.833627
9 13.0040 5.9453 6.6342 0.160173 0.897580 0.176946 0.926341
10 12.9044 5.8821 6.6004 0.167715 0.919053 0.168081 0.931865
11 13.1511 5.8915 6.8336 0.161288 0.917452 0.167538 0.931305
12 12.8394 5.8374 6.5769 0.166516 0.921641 0.162091 0.932266
13 12.9666 5.9055 6.6346 0.158878 0.922486 0.163756 0.930985
14 13.1228 5.9258 6.7813 0.162057 0.925119 0.180516 0.923539
15 13.0242 5.9115 6.6918 0.156301 0.923412 0.161827 0.930745
16 12.9257 5.8942 6.6074 0.159743 0.926801 0.167012 0.930024
17 13.1284 6.1049 6.6018 0.154999 0.925119 0.159665 0.931385
18 13.1262 6.0908 6.6114 0.158146 0.926294 0.158355 0.933467
19 12.8693 5.8777 6.5708 0.152792 0.926543 0.157860 0.932186
20 13.0393 6.0260 6.5904 0.151704 0.926979 0.156979 0.933147
21 12.9799 5.9557 6.6033 0.150709 0.927139 0.156336 0.932986
22 13.0199 5.9273 6.6697 0.149490 0.927655 0.155782 0.933707
23 12.9703 5.9586 6.5927 0.149179 0.927708 0.155312 0.933467
24 12.9669 5.9345 6.6118 0.148814 0.928117 0.155082 0.933387
25 13.0039 5.8784 6.7029 0.147601 0.928482 0.154516 0.933707
26 12.9784 5.9125 6.6514 0.148263 0.929531 0.154261 0.934428
27 13.2421 6.0149 6.7559 0.148133 0.928882 0.154712 0.934187
28 13.1292 6.0130 6.6793 0.147172 0.928455 0.153877 0.934588
29 13.5479 6.1493 6.9740 0.141027 0.929798 0.150779 0.936349
30 13.0381 5.9791 6.6224 0.113752 0.939387 0.127700 0.945076
31 12.9544 5.9226 6.6148 0.115008 0.946406 0.125394 0.945957
32 13.0098 5.9024 6.6842 0.132206 0.946450 0.120246 0.949319
33 12.9708 5.9515 6.6012 0.134899 0.947544 0.128402 0.947078
34 13.0267 5.9288 6.6832 0.125296 0.945890 0.142629 0.941473
35 12.9545 5.9277 6.6058 0.121446 0.946539 0.141875 0.943155
36 12.9746 5.9012 6.6521 0.121323 0.947224 0.139214 0.943955
37 12.9875 5.9463 6.6193 0.121646 0.947758 0.137274 0.944275
38 12.9562 5.9478 6.5917 0.122049 0.947963 0.135735 0.944836
39 13.0054 5.9742 6.6163 0.122229 0.947820 0.134076 0.944676
40 13.0836 5.9552 6.7099 0.122531 0.947945 0.131894 0.945877
41 13.0672 6.0005 6.6399 0.122540 0.948096 0.129529 0.947318
42 12.8914 5.8370 6.6380 0.122343 0.948078 0.127613 0.948599
43 13.0465 6.0185 6.6045 0.122209 0.948416 0.125842 0.949560
44 12.9805 5.8924 6.6668 0.122168 0.948674 0.123799 0.949800
45 12.9229 5.8700 6.6256 0.122097 0.949074 0.121733 0.950360
46 13.0103 5.9210 6.6643 0.121995 0.949243 0.120072 0.950200
47 13.0510 6.0772 6.5407 0.121953 0.949341 0.118959 0.950921
48 12.9963 5.9515 6.6280 0.121932 0.949217 0.118190 0.951401
49 12.8467 5.8489 6.5747 0.121848 0.949350 0.117596 0.951882
