epoch time fwd_time bwd_time loss acc val_loss val_acc
0 13.0230 5.8961 6.7274 0.441265 0.823838 0.432350 0.825861
1 13.1439 5.9018 6.8248 0.373734 0.823909 0.348118 0.826181
2 13.0117 5.9387 6.6578 0.360371 0.823464 0.343769 0.824740
3 12.9922 5.9361 6.6335 0.345518 0.823295 0.338539 0.826501
4 12.9667 6.0026 6.5273 0.277447 0.840267 0.306208 0.902402
5 12.9713 5.9323 6.6220 0.226696 0.872468 0.245968 0.903042
6 12.8924 5.9277 6.5499 0.178237 0.902739 0.192925 0.917454
7 13.0069 5.8824 6.7025 0.173258 0.911883 0.218756 0.900240
8 13.1405 5.9719 6.7431 0.164574 0.918395 0.187446 0.917054
9 12.9356 5.9017 6.6189 0.164230 0.920476 0.191099 0.914892
10 13.1939 5.9330 6.8444 0.161004 0.922113 0.183872 0.918495
11 12.8139 5.7805 6.6195 0.160029 0.922896 0.178667 0.921938
12 13.0011 5.9706 6.6080 0.158358 0.923999 0.175034 0.924179
13 13.0525 5.9170 6.7128 0.156927 0.924897 0.172618 0.926101
14 12.9528 5.8806 6.6218 0.155689 0.925155 0.170805 0.926741
15 13.1765 5.9128 6.8431 0.154393 0.925813 0.169246 0.927382
16 12.9799 5.8913 6.6637 0.152899 0.926409 0.167133 0.928663
17 13.0201 5.9846 6.6169 0.153490 0.927228 0.165186 0.929143
18 13.0918 6.0133 6.6569 0.151928 0.929016 0.163194 0.930024
19 12.9145 5.8739 6.6193 0.149545 0.930439 0.160751 0.931385
20 12.9744 5.8411 6.7124 0.145221 0.930884 0.166828 0.927862
21 12.8640 5.8594 6.5951 0.140769 0.930910 0.160735 0.931545
22 12.9297 5.8501 6.6571 0.136994 0.933632 0.156667 0.934668
23 12.9038 5.8564 6.6278 0.134051 0.935367 0.152391 0.936990
24 13.1131 6.0105 6.6792 0.131918 0.936674 0.148567 0.938671
25 12.9168 5.9275 6.5749 0.127103 0.938622 0.143419 0.941793
26 13.0107 5.9928 6.5989 0.119892 0.941398 0.133198 0.945957
27 13.0381 5.9212 6.6983 0.118355 0.943230 0.132749 0.947238
28 12.9811 5.8810 6.6808 0.119643 0.944262 0.129169 0.948679
29 12.9283 5.8302 6.6748 0.125451 0.945258 0.125315 0.948439
30 13.0144 5.9016 6.6778 0.125051 0.945970 0.123310 0.948599
31 13.0652 5.8507 6.7845 0.126576 0.946797 0.122985 0.947638
32 12.9911 5.8924 6.6642 0.126238 0.947020 0.123348 0.948118
33 13.0654 5.9531 6.7010 0.123763 0.947313 0.121817 0.949079
34 13.0840 5.9708 6.6964 0.124424 0.947696 0.124432 0.948359
35 12.9757 5.8987 6.6579 0.117915 0.946673 0.138136 0.942914
36 13.0972 6.0114 6.6589 0.111212 0.947269 0.138941 0.943155
37 12.9627 5.8541 6.6850 0.110281 0.947891 0.139387 0.942914
38 12.8453 5.8655 6.5657 0.109615 0.948354 0.140225 0.942914
39 12.9402 5.9232 6.5532 0.109248 0.948425 0.140725 0.942674
40 13.0805 5.9392 6.7172 0.109110 0.948612 0.141057 0.942674
41 12.9040 5.8736 6.6050 0.108845 0.948576 0.141548 0.942274
42 12.9246 5.9201 6.5839 0.108885 0.948656 0.141744 0.942354
43 13.0952 5.9071 6.7673 0.108740 0.948772 0.142002 0.941954
44 13.0478 5.8895 6.7379 0.108876 0.948879 0.142137 0.941873
45 13.0926 5.8459 6.8275 0.108755 0.948914 0.142287 0.941633
46 12.8590 5.8296 6.6041 0.108897 0.949012 0.142351 0.941633
47 13.4860 6.2261 6.8441 0.108882 0.949074 0.142379 0.941473
48 13.9506 6.4166 7.0904 0.108978 0.949030 0.142330 0.941633
49 13.0556 5.9538 6.6697 0.109030 0.949101 0.142222 0.941633
