epoch time fwd_time bwd_time loss acc val_loss val_acc
0 13.0440 5.9632 6.6589 0.455403 0.806029 0.448483 0.825861
1 13.0329 5.9517 6.6639 0.363190 0.823829 0.356121 0.825861
2 13.0620 5.9304 6.7131 0.359301 0.823473 0.348110 0.826501
3 13.0292 5.9919 6.6193 0.351965 0.823882 0.329717 0.827782
4 12.8916 5.8882 6.5854 0.256689 0.843069 0.275531 0.848839
5 13.0401 5.8863 6.7246 0.195175 0.894813 0.206334 0.919215
6 12.9139 5.8933 6.5936 0.165879 0.913173 0.186622 0.918735
7 12.9523 5.8870 6.6504 0.164930 0.917665 0.180696 0.921537
8 13.1031 6.0045 6.6809 0.160742 0.921908 0.176134 0.923299
9 13.0005 5.9117 6.6652 0.159131 0.923109 0.173196 0.925140
10 12.8763 5.8893 6.5657 0.157947 0.924159 0.170971 0.925941
11 13.0661 5.8907 6.7470 0.156464 0.924728 0.169664 0.926581
12 12.8653 5.8305 6.6092 0.155537 0.925351 0.171626 0.924820
13 12.9849 5.8983 6.6372 0.156543 0.923901 0.171865 0.924019
14 13.0266 5.9553 6.6416 0.164862 0.923456 0.165264 0.928903
15 12.9225 5.8981 6.5966 0.162866 0.924924 0.165036 0.928343
16 12.8571 5.8720 6.5601 0.163120 0.925502 0.163912 0.928423
17 13.5079 6.1933 6.8332 0.161386 0.926045 0.163954 0.928343
18 12.8600 5.8521 6.5918 0.162206 0.926311 0.162876 0.928983
19 12.9618 5.9192 6.6074 0.160681 0.926658 0.162911 0.928183
20 12.9524 5.9460 6.5817 0.161568 0.926863 0.162060 0.929303
21 13.0980 5.9503 6.7222 0.160312 0.927023 0.162027 0.928663
22 12.7971 5.8685 6.5176 0.161065 0.927174 0.161399 0.929143
23 12.9312 5.9623 6.5513 0.160089 0.927317 0.161300 0.928743
24 13.0105 5.9701 6.6233 0.160652 0.927539 0.160846 0.929303
25 13.0743 6.0106 6.5883 0.159927 0.927539 0.160702 0.929303
26 12.9500 5.9537 6.5819 0.160307 0.927726 0.160370 0.929544
27 12.9235 5.8613 6.6481 0.159786 0.927895 0.160203 0.929624
28 12.9222 5.9300 6.5725 0.160016 0.927921 0.159952 0.929704
29 12.9663 5.8990 6.6502 0.159647 0.927975 0.159777 0.929864
30 12.9907 5.9393 6.6344 0.159765 0.928126 0.159577 0.929544
31 12.9373 5.8435 6.6706 0.159505 0.928073 0.159406 0.930024
32 13.0357 5.9920 6.6140 0.159546 0.928224 0.159237 0.929944
33 13.0534 6.0099 6.6268 0.159359 0.928304 0.159075 0.930024
34 13.0481 5.9580 6.6690 0.159350 0.928340 0.158926 0.930344
35 12.9695 5.9608 6.5870 0.159211 0.928482 0.158775 0.930104
36 13.0971 5.9706 6.7072 0.159173 0.928704 0.158640 0.930344
37 12.9923 5.9549 6.6176 0.159064 0.928642 0.158501 0.930504
38 13.0323 5.8684 6.7435 0.159010 0.928758 0.158375 0.930665
39 13.0151 5.9361 6.6623 0.158921 0.928882 0.158248 0.931065
40 12.9529 5.9173 6.6077 0.158860 0.928953 0.158132 0.931305
41 12.9279 5.9335 6.5651 0.158783 0.929078 0.158015 0.931385
42 12.9009 5.8818 6.5520 0.158722 0.929105 0.157908 0.931465
43 12.9619 5.8830 6.6462 0.158656 0.929140 0.157804 0.931305
44 12.9338 5.9157 6.5942 0.158598 0.929220 0.157707 0.931385
45 12.8584 5.8645 6.5779 0.158540 0.929389 0.157614 0.931545
46 13.1272 5.9541 6.7518 0.158487 0.929487 0.157528 0.931545
47 12.9472 5.9287 6.5913 0.158438 0.929612 0.157448 0.931625
48 12.9884 5.8738 6.6871 0.158393 0.929620 0.157374 0.931625
49 12.9332 5.9588 6.5536 0.158352 0.929736 0.157306 0.931465
