epoch time fwd_time bwd_time loss acc val_loss val_acc
0 13.2622 6.0589 6.7673 0.456913 0.811918 0.450184 0.825861
1 13.1236 5.9493 6.7238 0.364451 0.823847 0.351910 0.825941
2 13.0593 5.9248 6.7193 0.356266 0.823437 0.344829 0.825540
3 13.0265 5.9352 6.6756 0.351849 0.822272 0.336993 0.825380
4 12.9942 5.9011 6.6647 0.323231 0.827147 0.327827 0.833147
5 13.0170 5.9276 6.6627 0.230688 0.863466 0.262617 0.881825
6 13.0611 5.9974 6.6370 0.187633 0.898282 0.194417 0.918975
7 12.9912 5.9065 6.6564 0.176590 0.903975 0.206062 0.909768
8 12.9036 5.9612 6.5318 0.178184 0.915477 0.178284 0.923379
9 12.7837 5.8678 6.5035 0.173588 0.918679 0.172936 0.926181
10 12.8202 5.8338 6.5709 0.160008 0.921606 0.169493 0.924980
11 13.0650 5.9265 6.7142 0.157930 0.923331 0.167341 0.926341
12 12.9662 5.9565 6.5896 0.154645 0.924177 0.165900 0.926741
13 13.1651 6.0085 6.7262 0.156933 0.923856 0.164061 0.928022
14 12.8577 5.8489 6.5874 0.151654 0.923314 0.171472 0.924500
15 12.9750 5.9145 6.6426 0.155307 0.924079 0.168030 0.926181
16 12.9833 5.9294 6.6313 0.156385 0.925306 0.163944 0.928183
17 12.9966 5.9252 6.6370 0.151494 0.925840 0.163139 0.928663
18 12.9144 5.9344 6.5620 0.153153 0.926578 0.161742 0.929303
19 12.9979 5.9137 6.6571 0.149470 0.926952 0.161663 0.929303
20 12.9553 6.0146 6.5213 0.150831 0.927343 0.160473 0.929784
21 12.9469 5.8395 6.6889 0.147578 0.927441 0.160665 0.929784
22 13.1103 6.0381 6.6405 0.147857 0.927948 0.159757 0.930184
23 12.9243 5.8907 6.6154 0.145751 0.927939 0.159752 0.929624
24 13.0175 6.0136 6.5827 0.145018 0.928224 0.159118 0.929864
25 12.9392 5.9588 6.5479 0.145029 0.928135 0.158693 0.929384
26 13.1608 6.0039 6.7008 0.144365 0.928482 0.154725 0.933227
27 13.3650 6.1178 6.8233 0.140607 0.929443 0.146822 0.936669
28 12.8578 5.8565 6.5734 0.137655 0.937004 0.155415 0.931946
29 12.8962 5.8604 6.6082 0.139850 0.939299 0.130403 0.946837
30 13.0675 5.9952 6.6390 0.112528 0.941638 0.149876 0.936910
31 12.9393 5.8385 6.6801 0.112163 0.943711 0.147330 0.937870
32 12.9773 6.0021 6.5638 0.109564 0.944040 0.142980 0.938831
33 12.9799 5.8949 6.6673 0.107777 0.944849 0.143556 0.938271
34 13.0657 5.9993 6.6356 0.105926 0.946708 0.131614 0.944756
35 12.8357 5.8356 6.5791 0.108107 0.947295 0.134550 0.943235
36 13.1122 5.9589 6.7233 0.106225 0.947375 0.128957 0.945476
37 12.8570 5.8505 6.5809 0.103559 0.945854 0.124175 0.948279
38 12.9593 5.9595 6.5801 0.102292 0.948336 0.126160 0.948279
39 12.7938 5.8529 6.5306 0.102234 0.947109 0.127205 0.946597
40 12.9312 5.8300 6.6803 0.101020 0.948959 0.121395 0.950520
41 12.9777 5.8787 6.6827 0.102461 0.948336 0.119870 0.950280
42 12.9145 5.9044 6.5909 0.103094 0.946735 0.116207 0.953002
43 12.9610 5.9449 6.5979 0.102127 0.947909 0.114694 0.953483
44 12.8768 5.8544 6.6005 0.101062 0.948301 0.113562 0.953563
45 12.8519 5.8963 6.5296 0.102127 0.949742 0.116019 0.952522
46 13.0632 6.0275 6.6112 0.100733 0.950409 0.120098 0.951001
47 13.0092 5.9568 6.6376 0.099268 0.948478 0.113007 0.954363
48 12.8077 5.8778 6.5034 0.100403 0.948710 0.112799 0.954123
49 12.8707 5.9261 6.5178 0.099795 0.949475 0.120535 0.950360
