epoch time fwd_time bwd_time loss acc val_loss val_acc
0 6.6747 3.4319 2.8634 0.526271 0.824265 0.514245 0.822018
1 6.4638 3.2029 2.9144 0.495200 0.824265 0.480306 0.822018
2 6.5486 3.3292 2.8710 0.488030 0.824265 0.470256 0.822018
3 6.3888 3.1583 2.8859 0.487659 0.824265 0.468531 0.822018
4 6.6523 3.3606 2.9393 0.484657 0.824265 0.464424 0.822018
5 6.6099 3.3407 2.9219 0.449884 0.824265 0.434152 0.822018
6 6.5372 3.2592 2.9331 0.427895 0.824265 0.410057 0.822018
7 6.4588 3.1929 2.9130 0.388031 0.824265 0.381360 0.822018
8 6.4725 3.2010 2.8921 0.363331 0.824265 0.362800 0.822018
9 6.5482 3.3168 2.8856 0.316531 0.825083 0.326733 0.837150
10 6.4192 3.2005 2.8654 0.278064 0.872522 0.295978 0.888391
11 6.5451 3.2704 2.9230 0.260416 0.891824 0.281616 0.891513
12 6.5378 3.3255 2.8666 0.243073 0.898140 0.261628 0.897518
13 6.5866 3.3193 2.9166 0.232158 0.902445 0.251173 0.902162
14 6.4828 3.2244 2.9121 0.223891 0.904811 0.245514 0.901441
15 6.5213 3.2435 2.9351 0.215923 0.907311 0.234866 0.905765
16 6.4704 3.2699 2.8632 0.215647 0.909010 0.228574 0.908167
17 6.3358 3.1555 2.8386 0.210245 0.910291 0.223276 0.909928
18 6.4279 3.2281 2.8509 0.204924 0.911812 0.218508 0.911609
19 6.3657 3.1885 2.8390 0.199496 0.913209 0.214566 0.914171
20 6.6594 3.3405 2.9720 0.195006 0.914748 0.211179 0.915853
21 6.6400 3.3141 2.9836 0.190715 0.916028 0.208108 0.917214
22 6.3707 3.1701 2.8568 0.187027 0.917167 0.205306 0.918655
23 6.5216 3.2746 2.8990 0.184205 0.918048 0.202724 0.919776
24 6.5329 3.2723 2.9184 0.182550 0.918919 0.200364 0.920256
25 6.3226 3.1478 2.8277 0.182124 0.919693 0.198387 0.921457
26 6.5616 3.2740 2.9389 0.181492 0.920440 0.196748 0.921857
27 6.3933 3.1718 2.8754 0.180525 0.921179 0.194840 0.921617
28 6.5402 3.2706 2.9204 0.179726 0.922059 0.192975 0.921938
29 6.6499 3.3962 2.9067 0.179006 0.922762 0.190942 0.922498
30 6.3918 3.1810 2.8751 0.178298 0.923438 0.188805 0.923619
31 6.4231 3.2074 2.8683 0.177524 0.924070 0.186587 0.924179
32 6.4476 3.2365 2.8598 0.176583 0.924719 0.184358 0.924500
33 6.4000 3.1862 2.8294 0.175386 0.925280 0.182185 0.924980
34 6.5615 3.2969 2.9205 0.173882 0.925876 0.180115 0.925300
35 6.4245 3.2074 2.8624 0.172046 0.926560 0.178155 0.926261
36 6.5587 3.2732 2.9323 0.169776 0.927067 0.176271 0.926661
37 6.5251 3.2677 2.9127 0.166644 0.927841 0.174449 0.927062
38 6.3954 3.2117 2.8433 0.161632 0.928820 0.172769 0.927782
39 6.4367 3.2008 2.8893 0.156924 0.929852 0.171304 0.928263
40 6.4487 3.2153 2.8812 0.153499 0.930626 0.170245 0.929143
41 6.5022 3.2459 2.9118 0.150923 0.931150 0.169327 0.929624
42 6.4131 3.1786 2.8867 0.148781 0.931666 0.168347 0.930344
43 6.4909 3.2022 2.9394 0.146857 0.932289 0.167297 0.930665
44 6.5426 3.2845 2.9115 0.145043 0.932752 0.166196 0.930584
45 6.4497 3.2213 2.8890 0.143296 0.933392 0.165068 0.930665
46 6.4880 3.2374 2.9006 0.141595 0.933739 0.163923 0.931145
47 6.3698 3.1641 2.8598 0.139934 0.934237 0.162760 0.931705
48 6.3950 3.1752 2.8820 0.138311 0.934575 0.161576 0.932666
49 6.6222 3.4053 2.8680 0.136727 0.934922 0.160374 0.933307
