epoch time fwd_time bwd_time loss acc val_loss val_acc
0 6.8330 3.6161 2.8793 0.554003 0.619344 0.539297 0.822018
1 6.4126 3.2032 2.8696 0.493988 0.824265 0.478779 0.822018
2 6.6028 3.3408 2.9336 0.488019 0.824265 0.470394 0.822018
3 6.4175 3.2282 2.8547 0.487595 0.824265 0.468757 0.822018
4 6.5440 3.2781 2.9316 0.487909 0.824265 0.468475 0.822018
5 6.5229 3.2667 2.9182 0.488147 0.824265 0.468446 0.822018
6 6.3832 3.2020 2.8402 0.488252 0.824265 0.468444 0.822018
7 6.3979 3.2157 2.8501 0.488282 0.824265 0.468436 0.822018
8 6.5771 3.3213 2.9306 0.488280 0.824265 0.468423 0.822018
9 6.5688 3.3317 2.9019 0.488265 0.824265 0.468405 0.822018
10 6.5067 3.2610 2.9041 0.488242 0.824265 0.468381 0.822018
11 6.4083 3.2187 2.8530 0.488175 0.824265 0.468291 0.822018
12 6.5709 3.3312 2.9004 0.485697 0.824265 0.466275 0.822018
13 6.5724 3.3488 2.9102 0.387112 0.824265 0.383282 0.822018
14 6.6185 3.3572 2.9357 0.329226 0.833231 0.329893 0.861329
15 6.5606 3.3163 2.9052 0.265128 0.893372 0.280367 0.902482
16 6.3863 3.2048 2.8423 0.237818 0.905399 0.262288 0.902962
17 6.6567 3.3674 2.9016 0.227857 0.905061 0.252287 0.906405
18 6.3598 3.2022 2.8241 0.219737 0.908290 0.245063 0.906485
19 6.5164 3.2838 2.8892 0.213923 0.910540 0.239745 0.908407
20 6.4350 3.2489 2.8480 0.210795 0.912150 0.235238 0.909207
21 6.5715 3.2975 2.9277 0.207554 0.913556 0.231603 0.909848
22 6.3381 3.1531 2.8474 0.203816 0.914498 0.228884 0.909928
23 6.4710 3.2794 2.8499 0.199775 0.915379 0.226301 0.911369
24 6.4149 3.1762 2.9015 0.196180 0.916028 0.223549 0.913291
25 6.3984 3.2073 2.8622 0.193059 0.916740 0.220752 0.913851
26 6.3759 3.1619 2.8763 0.190516 0.917683 0.217730 0.914812
27 6.5787 3.3216 2.9088 0.187143 0.918768 0.215513 0.915372
28 6.6144 3.3388 2.9345 0.185365 0.919213 0.213438 0.915693
29 6.4468 3.2224 2.8903 0.184165 0.920111 0.209758 0.916333
30 6.4761 3.2427 2.8922 0.187168 0.921045 0.208271 0.916253
31 6.6246 3.3455 2.9415 0.184026 0.921650 0.205721 0.916493
32 6.3636 3.1631 2.8596 0.178427 0.922389 0.204389 0.918895
33 6.7820 3.4699 2.9662 0.179746 0.922549 0.202854 0.919055
34 6.4231 3.2072 2.8788 0.178209 0.923367 0.200627 0.919295
35 6.3972 3.1942 2.8627 0.172897 0.924052 0.196301 0.921217
36 6.5345 3.3176 2.8729 0.172485 0.924826 0.193979 0.921377
37 6.5226 3.2522 2.9243 0.170207 0.925137 0.193237 0.923139
38 6.5164 3.2850 2.9002 0.168530 0.925920 0.193233 0.922098
39 6.4711 3.2229 2.9031 0.168875 0.926374 0.188475 0.923619
40 6.5792 3.3280 2.9099 0.173604 0.926614 0.193657 0.921297
41 6.6539 3.3614 2.9483 0.166802 0.927726 0.190372 0.922338
42 6.4289 3.2160 2.8694 0.165300 0.927815 0.188375 0.923459
43 6.6280 3.3167 2.9654 0.163531 0.928366 0.186278 0.924339
44 6.5767 3.2905 2.9431 0.161699 0.929042 0.184378 0.925380
45 6.5392 3.2581 2.9422 0.160406 0.929585 0.183355 0.925140
46 6.4921 3.2864 2.8649 0.159565 0.930101 0.182857 0.924900
47 6.5795 3.2927 2.9392 0.158563 0.930332 0.181576 0.924980
48 6.4469 3.2411 2.8581 0.159201 0.931115 0.180371 0.925140
49 6.4727 3.2518 2.8653 0.157245 0.931862 0.177735 0.926581
