epoch time fwd_time bwd_time loss acc val_loss val_acc
0 6.8295 3.5642 2.9188 0.542746 0.824265 0.526207 0.822018
1 6.5470 3.2801 2.9181 0.487786 0.824265 0.469869 0.822018
2 6.3986 3.1958 2.8637 0.487723 0.824265 0.468304 0.822018
3 6.4938 3.2190 2.9227 0.487559 0.824265 0.467989 0.822018
4 6.5255 3.2433 2.9003 0.486855 0.824265 0.467407 0.822018
5 6.4385 3.2306 2.8558 0.481066 0.824265 0.461911 0.822018
6 6.5757 3.3100 2.9151 0.476928 0.824265 0.457616 0.822018
7 6.5111 3.2678 2.8993 0.455392 0.824265 0.441395 0.822018
8 6.5195 3.2922 2.8684 0.395623 0.824265 0.381170 0.822018
9 6.5006 3.2752 2.8725 0.376878 0.824265 0.361769 0.822018
10 6.3347 3.1350 2.8418 0.344964 0.825697 0.335446 0.826661
11 6.3817 3.2028 2.8383 0.305573 0.850283 0.318176 0.881105
12 6.5280 3.2636 2.9127 0.292213 0.886336 0.283831 0.881025
13 6.4326 3.2093 2.8818 0.273090 0.891735 0.272225 0.887430
14 6.4288 3.2470 2.8330 0.259638 0.894448 0.264116 0.890152
15 6.5257 3.2351 2.9360 0.247591 0.897117 0.257387 0.891914
16 6.5058 3.2432 2.9136 0.237981 0.899243 0.251188 0.895036
17 6.4849 3.1918 2.9375 0.231208 0.901236 0.246287 0.897038
18 6.4741 3.2450 2.8752 0.225597 0.902543 0.242193 0.898879
19 6.5649 3.2797 2.9264 0.220669 0.903842 0.238591 0.900560
20 6.6336 3.3480 2.9435 0.216270 0.904980 0.235350 0.900721
21 6.4434 3.1895 2.9004 0.212319 0.906012 0.232390 0.900801
22 6.5939 3.3388 2.8985 0.208766 0.906813 0.229656 0.901761
23 6.5790 3.3132 2.9151 0.205571 0.907507 0.227112 0.903042
24 6.5193 3.3028 2.8680 0.202649 0.908378 0.224721 0.904884
25 6.3447 3.1445 2.8475 0.199860 0.908930 0.222448 0.905925
26 6.4209 3.2096 2.8652 0.197196 0.909873 0.220279 0.907366
27 6.4699 3.2292 2.8925 0.194686 0.910647 0.218195 0.908487
28 6.4571 3.2288 2.8819 0.192319 0.911332 0.216174 0.909448
29 6.4541 3.2216 2.8770 0.190076 0.912043 0.214203 0.910729
30 6.5466 3.2770 2.9187 0.187935 0.912666 0.212271 0.911129
31 6.6071 3.3310 2.9234 0.185876 0.913360 0.210373 0.912250
32 6.4843 3.2827 2.8586 0.183883 0.913956 0.208505 0.912810
33 6.5203 3.3066 2.8382 0.181946 0.914774 0.206666 0.913931
34 6.3840 3.1611 2.8760 0.180063 0.915486 0.204856 0.914412
35 6.5292 3.2558 2.9244 0.178241 0.916286 0.203078 0.914652
36 6.5267 3.2426 2.9338 0.176491 0.917203 0.201339 0.915693
37 6.5192 3.2425 2.9276 0.174832 0.917825 0.199651 0.916413
38 6.4554 3.2553 2.8458 0.173285 0.918412 0.198035 0.917374
39 6.3545 3.1443 2.8586 0.171883 0.919115 0.196508 0.917934
40 6.5306 3.2793 2.9073 0.170665 0.919693 0.195078 0.918094
41 6.4670 3.2084 2.8689 0.169664 0.920485 0.193727 0.918815
42 6.4596 3.2060 2.9074 0.168886 0.921214 0.192419 0.918975
43 6.3874 3.1818 2.8553 0.168303 0.921766 0.191121 0.919135
44 6.8944 3.4625 3.0714 0.167853 0.922273 0.189812 0.919295
45 6.5496 3.2683 2.9421 0.167467 0.922985 0.188494 0.919616
46 7.4874 3.8324 3.2785 0.167088 0.923474 0.187177 0.920897
47 6.5925 3.3005 2.9399 0.166688 0.924105 0.185873 0.921217
48 6.5523 3.2806 2.9236 0.166259 0.924675 0.184594 0.921217
49 6.5385 3.3212 2.8623 0.165799 0.925155 0.183347 0.921777
