epoch time fwd_time bwd_time loss acc val_loss val_acc
0 6.8809 3.6009 2.9157 0.489767 0.824265 0.468341 0.822018
1 6.4757 3.2649 2.8443 0.487181 0.824265 0.467551 0.822018
2 6.4440 3.1921 2.8905 0.429333 0.824265 0.412519 0.822018
3 6.5076 3.2177 2.9305 0.325281 0.825501 0.322252 0.832266
4 6.4397 3.1854 2.8973 0.295553 0.846707 0.292795 0.853803
5 6.4771 3.2288 2.8895 0.259177 0.872628 0.253237 0.886629
6 6.5936 3.3226 2.8978 0.206821 0.901405 0.231766 0.904404
7 6.5524 3.2359 2.9260 0.205574 0.905852 0.219343 0.908727
8 6.6042 3.3122 2.9317 0.199984 0.907685 0.214671 0.908167
9 6.3830 3.1807 2.8460 0.196733 0.909348 0.210960 0.910809
10 6.5650 3.2621 2.9468 0.195890 0.911554 0.207837 0.909287
11 6.6230 3.3447 2.9077 0.188777 0.911278 0.203811 0.912970
12 6.3803 3.2002 2.8220 0.193883 0.913547 0.200731 0.913131
13 6.5027 3.2425 2.9022 0.187474 0.914881 0.196734 0.915212
14 6.4635 3.2372 2.8712 0.187695 0.915539 0.195136 0.915212
15 6.5135 3.2372 2.9158 0.176948 0.916473 0.194894 0.917294
16 6.5275 3.2952 2.8634 0.180292 0.918048 0.192560 0.918014
17 6.5737 3.2732 2.9375 0.174013 0.919996 0.184416 0.922018
18 6.5767 3.3088 2.9030 0.165191 0.922558 0.178935 0.925460
19 6.6753 3.3760 2.9251 0.175547 0.925760 0.178056 0.924179
20 6.5102 3.2730 2.8729 0.155190 0.925342 0.170364 0.928263
21 6.4342 3.1985 2.8738 0.156487 0.928722 0.166878 0.928423
22 6.5503 3.2326 2.9496 0.147424 0.929861 0.162576 0.932106
23 6.5391 3.2783 2.9052 0.147375 0.931186 0.159132 0.932826
24 6.5526 3.2662 2.9262 0.143619 0.934104 0.154525 0.935949
25 6.5494 3.2587 2.9262 0.138187 0.936977 0.148625 0.937470
26 6.5311 3.2403 2.9249 0.132726 0.940419 0.136868 0.944916
27 6.6161 3.3302 2.9231 0.122711 0.943364 0.148875 0.938030
28 6.5752 3.2884 2.9331 0.113870 0.946219 0.133840 0.944836
29 6.4839 3.2132 2.9028 0.110145 0.949288 0.118337 0.952842
30 6.5836 3.2770 2.9423 0.107279 0.953024 0.116412 0.955004
31 6.3865 3.1714 2.8513 0.102759 0.955666 0.117434 0.952282
32 6.6275 3.3400 2.9194 0.092322 0.955710 0.112442 0.951401
33 6.6135 3.2961 2.9504 0.091402 0.958841 0.108361 0.954203
34 6.6432 3.3577 2.9230 0.101621 0.958753 0.101050 0.958767
35 6.5708 3.2575 2.9504 0.101656 0.959927 0.108035 0.954363
36 6.5645 3.2825 2.8918 0.090214 0.960621 0.109266 0.954043
37 6.5167 3.2190 2.9285 0.100290 0.960540 0.097683 0.959408
38 6.4330 3.1672 2.9102 0.088338 0.959873 0.120265 0.950200
39 6.5939 3.2934 2.9305 0.094610 0.962800 0.104648 0.955645
40 6.5689 3.2573 2.9077 0.112268 0.962053 0.092501 0.961169
41 6.4569 3.1710 2.9217 0.106573 0.962862 0.092112 0.960769
42 6.4909 3.2195 2.9037 0.096784 0.963156 0.094040 0.959087
43 6.5207 3.2538 2.9016 0.111145 0.963049 0.090773 0.962370
44 6.5580 3.3033 2.8977 0.096582 0.963663 0.094089 0.959968
45 6.5685 3.2667 2.9388 0.109097 0.963396 0.089741 0.963010
46 6.5607 3.2693 2.9248 0.096322 0.963903 0.092585 0.961169
47 6.6027 3.2976 2.9333 0.103869 0.963609 0.089292 0.963491
48 6.6243 3.3669 2.9000 0.096479 0.964179 0.091051 0.961569
49 6.3276 3.1220 2.8381 0.099750 0.964045 0.089313 0.963010
