epoch time fwd_time bwd_time loss acc val_loss val_acc
0 6.6679 3.4489 2.8718 0.492805 0.824265 0.468506 0.822018
1 6.5530 3.2453 2.9625 0.487546 0.824265 0.467303 0.822018
2 6.4543 3.1919 2.9106 0.421062 0.824265 0.404628 0.822018
3 6.5992 3.3577 2.8896 0.347081 0.824327 0.332289 0.823859
4 6.5125 3.2471 2.9077 0.307253 0.845240 0.291591 0.864051
5 6.5411 3.2422 2.9472 0.249946 0.880848 0.253878 0.890713
6 6.4872 3.2087 2.9206 0.230707 0.898345 0.236718 0.900320
7 6.5488 3.2843 2.9170 0.212942 0.903335 0.232890 0.902402
8 6.4262 3.1996 2.8788 0.204037 0.907115 0.240518 0.897758
9 6.4140 3.2310 2.8338 0.196210 0.911056 0.231593 0.900560
10 6.4174 3.2227 2.8450 0.188910 0.912844 0.218240 0.906805
11 6.6230 3.3327 2.9361 0.191374 0.913520 0.231531 0.901281
12 6.3487 3.1462 2.8535 0.181548 0.915735 0.210363 0.911049
13 6.4251 3.2205 2.8477 0.178130 0.916082 0.226845 0.905124
14 6.4226 3.1866 2.8859 0.172794 0.918199 0.207982 0.912090
15 6.5084 3.2796 2.8776 0.168501 0.918715 0.217081 0.909448
16 6.4154 3.1728 2.8989 0.165145 0.920316 0.209442 0.912490
17 6.4091 3.1658 2.8841 0.163989 0.921321 0.203018 0.914892
18 6.4409 3.1927 2.8941 0.160624 0.922638 0.196180 0.917774
19 6.5294 3.2383 2.9371 0.155985 0.923981 0.187258 0.920817
20 6.4428 3.2320 2.8253 0.154659 0.924408 0.181960 0.922738
21 6.5287 3.3059 2.8643 0.152227 0.924950 0.184448 0.922658
22 6.5805 3.2917 2.9377 0.149724 0.925671 0.187223 0.922498
23 6.3797 3.1855 2.8551 0.147389 0.926071 0.197750 0.917934
24 6.5622 3.2709 2.8937 0.145298 0.926721 0.196766 0.918335
25 6.4170 3.2354 2.8297 0.143947 0.927414 0.193737 0.919536
26 6.5577 3.2801 2.9222 0.142950 0.928455 0.192374 0.920016
27 6.5628 3.2944 2.9187 0.142098 0.929460 0.191606 0.919536
28 6.6754 3.3744 2.9406 0.142196 0.930101 0.188813 0.920977
29 6.4842 3.2383 2.8740 0.141286 0.931195 0.187799 0.921457
30 6.4941 3.2182 2.9261 0.142568 0.931622 0.183387 0.922738
31 6.5149 3.2120 2.9359 0.135791 0.932805 0.178708 0.924820
32 6.5408 3.2528 2.9274 0.131968 0.932378 0.170193 0.928503
33 6.5200 3.2431 2.9087 0.134170 0.932849 0.174604 0.925460
34 6.4104 3.2019 2.8511 0.143906 0.932885 0.169457 0.928102
35 6.4385 3.2223 2.8569 0.131453 0.934575 0.173942 0.926421
36 6.6686 3.3671 2.9396 0.128060 0.934104 0.163318 0.930584
37 6.6348 3.3227 2.9479 0.132167 0.934468 0.164742 0.930424
38 6.4980 3.2093 2.9284 0.145147 0.934228 0.156808 0.932986
39 6.5520 3.2718 2.9185 0.149575 0.935091 0.151492 0.934187
40 6.5327 3.2352 2.9362 0.125554 0.936230 0.157815 0.932986
41 6.6132 3.3562 2.8873 0.129604 0.936150 0.154172 0.934187
42 6.5855 3.2963 2.9315 0.133027 0.936532 0.151778 0.934908
43 6.6604 3.3792 2.9254 0.137987 0.936363 0.147431 0.936669
44 6.6455 3.3518 2.9376 0.130240 0.937288 0.149585 0.935949
45 6.5528 3.2663 2.9225 0.129055 0.937519 0.148545 0.936589
46 6.4749 3.2277 2.8869 0.126909 0.937840 0.148256 0.936429
47 6.5698 3.2727 2.9305 0.124544 0.938276 0.148168 0.936269
48 6.5992 3.2921 2.9330 0.123540 0.938436 0.147322 0.936669
49 6.6728 3.3474 2.9211 0.123047 0.938507 0.146396 0.937310
