epoch time fwd_time bwd_time loss acc val_loss val_acc
0 6.7180 3.5116 2.8280 0.506803 0.824265 0.487893 0.822018
1 6.5161 3.2506 2.9205 0.487920 0.824265 0.469260 0.822018
2 6.4618 3.2201 2.8988 0.488320 0.824265 0.468559 0.822018
3 6.4149 3.1752 2.8911 0.488494 0.824265 0.468522 0.822018
4 6.6072 3.3461 2.9116 0.488468 0.824265 0.468475 0.822018
5 6.4032 3.1906 2.8726 0.488405 0.824265 0.468416 0.822018
6 6.4483 3.2343 2.8693 0.488320 0.824265 0.468335 0.822018
7 6.5192 3.2677 2.9074 0.488164 0.824265 0.468183 0.822018
8 6.5667 3.2986 2.9315 0.487598 0.824265 0.467691 0.822018
9 6.4339 3.1945 2.8978 0.485441 0.824265 0.466109 0.822018
10 6.4422 3.2280 2.8760 0.446141 0.824265 0.424946 0.822018
11 6.4069 3.1806 2.8796 0.350448 0.824282 0.345028 0.823299
12 6.5303 3.2676 2.9217 0.303436 0.848558 0.313529 0.856045
13 6.6094 3.3443 2.9230 0.276749 0.872593 0.291630 0.873339
14 6.4629 3.2231 2.8991 0.242992 0.889894 0.268247 0.893034
15 6.4142 3.1654 2.8985 0.233434 0.898772 0.258182 0.896157
16 6.6135 3.3184 2.9536 0.230735 0.899848 0.254159 0.894396
17 6.4361 3.2013 2.8923 0.224022 0.902730 0.245483 0.898239
18 6.5689 3.2614 2.9533 0.214106 0.904989 0.237727 0.902962
19 6.4287 3.2263 2.8504 0.207599 0.906484 0.232336 0.905604
20 6.6247 3.3393 2.9431 0.205800 0.907551 0.230750 0.905604
21 6.5818 3.3363 2.8710 0.201114 0.909428 0.226967 0.906245
22 6.3645 3.1560 2.8607 0.196334 0.910344 0.224098 0.908167
23 6.4782 3.2659 2.8738 0.192411 0.911314 0.220190 0.909367
24 7.7619 4.0302 3.3704 0.189429 0.912097 0.216430 0.911209
25 6.7889 3.4289 2.9589 0.186820 0.912862 0.213213 0.912890
26 6.9722 3.4912 3.1186 0.184410 0.913831 0.210356 0.914412
27 6.5447 3.2682 2.9341 0.182156 0.914819 0.207742 0.916013
28 6.5911 3.3263 2.9219 0.180035 0.915593 0.205315 0.917374
29 6.4279 3.2241 2.8686 0.178023 0.916242 0.203041 0.918014
30 6.4024 3.2320 2.8322 0.176095 0.916847 0.200896 0.919215
31 6.4465 3.2184 2.8842 0.174220 0.917550 0.198855 0.919696
32 6.4298 3.2065 2.8896 0.172353 0.918395 0.196889 0.919936
33 6.6275 3.3915 2.8908 0.170408 0.919106 0.194931 0.920737
34 6.5545 3.2809 2.9249 0.168316 0.919933 0.192892 0.921297
35 6.5483 3.3165 2.8873 0.166111 0.920832 0.190779 0.922098
36 6.5180 3.2776 2.8946 0.164015 0.921837 0.188600 0.923058
37 6.5241 3.2607 2.9252 0.161259 0.923082 0.187145 0.923859
38 6.5417 3.2777 2.9178 0.158098 0.924070 0.187969 0.923379
39 6.5719 3.3143 2.9165 0.156192 0.924817 0.186119 0.924179
40 6.4721 3.1895 2.9343 0.154660 0.925715 0.183248 0.925781
41 6.5781 3.3193 2.9119 0.152746 0.926970 0.180091 0.927462
42 6.5657 3.3028 2.9140 0.150937 0.928251 0.177542 0.929544
43 6.4453 3.2007 2.9050 0.149348 0.929469 0.175227 0.930584
44 6.3692 3.2044 2.8266 0.147876 0.930110 0.173006 0.931785
45 6.6309 3.3776 2.9103 0.146480 0.930999 0.170891 0.931625
46 6.3544 3.1445 2.8560 0.145142 0.931613 0.168873 0.931946
47 6.3955 3.1771 2.8762 0.143847 0.932565 0.166945 0.932666
48 6.3447 3.1649 2.8409 0.142588 0.933143 0.165099 0.933627
49 6.5291 3.2906 2.8872 0.141360 0.933730 0.163330 0.934588
