epoch time fwd_time bwd_time loss acc val_loss val_acc
0 6.8166 3.5499 2.9117 0.580188 0.677599 0.568090 0.822018
1 6.5126 3.2794 2.8836 0.515336 0.824265 0.503677 0.822018
2 6.3811 3.1642 2.8750 0.494541 0.824265 0.479568 0.822018
3 6.5613 3.2658 2.9528 0.488625 0.824265 0.471461 0.822018
4 6.4045 3.2063 2.8426 0.487592 0.824265 0.469100 0.822018
5 6.4171 3.1855 2.8848 0.487766 0.824265 0.468529 0.822018
6 6.4658 3.2069 2.9134 0.488052 0.824265 0.468430 0.822018
7 6.6496 3.3501 2.9484 0.488229 0.824265 0.468425 0.822018
8 6.3169 3.1379 2.8347 0.488310 0.824265 0.468427 0.822018
9 6.6751 3.3758 2.9473 0.488339 0.824265 0.468423 0.822018
10 6.5857 3.3034 2.9260 0.488342 0.824265 0.468415 0.822018
11 6.5100 3.2743 2.8853 0.488335 0.824265 0.468404 0.822018
12 6.5698 3.3106 2.8786 0.488322 0.824265 0.468388 0.822018
13 6.5628 3.2920 2.9252 0.488301 0.824265 0.468367 0.822018
14 6.5541 3.2550 2.9468 0.488269 0.824265 0.468335 0.822018
15 6.4577 3.2693 2.8445 0.488214 0.824265 0.468283 0.822018
16 6.4023 3.2101 2.8478 0.488076 0.824265 0.468165 0.822018
17 6.4624 3.1988 2.9116 0.487360 0.824265 0.467645 0.822018
18 6.4994 3.2704 2.8770 0.479449 0.824265 0.461811 0.822018
19 6.5016 3.2079 2.9476 0.395380 0.821036 0.389172 0.825060
20 6.5085 3.2583 2.9069 0.364478 0.826044 0.359407 0.822258
21 6.6070 3.3111 2.9462 0.337509 0.835081 0.318224 0.859167
22 6.6245 3.3429 2.9308 0.301851 0.874968 0.299851 0.877582
23 6.5071 3.2358 2.9248 0.274886 0.888257 0.285540 0.885829
24 6.6435 3.3521 2.9363 0.261340 0.894733 0.275725 0.892714
25 6.5760 3.3055 2.9117 0.250701 0.898238 0.268410 0.896397
26 6.5769 3.3029 2.9263 0.242127 0.900853 0.261825 0.898479
27 6.5626 3.2681 2.9439 0.234687 0.902988 0.255535 0.900000
28 6.4886 3.2395 2.8974 0.227676 0.904536 0.248635 0.900881
29 6.4274 3.1930 2.8878 0.220766 0.906137 0.241986 0.903683
30 6.5620 3.2970 2.9102 0.214825 0.907774 0.237423 0.905685
31 6.3380 3.1492 2.8342 0.213743 0.909517 0.232358 0.907606
32 6.3981 3.2056 2.8383 0.205204 0.910851 0.228695 0.909047
33 6.5740 3.3113 2.9049 0.200150 0.912355 0.225287 0.910649
34 6.5578 3.2735 2.9280 0.196199 0.913244 0.222187 0.912170
35 6.3567 3.1355 2.8665 0.193287 0.914374 0.219104 0.913371
36 6.4033 3.1847 2.8692 0.191334 0.915139 0.215742 0.914892
37 6.5810 3.2805 2.9132 0.188875 0.915868 0.212602 0.915052
38 6.5987 3.3087 2.9337 0.185632 0.916669 0.210024 0.916413
39 6.3180 3.1313 2.8323 0.182427 0.917772 0.207719 0.917454
40 6.5012 3.2319 2.9186 0.179512 0.918537 0.205560 0.918014
41 6.5442 3.3055 2.8897 0.176943 0.919471 0.203517 0.918335
42 6.5702 3.2547 2.9546 0.174690 0.920396 0.201590 0.919295
43 6.4849 3.1840 2.9465 0.172694 0.920983 0.199781 0.920336
44 6.4913 3.2464 2.8884 0.170901 0.921757 0.198091 0.921137
45 6.6132 3.3093 2.9467 0.169277 0.922237 0.196515 0.921057
46 6.4801 3.2899 2.8401 0.167804 0.922842 0.195047 0.921137
47 6.6161 3.3253 2.9382 0.166473 0.923251 0.193678 0.921697
48 6.7335 3.3771 3.0032 0.165278 0.923616 0.192405 0.922498
49 6.7952 3.4049 2.9941 0.164213 0.923954 0.191225 0.922578
