epoch time fwd_time bwd_time loss acc val_loss val_acc
0 6.7591 3.4910 2.9025 0.510948 0.629111 0.470090 0.822018
1 6.4493 3.1949 2.8925 0.488316 0.824265 0.468450 0.822018
2 6.5718 3.2709 2.9381 0.488237 0.824265 0.468431 0.822018
3 6.6883 3.3914 2.9303 0.488163 0.824265 0.468410 0.822018
4 6.3842 3.1562 2.8584 0.487912 0.824265 0.468238 0.822018
5 6.5691 3.2702 2.9342 0.478749 0.824265 0.459641 0.822018
6 6.6045 3.2975 2.9508 0.370366 0.824265 0.360281 0.822018
7 6.4239 3.1555 2.9007 0.308310 0.824878 0.309398 0.829223
8 6.5353 3.2424 2.9278 0.263527 0.878046 0.258507 0.886869
9 6.4151 3.1867 2.8756 0.232074 0.895756 0.237682 0.901201
10 6.4943 3.1880 2.9397 0.220297 0.901529 0.237776 0.895917
11 6.5935 3.2840 2.9165 0.225221 0.905941 0.225090 0.903443
12 6.4337 3.2063 2.8726 0.199048 0.908636 0.233515 0.900961
13 6.4917 3.2613 2.8703 0.214419 0.910246 0.212448 0.910809
14 6.5626 3.2691 2.9330 0.197526 0.911216 0.208228 0.911849
15 6.6194 3.3125 2.8980 0.197901 0.913653 0.205920 0.914091
16 6.5587 3.2717 2.9205 0.193533 0.915263 0.199016 0.917214
17 6.6022 3.3146 2.9239 0.179899 0.917167 0.202053 0.917374
18 6.5214 3.2390 2.9127 0.169534 0.919071 0.201392 0.917614
19 6.5705 3.2866 2.9241 0.163685 0.920129 0.195900 0.921137
20 6.4756 3.2010 2.9202 0.159884 0.921526 0.191885 0.922178
21 6.5477 3.3061 2.8746 0.155896 0.922896 0.189331 0.922658
22 6.5369 3.2502 2.9160 0.150891 0.924052 0.188013 0.923619
23 6.5522 3.2718 2.9117 0.148734 0.925137 0.183484 0.925781
24 6.4725 3.2279 2.8798 0.145613 0.926667 0.178764 0.927542
25 6.6185 3.3288 2.9263 0.141438 0.928348 0.173719 0.929464
26 6.6381 3.3376 2.9338 0.140942 0.930172 0.168944 0.931705
27 6.6127 3.3163 2.9365 0.132077 0.932832 0.161921 0.935629
28 6.5294 3.2589 2.9099 0.131447 0.934379 0.161032 0.933467
29 6.6463 3.3538 2.9238 0.126361 0.937439 0.157767 0.936749
30 6.6207 3.3313 2.9209 0.126083 0.939734 0.142176 0.944516
31 6.4898 3.2438 2.8873 0.116954 0.941149 0.140982 0.944996
32 6.5044 3.2571 2.8812 0.122650 0.944031 0.146215 0.943555
33 6.4820 3.2152 2.9052 0.117913 0.944502 0.128590 0.950761
34 6.6238 3.3264 2.9368 0.107615 0.948754 0.129225 0.946837
35 6.5330 3.2501 2.9174 0.118961 0.948318 0.127130 0.947558
36 6.4373 3.2124 2.8538 0.114708 0.950489 0.119814 0.955164
37 6.4861 3.2596 2.8623 0.110794 0.950249 0.119179 0.954764
38 6.5533 3.2565 2.9357 0.132337 0.951556 0.122682 0.950040
39 6.4317 3.1765 2.8889 0.112919 0.951876 0.114759 0.957806
40 6.5476 3.2681 2.9236 0.099134 0.953487 0.111135 0.958367
41 6.6342 3.3258 2.9345 0.115205 0.953771 0.117340 0.954363
42 6.4359 3.1769 2.8896 0.111571 0.955301 0.111552 0.958207
43 6.4812 3.2440 2.8811 0.099121 0.956164 0.107681 0.959648
44 6.5831 3.3263 2.8524 0.107759 0.956644 0.108085 0.959488
45 6.6266 3.3620 2.8982 0.097501 0.956662 0.112853 0.957006
46 6.4970 3.2396 2.8959 0.104880 0.956395 0.116344 0.954764
47 6.5770 3.3084 2.9073 0.105729 0.957276 0.109089 0.957966
48 6.6067 3.3819 2.8641 0.093745 0.958272 0.104752 0.959648
49 6.5266 3.2769 2.8830 0.100415 0.958361 0.105221 0.959568
