epoch time fwd_time bwd_time loss acc val_loss val_acc
0 6.7582 3.4964 2.9045 0.507853 0.608741 0.479416 0.822018
1 6.3821 3.1673 2.8696 0.487437 0.824265 0.467828 0.822018
2 6.4009 3.2050 2.8407 0.469716 0.824265 0.452506 0.822018
3 6.5218 3.2588 2.9106 0.416827 0.824265 0.403098 0.822018
4 6.4786 3.2333 2.9056 0.332398 0.824772 0.335238 0.830504
5 6.4695 3.2193 2.9009 0.322344 0.871161 0.324258 0.865653
6 6.3984 3.1580 2.8832 0.218489 0.889085 0.246647 0.895677
7 6.4999 3.2586 2.8857 0.232241 0.902739 0.252297 0.891113
8 6.3716 3.1715 2.8500 0.225778 0.907774 0.232561 0.901201
9 6.5289 3.2414 2.9342 0.217695 0.910967 0.223822 0.903763
10 6.6567 3.3615 2.9304 0.172577 0.914507 0.209479 0.912010
11 6.4433 3.2184 2.8792 0.193079 0.916393 0.215953 0.909047
12 6.5082 3.2159 2.9382 0.177005 0.919791 0.200942 0.917854
13 6.5338 3.2260 2.9619 0.156696 0.922033 0.197502 0.916894
14 6.5247 3.2580 2.9198 0.156082 0.921695 0.188585 0.922098
15 6.5670 3.2680 2.9435 0.178893 0.924025 0.185251 0.923459
16 6.5146 3.2430 2.8834 0.139257 0.928019 0.187835 0.921377
17 6.5223 3.2540 2.9126 0.138889 0.926632 0.172126 0.927862
18 6.4088 3.1506 2.9121 0.139380 0.930679 0.187345 0.921297
19 6.4821 3.2111 2.9224 0.155136 0.928597 0.168735 0.929063
20 6.6713 3.3332 2.9848 0.130418 0.931257 0.178965 0.924660
21 6.4820 3.2089 2.9218 0.146685 0.931622 0.164862 0.931865
22 6.4121 3.1673 2.9015 0.148965 0.933792 0.177187 0.926661
23 6.4409 3.1946 2.9016 0.150455 0.933054 0.161156 0.933147
24 6.6617 3.3541 2.9566 0.155588 0.934433 0.155421 0.934027
25 6.4861 3.2459 2.8846 0.130667 0.935643 0.163946 0.931305
26 6.5865 3.2905 2.9412 0.131632 0.937697 0.157701 0.933066
27 6.3681 3.1628 2.8560 0.140025 0.938587 0.152516 0.935709
28 6.5436 3.2839 2.9080 0.138516 0.938809 0.150922 0.935548
29 6.4864 3.2158 2.9133 0.148719 0.939094 0.143968 0.939712
30 6.5624 3.2863 2.9285 0.131462 0.938800 0.138674 0.942674
31 6.4897 3.2578 2.8900 0.127478 0.941158 0.139969 0.941153
32 6.5939 3.3139 2.9379 0.119338 0.941656 0.139750 0.939872
33 6.6117 3.3033 2.9438 0.121376 0.941878 0.138047 0.940512
34 6.5378 3.2506 2.9318 0.131875 0.945570 0.130510 0.944676
35 6.4602 3.2419 2.8583 0.117315 0.945445 0.131827 0.943235
36 6.4658 3.2196 2.8993 0.117846 0.947100 0.124145 0.947478
37 6.4349 3.1905 2.8906 0.108964 0.948487 0.123753 0.947958
38 6.5238 3.2705 2.9019 0.109003 0.949626 0.120448 0.948359
39 6.4561 3.2265 2.8813 0.097527 0.949261 0.121356 0.947558
40 6.8012 3.4461 2.9947 0.098470 0.950845 0.118155 0.949960
41 6.4588 3.2056 2.9061 0.095333 0.952882 0.112354 0.954924
42 6.7035 3.3938 2.9521 0.087041 0.954429 0.107915 0.954604
43 6.5882 3.2839 2.9457 0.086475 0.955017 0.107569 0.955324
44 6.7769 3.3725 3.0509 0.084530 0.956369 0.108087 0.955164
45 6.4807 3.2177 2.8756 0.082326 0.957365 0.106669 0.954844
46 6.6368 3.3582 2.9285 0.080984 0.957712 0.104962 0.955004
47 6.5022 3.2359 2.9091 0.082611 0.958254 0.102032 0.956365
48 6.5029 3.2683 2.8868 0.084936 0.958744 0.098303 0.958927
49 6.4535 3.2299 2.8784 0.084403 0.959286 0.099764 0.957886
