epoch time fwd_time bwd_time loss acc val_loss val_acc
0 6.8096 3.5274 2.9217 0.495820 0.666177 0.470645 0.822018
1 6.5137 3.2275 2.9286 0.488327 0.824265 0.468436 0.822018
2 6.5475 3.2746 2.9181 0.488336 0.824265 0.468435 0.822018
3 6.4789 3.2700 2.8477 0.488296 0.824265 0.468428 0.822018
4 6.3807 3.1653 2.8528 0.488251 0.824265 0.468419 0.822018
5 6.6411 3.3787 2.8969 0.488193 0.824265 0.468397 0.822018
6 6.4292 3.2193 2.8489 0.486318 0.824265 0.456742 0.822018
7 6.5394 3.2613 2.9144 0.438565 0.824265 0.451862 0.822018
8 6.6079 3.3120 2.9310 0.342778 0.829104 0.337620 0.849480
9 6.5075 3.2037 2.9242 0.236045 0.877796 0.288470 0.861649
10 6.5387 3.2401 2.9295 0.244304 0.896156 0.250003 0.892874
11 6.5467 3.2703 2.9164 0.213797 0.899741 0.235817 0.898799
12 6.4890 3.2733 2.8518 0.207007 0.903112 0.230254 0.901281
13 6.4026 3.1791 2.8553 0.202768 0.904740 0.225778 0.903203
14 6.5060 3.2380 2.9089 0.199595 0.906315 0.221731 0.905284
15 6.6647 3.3686 2.9314 0.196857 0.907756 0.218038 0.908006
16 6.5660 3.2814 2.9225 0.196240 0.909579 0.214261 0.909848
17 6.5575 3.2920 2.9053 0.200326 0.911261 0.209790 0.912330
18 6.5593 3.2544 2.9386 0.196513 0.913324 0.216546 0.904484
19 6.4717 3.2217 2.8837 0.176419 0.914712 0.226830 0.897198
20 6.5069 3.2614 2.8929 0.170949 0.916767 0.223039 0.900000
21 6.6279 3.3311 2.9272 0.166209 0.918484 0.214605 0.904083
22 6.5341 3.2465 2.9282 0.162224 0.920334 0.211164 0.905925
23 6.4306 3.1970 2.8655 0.158856 0.922309 0.200036 0.912170
24 6.5935 3.2918 2.9367 0.155587 0.924016 0.185683 0.919135
25 6.6105 3.3080 2.9340 0.152645 0.925404 0.181514 0.922178
26 6.5871 3.3140 2.9053 0.148984 0.926587 0.185223 0.921057
27 6.5146 3.2908 2.8614 0.150293 0.926827 0.202046 0.913771
28 6.6316 3.3321 2.9001 0.143414 0.930804 0.166629 0.930104
29 6.6940 3.3999 2.9255 0.171190 0.929656 0.167037 0.930424
30 6.5071 3.2147 2.9302 0.132561 0.933196 0.191675 0.922418
31 6.5858 3.3142 2.8976 0.127143 0.934611 0.228153 0.910969
32 6.5013 3.2414 2.8564 0.136167 0.933232 0.148888 0.937230
33 6.5600 3.2947 2.9083 0.130754 0.939174 0.142724 0.940753
34 6.6401 3.3466 2.9263 0.122055 0.938578 0.149596 0.939632
35 6.5244 3.2534 2.9089 0.123944 0.942803 0.140920 0.942354
36 6.5340 3.2871 2.8877 0.115425 0.942252 0.130453 0.946037
37 6.4466 3.1910 2.8995 0.115645 0.945507 0.132067 0.946117
38 6.5181 3.2593 2.9017 0.104739 0.948665 0.122037 0.948038
39 6.6337 3.3359 2.9340 0.106569 0.949893 0.132523 0.948599
40 6.6766 3.3949 2.9105 0.102602 0.950551 0.115639 0.951161
41 6.3806 3.1720 2.8474 0.102657 0.953371 0.118799 0.952522
42 6.6422 3.3460 2.9252 0.103490 0.955043 0.107971 0.954043
43 6.5292 3.2307 2.9327 0.101133 0.955194 0.117121 0.952842
44 6.3911 3.1765 2.8587 0.101454 0.956235 0.105956 0.954684
45 6.6128 3.3356 2.9137 0.097537 0.957045 0.111676 0.953643
46 6.5138 3.2125 2.9284 0.097890 0.957792 0.106083 0.955725
47 6.5598 3.3136 2.8842 0.096252 0.958112 0.105657 0.955965
48 6.4528 3.2400 2.8512 0.094589 0.958415 0.106858 0.955645
49 6.4204 3.1789 2.8759 0.098076 0.957961 0.107031 0.955965
