epoch time fwd_time bwd_time loss acc val_loss val_acc
0 6.6887 3.4295 2.8924 0.492765 0.743300 0.468346 0.822018
1 6.4235 3.1722 2.8915 0.453469 0.824265 0.434358 0.822018
2 6.5992 3.3245 2.9074 0.362138 0.824265 0.345330 0.822018
3 6.4094 3.1726 2.8706 0.310124 0.824265 0.310569 0.822018
4 6.4406 3.2126 2.8632 0.286412 0.855416 0.289995 0.874139
5 6.5445 3.3012 2.8813 0.242913 0.893701 0.242944 0.899440
6 6.5528 3.2719 2.9135 0.257724 0.898514 0.231179 0.904484
7 6.5765 3.2814 2.9324 0.211186 0.908610 0.214659 0.912410
8 6.5681 3.2481 2.9539 0.193067 0.910869 0.203119 0.919295
9 6.6031 3.3247 2.9157 0.196728 0.915913 0.190725 0.924740
10 6.5709 3.2773 2.9182 0.169799 0.919684 0.182370 0.928343
11 6.5271 3.2189 2.9467 0.158754 0.919853 0.179227 0.929143
12 6.5562 3.2401 2.9558 0.149565 0.925422 0.163971 0.933627
13 6.5308 3.2517 2.9083 0.177790 0.924363 0.175384 0.925861
14 6.5016 3.2191 2.9156 0.139112 0.931150 0.159037 0.932346
15 6.5808 3.2847 2.9028 0.135627 0.933268 0.167767 0.928903
16 6.5257 3.2546 2.8979 0.131891 0.933161 0.150721 0.938191
17 6.4418 3.2025 2.8729 0.133564 0.938258 0.144548 0.939311
18 6.6313 3.3258 2.9381 0.130278 0.935856 0.139844 0.940673
19 6.6436 3.3229 2.9194 0.120248 0.938498 0.146408 0.939632
20 6.4707 3.2139 2.8889 0.121476 0.937377 0.140068 0.941393
21 6.4996 3.1939 2.9419 0.122687 0.942759 0.132360 0.943955
22 6.4403 3.1997 2.8857 0.123127 0.943150 0.137623 0.942594
23 6.6183 3.2966 2.9144 0.123392 0.940019 0.129698 0.945717
24 6.5987 3.3374 2.8993 0.119593 0.944262 0.131148 0.944836
25 6.5674 3.2565 2.9427 0.148389 0.942101 0.130599 0.946277
26 6.5296 3.2341 2.9338 0.117948 0.942519 0.141560 0.942034
27 6.5324 3.2744 2.9027 0.122360 0.943542 0.139461 0.942194
28 6.5005 3.2005 2.9305 0.118166 0.943639 0.138736 0.942354
29 6.6558 3.3580 2.9343 0.118275 0.943977 0.136868 0.943155
30 6.6829 3.3767 2.9389 0.120911 0.944467 0.133967 0.943475
31 6.5670 3.2557 2.9485 0.126065 0.944867 0.129184 0.946517
32 6.4660 3.2242 2.8856 0.131367 0.945401 0.126188 0.948199
33 6.6175 3.3275 2.9245 0.125191 0.945650 0.140459 0.939311
34 6.5816 3.2796 2.9364 0.118080 0.946762 0.124541 0.948118
35 6.4277 3.2174 2.8441 0.135197 0.946095 0.126090 0.948038
36 6.6042 3.3136 2.9186 0.112618 0.945739 0.148551 0.934988
37 6.6997 3.3908 2.9399 0.115206 0.946370 0.123487 0.948919
38 6.4722 3.1982 2.9133 0.127216 0.946308 0.133798 0.941473
39 6.5992 3.3018 2.9276 0.118804 0.947198 0.123754 0.948279
40 6.5362 3.2603 2.9221 0.125860 0.946833 0.133080 0.942034
41 6.4842 3.1907 2.9301 0.116060 0.947082 0.122908 0.948839
42 6.4716 3.2485 2.8586 0.117570 0.946886 0.139770 0.939712
43 6.6028 3.2755 2.9553 0.114569 0.945570 0.124307 0.946918
44 6.6858 3.3449 2.9259 0.111997 0.947091 0.142366 0.938671
45 6.5829 3.2586 2.9523 0.110011 0.945623 0.123693 0.947718
46 6.5107 3.2344 2.9103 0.107369 0.947562 0.141469 0.939071
47 6.5730 3.2691 2.9309 0.118872 0.948096 0.126562 0.946437
48 6.8068 3.4178 3.0215 0.109580 0.947722 0.138166 0.940272
49 6.4725 3.2019 2.9062 0.110674 0.947589 0.136159 0.941954
