epoch time fwd_time bwd_time loss acc val_loss val_acc
0 6.7799 3.5029 2.9156 0.488851 0.730152 0.468465 0.822018
1 6.6249 3.3251 2.9340 0.488092 0.824265 0.468424 0.822018
2 6.6491 3.3552 2.9347 0.488004 0.824265 0.468415 0.822018
3 6.6540 3.3251 2.9579 0.487694 0.824265 0.468168 0.822018
4 6.5258 3.2076 2.9458 0.461889 0.824265 0.443012 0.822018
5 6.5320 3.2459 2.9183 0.340919 0.824354 0.342292 0.834748
6 6.6027 3.4033 2.8356 0.268526 0.850016 0.275871 0.885829
7 6.6339 3.3303 2.9332 0.216552 0.898629 0.226216 0.907366
8 6.6294 3.3083 2.9522 0.182456 0.905826 0.212832 0.910889
9 6.4906 3.1949 2.9332 0.182306 0.915121 0.214662 0.909448
10 6.5793 3.2675 2.9401 0.172846 0.917238 0.208231 0.912650
11 6.4940 3.2907 2.8366 0.164975 0.919587 0.203007 0.914892
12 6.5744 3.2807 2.9248 0.159564 0.921499 0.195171 0.919055
13 6.5390 3.3115 2.8593 0.160461 0.924114 0.191098 0.921537
14 6.6010 3.3096 2.9260 0.148071 0.926614 0.197293 0.917694
15 6.4175 3.1862 2.8634 0.142754 0.930199 0.174998 0.928663
16 6.4556 3.2127 2.8823 0.138957 0.931284 0.177829 0.926821
17 6.6705 3.3901 2.9140 0.134086 0.934566 0.163310 0.931785
18 6.5853 3.3046 2.9106 0.131212 0.935287 0.160659 0.932346
19 6.6953 3.4176 2.9051 0.149713 0.935732 0.150629 0.938030
20 6.4333 3.2051 2.8614 0.129669 0.936221 0.144650 0.937630
21 6.5737 3.3167 2.8890 0.135228 0.937857 0.144576 0.937390
22 6.4317 3.2021 2.8614 0.138875 0.938596 0.139061 0.939872
23 6.6027 3.3205 2.9157 0.135200 0.939886 0.137356 0.940592
24 6.6581 3.3283 2.9598 0.137827 0.940980 0.134571 0.942514
25 6.5517 3.2414 2.9414 0.189144 0.943462 0.170615 0.927942
26 6.5257 3.2085 2.9540 0.087557 0.948656 0.111456 0.953243
27 6.5718 3.2649 2.9079 0.082086 0.952330 0.108526 0.954924
28 6.4723 3.2443 2.8474 0.139715 0.956653 0.129348 0.945476
29 6.5330 3.2516 2.9105 0.181153 0.951174 0.134712 0.943315
30 6.5734 3.2662 2.9434 0.090741 0.955017 0.109885 0.954203
31 6.5515 3.2710 2.9129 0.106736 0.958655 0.097089 0.959488
32 6.3881 3.1768 2.8459 0.130081 0.958824 0.136923 0.940352
33 6.5453 3.2631 2.9193 0.085371 0.959944 0.105903 0.955484
34 6.4234 3.1594 2.8923 0.122678 0.961652 0.090294 0.963331
35 6.5495 3.3343 2.8538 0.082931 0.961270 0.104071 0.955564
36 6.5682 3.2705 2.9324 0.136604 0.962871 0.092204 0.962690
37 6.4844 3.2096 2.9072 0.108387 0.962088 0.089493 0.961329
38 6.5581 3.2980 2.8929 0.124795 0.962275 0.100112 0.958447
39 6.6003 3.2767 2.9528 0.128034 0.962853 0.089062 0.963891
40 6.5410 3.2737 2.9023 0.129534 0.963129 0.090220 0.963891
41 6.6053 3.3038 2.9275 0.128429 0.963654 0.088791 0.964532
42 6.5933 3.3097 2.9156 0.130295 0.963841 0.090776 0.963571
43 6.6319 3.3658 2.8921 0.131417 0.964339 0.092491 0.961970
44 6.5418 3.3078 2.8673 0.108177 0.964161 0.088378 0.964772
45 6.6172 3.3186 2.9296 0.132627 0.964597 0.096266 0.959888
46 6.4927 3.1750 2.9435 0.091815 0.964543 0.083927 0.965332
47 6.6242 3.3167 2.9212 0.093256 0.964935 0.084417 0.965332
48 6.5652 3.2613 2.9102 0.088409 0.965157 0.083471 0.965572
49 6.5775 3.3033 2.9027 0.123402 0.965228 0.092737 0.961890
