epoch time fwd_time bwd_time loss acc val_loss val_acc
0 6.7990 3.5320 2.9080 0.488541 0.824265 0.468147 0.822018
1 6.6930 3.3726 2.9531 0.403760 0.824265 0.389478 0.822018
2 6.5004 3.1947 2.9392 0.339400 0.824265 0.333596 0.822018
3 6.5909 3.3041 2.9140 0.301524 0.824265 0.293573 0.822018
4 6.4300 3.1769 2.8845 0.263546 0.877307 0.307984 0.884307
5 6.5983 3.3168 2.9155 0.246276 0.895356 0.265126 0.881105
6 6.7087 3.4187 2.9025 0.250053 0.903041 0.274146 0.874780
7 6.5487 3.2298 2.9409 0.214786 0.906742 0.235158 0.898399
8 6.4245 3.1681 2.8808 0.226009 0.910015 0.228204 0.899279
9 6.6827 3.3785 2.9263 0.263858 0.905657 0.241971 0.893515
10 6.6261 3.3034 2.8974 0.184848 0.916624 0.217593 0.905204
11 6.5330 3.2113 2.9473 0.207134 0.913609 0.203926 0.915372
12 6.5975 3.3046 2.8996 0.170267 0.925199 0.173192 0.930985
13 7.2164 3.6610 3.1578 0.170899 0.927735 0.187660 0.921057
14 7.3242 3.7681 3.1561 0.191960 0.931239 0.158874 0.937710
15 7.0198 3.5005 3.1292 0.174017 0.935972 0.169335 0.933227
16 6.7692 3.3442 3.0392 0.136071 0.934371 0.158312 0.932186
17 6.6653 3.3033 2.9738 0.143844 0.940197 0.198156 0.911689
18 6.5897 3.2866 2.9203 0.123201 0.943995 0.145675 0.937710
19 6.5898 3.2748 2.9386 0.109860 0.947642 0.156819 0.932586
20 6.6221 3.2901 2.9497 0.130228 0.946860 0.155081 0.934668
21 6.5583 3.2486 2.9324 0.103486 0.952748 0.126891 0.947078
22 6.6442 3.3193 2.9433 0.105978 0.951707 0.126696 0.946357
23 6.5509 3.2705 2.9006 0.090330 0.954776 0.130715 0.945316
24 6.6593 3.3459 2.9254 0.094888 0.955862 0.112550 0.950200
25 6.6691 3.3321 2.9499 0.105885 0.954741 0.105813 0.958207
26 6.6260 3.2677 2.9664 0.105413 0.955968 0.101850 0.960288
27 6.6017 3.2972 2.9151 0.098769 0.958183 0.097863 0.960769
28 6.6525 3.3193 2.9499 0.084296 0.958495 0.103767 0.958046
29 6.6278 3.3040 2.9300 0.100500 0.959082 0.098912 0.959728
30 6.3828 3.1520 2.8534 0.085958 0.958477 0.102620 0.959087
31 6.4194 3.1617 2.8409 0.082484 0.960016 0.104171 0.958046
32 6.4827 3.2272 2.8626 0.086250 0.960042 0.099368 0.960208
33 6.5481 3.2407 2.9287 0.088248 0.960629 0.097116 0.960769
34 6.6006 3.2638 2.9448 0.080065 0.960345 0.096872 0.960208
35 6.5922 3.2509 2.9569 0.084473 0.960878 0.097789 0.960849
36 6.5627 3.2644 2.9138 0.086165 0.961128 0.097479 0.959888
37 6.5421 3.2307 2.9299 0.084281 0.960941 0.097627 0.959408
38 6.6588 3.3361 2.9291 0.082344 0.960772 0.099510 0.957886
39 6.4892 3.2342 2.8792 0.081892 0.960870 0.099238 0.956926
40 6.4553 3.2216 2.8596 0.079747 0.961092 0.100500 0.956445
41 6.6696 3.3411 2.9420 0.080132 0.961483 0.098658 0.957246
42 6.6735 3.3706 2.9182 0.082815 0.961848 0.092881 0.962610
43 6.5789 3.2504 2.9468 0.080674 0.962204 0.090826 0.963090
44 6.4791 3.1806 2.9155 0.078450 0.962346 0.091031 0.962290
45 6.7400 3.4135 2.9368 0.074368 0.962595 0.092189 0.962050
46 6.4770 3.2068 2.8948 0.078749 0.962151 0.096652 0.958447
47 6.6543 3.3415 2.9290 0.078078 0.961884 0.094994 0.959488
48 6.6461 3.3297 2.9269 0.078428 0.963209 0.089794 0.963731
49 6.5565 3.2712 2.9072 0.072843 0.963147 0.092165 0.962530
