epoch time fwd_time bwd_time loss acc val_loss val_acc
0 6.7893 3.4861 2.9095 0.492457 0.821578 0.468460 0.822018
1 6.7317 3.3873 2.9545 0.488158 0.824265 0.468384 0.822018
2 6.6033 3.2980 2.9255 0.445203 0.824265 0.400248 0.822018
3 6.7387 3.3393 3.0063 0.549288 0.826933 0.470259 0.822018
4 6.5597 3.2202 2.9464 0.287109 0.841940 0.290142 0.858527
5 6.6298 3.2969 2.9572 0.222690 0.880874 0.242331 0.893034
6 6.5767 3.2579 2.9267 0.228441 0.897348 0.269076 0.881425
7 6.5514 3.2289 2.9348 0.200378 0.902961 0.223319 0.908727
8 6.5753 3.2622 2.9267 0.190472 0.907053 0.212674 0.910889
9 6.6081 3.3067 2.9254 0.180481 0.909722 0.204642 0.915773
10 6.5040 3.2584 2.8286 0.171979 0.912710 0.196914 0.918975
11 6.5486 3.2797 2.8746 0.165593 0.916064 0.192044 0.921137
12 6.4951 3.2546 2.8650 0.165613 0.919818 0.187651 0.922738
13 6.5492 3.2485 2.9229 0.164541 0.921303 0.183157 0.924500
14 6.6373 3.3615 2.9047 0.157904 0.923011 0.179467 0.925300
15 6.4520 3.1784 2.8890 0.153247 0.924257 0.175825 0.926661
16 6.6500 3.3278 2.9429 0.150057 0.925618 0.175109 0.929624
17 6.4519 3.1742 2.8887 0.144642 0.931969 0.177099 0.930745
18 6.5907 3.2738 2.8972 0.146334 0.936025 0.151451 0.936990
19 6.4761 3.2557 2.8308 0.131027 0.942848 0.132525 0.945637
20 6.6001 3.3071 2.9032 0.097732 0.946344 0.137987 0.942834
21 6.5226 3.2605 2.8789 0.086069 0.953068 0.104439 0.957246
22 6.7056 3.3920 2.9295 0.631421 0.888293 0.578284 0.822018
23 6.6261 3.3220 2.9236 0.487935 0.824265 0.468374 0.822018
24 6.4956 3.2107 2.8897 0.487827 0.824265 0.468300 0.822018
25 6.7110 3.3695 2.9537 0.486306 0.824265 0.467356 0.822018
26 6.7081 3.3707 2.9641 0.477084 0.824265 0.461231 0.822018
27 6.5104 3.2131 2.9157 0.455614 0.824265 0.440106 0.822018
28 6.4523 3.1663 2.9009 0.389916 0.824327 0.377258 0.823459
29 6.5916 3.2758 2.9422 0.326774 0.829157 0.317788 0.833787
30 6.4915 3.2223 2.8877 0.229259 0.868207 0.238571 0.904003
31 6.5807 3.2745 2.9286 0.181816 0.918492 0.191889 0.926261
32 6.5001 3.1868 2.9308 0.156288 0.924942 0.175626 0.931145
33 6.5188 3.2035 2.9268 0.159404 0.928215 0.205700 0.915212
34 6.4987 3.2655 2.8535 0.167920 0.930635 0.171458 0.934428
35 6.6352 3.3329 2.9058 0.132433 0.936158 0.157467 0.934508
36 6.4862 3.2083 2.8914 0.136730 0.935660 0.154199 0.934908
37 6.6325 3.3235 2.9204 0.125025 0.934895 0.179241 0.928102
38 6.6419 3.3532 2.9013 0.121574 0.937377 0.173080 0.929944
39 6.6008 3.2804 2.9090 0.161887 0.937564 0.148663 0.941233
40 6.5510 3.2521 2.9095 0.134570 0.937733 0.151602 0.936269
41 6.4817 3.1976 2.9039 0.134247 0.939903 0.139143 0.942754
42 6.6083 3.3122 2.9217 0.120967 0.944120 0.130794 0.950921
43 6.7162 3.4085 2.9201 0.103166 0.953478 0.114796 0.955645
44 6.5191 3.2977 2.8274 0.089733 0.956271 0.101974 0.958927
45 6.6403 3.3071 2.9430 0.075969 0.960398 0.096301 0.963010
46 6.5929 3.2788 2.9163 0.073529 0.961626 0.096740 0.962130
47 6.4783 3.2128 2.8827 0.072789 0.962151 0.098039 0.960689
48 6.9035 3.4453 3.0662 0.070133 0.963280 0.090240 0.964692
49 6.6621 3.3177 2.9520 0.070949 0.963262 0.096052 0.961409
