epoch time fwd_time bwd_time loss acc val_loss val_acc
0 6.8856 3.6020 2.9140 0.499488 0.824265 0.468476 0.822018
1 6.3924 3.1775 2.8585 0.487858 0.824265 0.468108 0.822018
2 6.4610 3.1845 2.8767 0.346200 0.824265 0.348768 0.822018
3 6.5648 3.3203 2.8825 0.311539 0.833044 0.311258 0.836669
4 6.4355 3.1819 2.8842 0.268331 0.859561 0.272816 0.876141
5 6.3203 3.1242 2.8319 0.236422 0.885980 0.246204 0.895116
6 6.5591 3.3033 2.8886 0.226882 0.902561 0.225939 0.906165
7 6.4530 3.2029 2.8909 0.229223 0.910264 0.213683 0.911529
8 6.5462 3.2623 2.9124 0.222804 0.913814 0.205569 0.913851
9 6.6071 3.2980 2.9430 0.216089 0.916669 0.199311 0.916653
10 6.6611 3.3683 2.9296 0.203487 0.919462 0.188524 0.921697
11 6.4890 3.1844 2.9408 0.172627 0.922727 0.176689 0.926661
12 6.4702 3.2272 2.8833 0.148988 0.929398 0.157733 0.933947
13 6.6884 3.3708 2.9466 0.137686 0.936176 0.141684 0.940272
14 6.5558 3.3021 2.8903 0.127287 0.945116 0.132862 0.943315
15 6.5745 3.2901 2.9137 0.112838 0.950925 0.123986 0.949079
16 6.5703 3.2718 2.9251 0.129480 0.954705 0.105997 0.955324
17 6.5946 3.2872 2.9405 0.092515 0.955897 0.104467 0.956045
18 6.5489 3.2695 2.9091 0.103406 0.958592 0.101470 0.958207
19 6.3871 3.1819 2.8478 0.092041 0.959829 0.096625 0.960208
20 6.5705 3.2642 2.9406 0.087134 0.961154 0.092440 0.961089
21 6.4428 3.2364 2.8411 0.083654 0.961839 0.091158 0.961649
22 6.6303 3.3356 2.9266 0.094578 0.962320 0.102212 0.957566
23 6.4582 3.2088 2.8796 0.082439 0.961741 0.090520 0.962450
24 6.5327 3.2221 2.9459 0.095775 0.963503 0.088634 0.964211
25 6.5736 3.2725 2.9324 0.080120 0.963867 0.089219 0.962370
26 6.5181 3.2544 2.8993 0.079130 0.964188 0.087148 0.964051
27 6.6556 3.3041 2.9192 0.081028 0.964179 0.088663 0.961809
28 6.4596 3.1771 2.9121 0.091749 0.964259 0.085745 0.964852
29 6.5277 3.2701 2.8881 0.090286 0.964552 0.085603 0.964772
30 6.6071 3.3047 2.9439 0.089652 0.964828 0.085356 0.965252
31 6.5755 3.2555 2.9557 0.092729 0.964970 0.086016 0.965012
32 6.6711 3.3733 2.9161 0.085557 0.965362 0.083960 0.965172
33 6.6153 3.3064 2.9508 0.076671 0.965041 0.085570 0.963811
34 6.5657 3.2746 2.9172 0.075990 0.965282 0.084897 0.963891
35 6.5538 3.2337 2.9184 0.075737 0.965513 0.083963 0.964692
36 6.5505 3.2564 2.9188 0.075555 0.965655 0.083606 0.965492
37 6.5672 3.2467 2.9389 0.074996 0.965744 0.083599 0.965332
38 6.7064 3.3916 2.9453 0.074869 0.966047 0.083313 0.965252
39 6.5610 3.2576 2.9252 0.074458 0.966020 0.083463 0.965252
40 6.5443 3.2813 2.8948 0.074298 0.966216 0.083225 0.965653
41 6.5474 3.2794 2.9026 0.074151 0.966242 0.083347 0.965492
42 6.6487 3.3551 2.9161 0.073971 0.966394 0.083228 0.965492
43 6.5380 3.2781 2.8899 0.073933 0.966349 0.083194 0.965412
44 6.5003 3.2101 2.9314 0.073824 0.966465 0.083122 0.965572
45 6.5141 3.2718 2.8734 0.073705 0.966438 0.082975 0.965252
46 6.6484 3.3533 2.9202 0.073561 0.966500 0.082840 0.965012
47 6.6033 3.2731 2.9588 0.073361 0.966563 0.082648 0.965572
48 6.4707 3.2414 2.8597 0.073300 0.966483 0.082519 0.965893
49 6.4901 3.2121 2.9005 0.074790 0.966242 0.082360 0.966133
