epoch time fwd_time bwd_time loss acc val_loss val_acc
0 7.0007 3.6622 2.9387 0.488949 0.812523 0.468536 0.822018
1 6.6588 3.3553 2.9163 0.487930 0.824265 0.468174 0.822018
2 6.5724 3.2580 2.9306 0.353311 0.824265 0.355686 0.822018
3 6.5737 3.2526 2.9393 0.343051 0.824265 0.327923 0.822018
4 6.4314 3.1753 2.8806 0.310774 0.824265 0.306578 0.822018
5 6.8047 3.4253 2.9871 0.277478 0.857658 0.282323 0.869976
6 6.5256 3.2301 2.9150 0.288682 0.883676 0.261788 0.887670
7 6.9165 3.4625 3.0553 0.265773 0.897740 0.251376 0.892874
8 6.5028 3.2294 2.8917 0.262027 0.902872 0.239904 0.900400
9 6.6448 3.3584 2.9084 0.234827 0.905523 0.230619 0.904884
10 6.6575 3.3524 2.9171 0.227169 0.908325 0.223287 0.907526
11 6.5860 3.2904 2.9086 0.225253 0.909873 0.220239 0.908247
12 6.4251 3.1731 2.8790 0.225721 0.911661 0.216305 0.909528
13 6.5344 3.2428 2.9061 0.225951 0.913369 0.210848 0.910568
14 6.6402 3.3380 2.9154 0.227384 0.914694 0.205950 0.912890
15 6.5109 3.2010 2.9198 0.228911 0.915575 0.201077 0.917214
16 6.5683 3.2645 2.9040 0.221895 0.916829 0.199455 0.917934
17 6.6044 3.2723 2.9307 0.213287 0.918057 0.198071 0.918175
18 6.5403 3.2596 2.8939 0.205917 0.918786 0.195733 0.919135
19 6.5546 3.2372 2.9195 0.200738 0.919542 0.192726 0.920016
20 6.6536 3.3386 2.9195 0.197826 0.920227 0.189653 0.921697
21 6.6015 3.3065 2.9064 0.194069 0.921090 0.186587 0.922898
22 6.5042 3.2177 2.8704 0.191344 0.921873 0.184004 0.924420
23 6.5432 3.2484 2.9013 0.188010 0.922584 0.181378 0.924820
24 6.6621 3.3729 2.8987 0.184995 0.923412 0.178917 0.925140
25 6.5396 3.2028 2.9465 0.182394 0.924488 0.176621 0.925781
26 6.5251 3.2556 2.8843 0.179520 0.925155 0.174477 0.926821
27 6.6323 3.3264 2.9253 0.177165 0.926071 0.172481 0.928183
28 6.5472 3.2577 2.9055 0.174878 0.926721 0.170596 0.929464
29 6.5942 3.2672 2.9287 0.173566 0.927245 0.168899 0.929464
30 6.4979 3.2411 2.8748 0.171345 0.927904 0.167138 0.930424
31 6.4445 3.1861 2.8720 0.177614 0.928384 0.165353 0.931705
32 6.6611 3.3404 2.9235 0.178530 0.930421 0.158304 0.933147
33 6.6586 3.3325 2.9357 0.135939 0.932164 0.156915 0.933547
34 6.6196 3.2899 2.9355 0.133751 0.934655 0.151875 0.935228
35 6.5212 3.1964 2.9345 0.131753 0.936212 0.156780 0.935789
36 6.5377 3.2719 2.8712 0.129313 0.936897 0.167587 0.931305
37 6.3839 3.1632 2.8459 0.121849 0.937946 0.145959 0.936829
38 6.4802 3.2114 2.8919 0.128163 0.940793 0.141309 0.938591
39 6.5624 3.2641 2.9150 0.129028 0.940410 0.139841 0.939151
40 6.5388 3.2724 2.8828 0.124423 0.941211 0.139018 0.939632
41 6.6047 3.2945 2.9230 0.125575 0.941585 0.137712 0.940032
42 6.6818 3.3898 2.9078 0.128531 0.942189 0.136009 0.941233
43 6.5323 3.2270 2.9172 0.129912 0.942892 0.135255 0.942434
44 6.4675 3.1912 2.8797 0.111137 0.938080 0.137649 0.942114
45 6.6037 3.2589 2.9459 0.111487 0.943061 0.146537 0.937870
46 6.6039 3.3153 2.9091 0.109448 0.942065 0.136907 0.942114
47 6.6159 3.2730 2.9146 0.109745 0.942492 0.139553 0.940753
48 6.5441 3.2374 2.9136 0.130669 0.941843 0.139492 0.941313
49 6.5909 3.2789 2.9283 0.147759 0.941416 0.131403 0.945156
