epoch time fwd_time bwd_time loss acc val_loss val_acc
0 6.8362 3.5092 2.9453 0.487825 0.824265 0.468369 0.822018
1 6.6744 3.3517 2.9187 0.358691 0.824265 0.350249 0.822018
2 6.4711 3.1781 2.9040 0.311271 0.824265 0.309200 0.822018
3 6.5551 3.2539 2.9082 0.260318 0.871908 0.303461 0.859808
4 6.6523 3.3288 2.9349 0.247059 0.901538 0.255146 0.887110
5 6.5676 3.2515 2.8915 0.218225 0.907827 0.247145 0.888871
6 6.6320 3.3365 2.8972 0.201604 0.911305 0.225423 0.902082
7 6.3821 3.1348 2.8632 0.193206 0.913582 0.206746 0.913851
8 6.6244 3.3141 2.9228 0.180241 0.918466 0.198776 0.916093
9 6.6498 3.2829 2.9413 0.178652 0.918243 0.191957 0.921297
10 6.5250 3.2289 2.9074 0.176026 0.922184 0.183140 0.927062
11 6.5645 3.2393 2.9254 0.165560 0.923563 0.202677 0.915452
12 6.6092 3.2897 2.9269 0.172889 0.926125 0.210081 0.909528
13 6.6933 3.3418 2.9469 0.161698 0.928411 0.187386 0.922498
14 6.5634 3.2387 2.9272 0.142119 0.931124 0.159480 0.934428
15 6.4174 3.1536 2.8627 0.139271 0.931346 0.151032 0.935949
16 6.5434 3.2194 2.9234 0.164124 0.931853 0.151506 0.936749
17 6.6263 3.3004 2.9411 0.140779 0.936167 0.142248 0.938110
18 6.4457 3.1626 2.8998 0.121429 0.938311 0.138912 0.939952
19 6.5718 3.2216 2.9520 0.135815 0.937573 0.137265 0.941713
20 6.6528 3.3304 2.9181 0.123091 0.939957 0.137793 0.941153
21 6.6146 3.2906 2.9305 0.116346 0.941736 0.132981 0.943555
22 6.4953 3.1894 2.9138 0.111394 0.942439 0.131404 0.944916
23 6.6648 3.3298 2.9374 0.109995 0.939005 0.130691 0.943875
24 6.5839 3.2413 2.9548 0.121500 0.941878 0.147714 0.937550
25 6.7151 3.3839 2.9493 0.114537 0.943791 0.132324 0.943395
26 6.5533 3.2331 2.9288 0.119208 0.942946 0.146787 0.937230
27 6.5131 3.2452 2.8769 0.111617 0.944040 0.133964 0.942514
28 6.4160 3.1623 2.8669 0.113675 0.943533 0.145201 0.936990
29 6.5160 3.2089 2.9184 0.110235 0.944573 0.130555 0.944516
30 6.5474 3.2409 2.9188 0.108347 0.944449 0.142713 0.938431
31 6.5631 3.2447 2.9300 0.108941 0.945312 0.129025 0.944756
32 6.7134 3.3892 2.9295 0.106511 0.945143 0.141338 0.938431
33 6.5989 3.2814 2.9258 0.107114 0.945605 0.130671 0.944996
34 6.6574 3.3064 2.9151 0.105142 0.945623 0.139904 0.938671
35 6.6528 3.3603 2.8954 0.105530 0.945917 0.132511 0.943235
36 6.6083 3.2831 2.9293 0.104185 0.946139 0.137762 0.939472
37 6.5878 3.2828 2.9245 0.104557 0.946237 0.133580 0.942514
38 6.5250 3.2205 2.9061 0.103804 0.946397 0.135923 0.940753
39 6.6300 3.2948 2.9420 0.104099 0.946424 0.133666 0.942274
40 6.5233 3.2006 2.9446 0.103692 0.946619 0.134575 0.941633
41 6.5381 3.2337 2.9189 0.103943 0.946610 0.133172 0.942834
42 6.6198 3.3308 2.8998 0.103715 0.946735 0.133509 0.942274
43 6.5420 3.2819 2.8633 0.103907 0.946735 0.132590 0.942754
44 6.5413 3.2162 2.9193 0.103793 0.946744 0.132643 0.942594
45 6.3793 3.1387 2.8538 0.103921 0.946940 0.132051 0.943155
46 6.4496 3.1952 2.8581 0.103892 0.946993 0.131930 0.942994
47 6.6728 3.3315 2.9388 0.103977 0.947055 0.131539 0.942994
48 6.6249 3.2958 2.9446 0.104003 0.947109 0.131332 0.943074
49 6.5441 3.2078 2.9438 0.104075 0.947144 0.131035 0.942994
