epoch time fwd_time bwd_time loss acc val_loss val_acc
0 6.8554 3.5330 2.9349 0.445798 0.824265 0.416098 0.822018
1 6.5882 3.2480 2.9064 0.321752 0.824265 0.322766 0.822018
2 6.5331 3.2447 2.8935 0.292611 0.839315 0.317650 0.873259
3 6.6999 3.3564 2.9434 0.237411 0.883908 0.297004 0.862610
4 6.5602 3.2633 2.9035 0.215193 0.900435 0.234897 0.907686
5 6.6085 3.3086 2.9099 0.208880 0.903922 0.220671 0.912650
6 6.6034 3.2972 2.9106 0.217836 0.907089 0.220249 0.904404
7 6.5174 3.2127 2.9085 0.214270 0.908209 0.217535 0.910408
8 6.3914 3.1741 2.8361 0.183041 0.915290 0.207673 0.913531
9 6.6847 3.3764 2.9314 0.210188 0.915299 0.215850 0.906485
10 6.5368 3.2085 2.9364 0.194944 0.907943 0.201825 0.918255
11 6.5435 3.2173 2.9238 0.165418 0.917034 0.189859 0.922098
12 6.5164 3.2698 2.8458 0.164962 0.918475 0.214427 0.907126
13 6.5571 3.2276 2.9374 0.162752 0.921588 0.177588 0.925861
14 6.6542 3.3328 2.9184 0.222154 0.910433 0.231504 0.894396
15 6.5657 3.2774 2.8942 0.163802 0.920423 0.175345 0.928743
16 6.4669 3.2337 2.8404 0.155888 0.923447 0.190657 0.918815
17 6.5620 3.3087 2.8601 0.164007 0.925422 0.168751 0.930905
18 6.6523 3.3367 2.9155 0.174747 0.927343 0.180557 0.923859
19 6.6244 3.3100 2.9219 0.153931 0.930990 0.167826 0.929704
20 6.5592 3.2322 2.9330 0.137517 0.931222 0.156111 0.935869
21 6.6704 3.3634 2.9107 0.143001 0.924310 0.170985 0.927142
22 6.5070 3.2284 2.8886 0.163022 0.927094 0.169726 0.931865
23 6.4414 3.1823 2.8707 0.145038 0.932654 0.175242 0.923379
24 6.4492 3.1768 2.8782 0.182657 0.928437 0.170980 0.931145
25 6.5444 3.2486 2.9090 0.155125 0.932547 0.154838 0.935388
26 6.6998 3.3501 2.9146 0.145542 0.937048 0.144920 0.939872
27 6.6635 3.3463 2.9250 0.143443 0.938204 0.152091 0.938511
28 6.5753 3.2554 2.9287 0.141260 0.935109 0.141424 0.940753
29 6.5028 3.1884 2.9248 0.140530 0.939272 0.152381 0.939231
30 6.5889 3.2958 2.9169 0.145232 0.935233 0.163006 0.929303
31 6.5459 3.2162 2.9281 0.145414 0.938196 0.140638 0.941393
32 6.6148 3.2930 2.9350 0.154062 0.938791 0.156930 0.933066
33 6.5798 3.2568 2.9222 0.161840 0.938542 0.139674 0.941073
34 6.6148 3.3284 2.8864 0.145800 0.939992 0.140573 0.940512
35 6.6683 3.3457 2.9313 0.129660 0.939699 0.136688 0.942594
36 6.5869 3.2834 2.9125 0.138095 0.940250 0.137388 0.942194
37 6.6194 3.2963 2.9385 0.134827 0.940437 0.135802 0.942994
38 6.5142 3.2194 2.9068 0.132905 0.940748 0.135655 0.942914
39 6.5660 3.2563 2.9135 0.132003 0.941042 0.134828 0.943074
40 6.6068 3.2657 2.9390 0.131997 0.941264 0.133806 0.943475
41 6.5106 3.1935 2.9234 0.131490 0.941567 0.132834 0.943074
42 6.6074 3.2904 2.9259 0.129182 0.942047 0.132354 0.943315
43 6.5009 3.1857 2.9268 0.127096 0.942270 0.132027 0.943875
44 6.4741 3.1869 2.8922 0.127397 0.942358 0.132048 0.944355
45 6.5162 3.2245 2.9033 0.125760 0.942572 0.131792 0.943795
46 6.6504 3.3693 2.8813 0.126461 0.942785 0.132209 0.944115
47 6.6080 3.2897 2.9217 0.124856 0.943106 0.131872 0.944275
48 6.6281 3.2824 2.9480 0.125515 0.943212 0.132662 0.943955
49 6.6194 3.2920 2.9308 0.124325 0.943328 0.132427 0.944195
