epoch time fwd_time bwd_time loss acc val_loss val_acc
0 6.9257 3.6218 2.9186 0.489354 0.824265 0.466925 0.822018
1 6.4643 3.2207 2.8642 0.337763 0.824265 0.346376 0.822018
2 6.6232 3.2927 2.9235 0.275199 0.828223 0.296283 0.876461
3 6.4683 3.1579 2.9172 0.290037 0.880367 0.260671 0.887910
4 6.4852 3.2362 2.8509 0.222354 0.894199 0.235734 0.905685
5 6.6057 3.3529 2.8428 0.241197 0.902410 0.224551 0.905284
6 6.6225 3.3251 2.9007 0.199203 0.909179 0.230827 0.898399
7 6.5504 3.2471 2.9072 0.176254 0.915584 0.193555 0.920737
8 6.6751 3.3325 2.9591 0.200533 0.916438 0.193632 0.917694
9 6.4907 3.1991 2.9062 0.152110 0.920894 0.182630 0.928503
10 6.6638 3.3261 2.9395 0.149807 0.923020 0.174461 0.930184
11 6.8143 3.4244 2.9954 0.162571 0.922611 0.194358 0.915292
12 6.5937 3.2597 2.9475 0.133828 0.929336 0.161109 0.934027
13 6.6255 3.2637 2.9420 0.134938 0.927503 0.168091 0.927862
14 6.4906 3.1646 2.9444 0.137038 0.933641 0.158216 0.934107
15 6.4980 3.2343 2.8821 0.124914 0.930679 0.149607 0.939231
16 6.5477 3.2278 2.9211 0.130146 0.936292 0.153452 0.935869
17 6.4993 3.2081 2.8734 0.118986 0.934033 0.145833 0.938991
18 6.6105 3.2503 2.9735 0.117063 0.936888 0.140680 0.941313
19 6.5137 3.1825 2.9382 0.118980 0.937591 0.143587 0.940913
20 6.4399 3.1677 2.8911 0.126903 0.935367 0.154823 0.936029
21 6.4998 3.2150 2.8995 0.126122 0.938809 0.142234 0.940753
22 6.6104 3.2672 2.9476 0.114380 0.939610 0.135858 0.943074
23 6.5870 3.2584 2.9326 0.112125 0.940882 0.138510 0.942914
24 6.5330 3.2618 2.8848 0.110597 0.941620 0.136151 0.943955
25 6.5994 3.2782 2.9377 0.108779 0.941932 0.139706 0.941553
26 6.5225 3.2684 2.8528 0.111931 0.941754 0.142751 0.940352
27 6.6171 3.2732 2.9495 0.110733 0.942599 0.131652 0.946757
28 6.7190 3.3669 2.9471 0.117930 0.941665 0.132463 0.944996
29 6.6133 3.2637 2.9567 0.115739 0.942207 0.133446 0.944516
30 6.7701 3.3883 2.9738 0.109570 0.944084 0.133001 0.945396
31 6.6861 3.3519 2.9312 0.120432 0.942225 0.131608 0.945556
32 6.6761 3.3427 2.9551 0.126744 0.943791 0.127438 0.946277
33 6.5069 3.1950 2.9054 0.112034 0.944049 0.137159 0.943875
34 6.6347 3.2998 2.9358 0.128399 0.936692 0.135695 0.944035
35 6.4836 3.1640 2.9295 0.117051 0.945694 0.129047 0.946277
36 6.6375 3.3101 2.9443 0.113710 0.945223 0.127131 0.946837
37 6.6811 3.3484 2.9354 0.121443 0.944511 0.128293 0.946357
38 6.6191 3.2648 2.9202 0.112894 0.943026 0.160368 0.932266
39 6.6228 3.2714 2.9618 0.129498 0.943586 0.126960 0.947878
40 6.4633 3.1803 2.8869 0.115259 0.945303 0.125338 0.946117
41 6.5596 3.2481 2.9281 0.124423 0.944307 0.146778 0.938431
42 6.6277 3.2323 2.9592 0.120003 0.945178 0.126552 0.947318
43 6.6194 3.2795 2.9410 0.109414 0.944146 0.151922 0.935949
44 6.5832 3.2564 2.9317 0.123966 0.944262 0.125776 0.948199
45 6.5601 3.2144 2.9537 0.112765 0.945383 0.126856 0.947318
46 6.7195 3.3787 2.9315 0.119683 0.945490 0.123295 0.947478
47 6.4126 3.1528 2.8780 0.130951 0.943755 0.126725 0.948599
48 6.6631 3.3039 2.9690 0.104475 0.941291 0.150345 0.935629
49 6.6513 3.3261 2.9289 0.117181 0.946468 0.123820 0.947158
