epoch time fwd_time bwd_time loss acc val_loss val_acc
0 6.9388 3.6367 2.9161 0.487273 0.824265 0.468435 0.822018
1 6.5533 3.2572 2.9167 0.367590 0.824265 0.359336 0.822018
2 6.4743 3.2220 2.8753 0.327222 0.824265 0.320643 0.822018
3 6.6069 3.2807 2.9281 0.301541 0.831746 0.290779 0.850520
4 6.6700 3.3543 2.9268 0.251477 0.879860 0.246668 0.895757
5 6.5286 3.2445 2.9064 0.218770 0.898763 0.225462 0.908086
6 6.5907 3.2831 2.9235 0.206725 0.906929 0.221074 0.907766
7 6.6397 3.3507 2.9036 0.184432 0.908939 0.203828 0.916413
8 6.6393 3.3164 2.9414 0.171469 0.913965 0.195312 0.921137
9 6.6607 3.3466 2.9237 0.172387 0.913582 0.204373 0.912810
10 6.5476 3.2760 2.8869 0.192842 0.916215 0.206069 0.910889
11 6.4655 3.1656 2.9125 0.161492 0.916286 0.185126 0.923058
12 6.6673 3.3617 2.9169 0.184721 0.916455 0.189143 0.921137
13 6.5321 3.2050 2.9424 0.149079 0.924337 0.168192 0.931065
14 6.5035 3.2002 2.8897 0.144915 0.923803 0.164552 0.932746
15 6.6565 3.3483 2.9279 0.143784 0.920583 0.176021 0.925861
16 6.4721 3.2008 2.8893 0.147505 0.923527 0.173625 0.929063
17 6.4665 3.2204 2.8638 0.166619 0.926427 0.180242 0.922258
18 6.5608 3.3285 2.8496 0.150708 0.924328 0.163624 0.932426
19 6.4584 3.1865 2.8976 0.153167 0.931417 0.150912 0.937870
20 6.6929 3.3737 2.9281 0.135192 0.926970 0.166404 0.929864
21 6.5876 3.2748 2.9168 0.175908 0.923545 0.194371 0.920817
22 6.5529 3.2740 2.8970 0.149312 0.927717 0.171166 0.926101
23 6.6020 3.3261 2.8933 0.138799 0.930136 0.157356 0.934828
24 6.5589 3.2620 2.9094 0.130305 0.936354 0.144587 0.939231
25 6.6517 3.3279 2.9356 0.141527 0.930964 0.149776 0.937550
26 6.6882 3.3491 2.9092 0.122661 0.936879 0.141570 0.939552
27 6.4534 3.1744 2.8845 0.132699 0.930412 0.148607 0.938591
28 6.5306 3.2022 2.9448 0.173986 0.931097 0.159230 0.932826
29 6.6446 3.3153 2.9393 0.151673 0.934121 0.148562 0.937470
30 6.6853 3.3449 2.9518 0.141939 0.935954 0.145568 0.938831
31 6.6227 3.3201 2.9155 0.134144 0.936995 0.143716 0.938591
32 6.4022 3.1431 2.8745 0.138687 0.935385 0.150156 0.934588
33 6.3940 3.1531 2.8522 0.133033 0.937591 0.141803 0.941153
34 6.6315 3.3083 2.9406 0.133055 0.937804 0.141431 0.941153
35 6.6764 3.3514 2.9287 0.130600 0.938018 0.142593 0.940753
36 6.5219 3.2697 2.8665 0.130343 0.938098 0.144592 0.940032
37 6.5501 3.2978 2.8723 0.129230 0.938169 0.146505 0.939792
38 6.5228 3.2390 2.8972 0.129237 0.938204 0.148454 0.938991
39 6.5113 3.2313 2.8989 0.130603 0.938151 0.150833 0.938351
40 6.6535 3.3792 2.8857 0.129458 0.938534 0.150525 0.938511
41 6.5801 3.2482 2.9384 0.128207 0.939005 0.147343 0.939872
42 6.5223 3.2141 2.9293 0.128929 0.939299 0.141820 0.941473
43 6.7307 3.3606 2.9343 0.129203 0.939414 0.138820 0.943155
44 6.5348 3.2276 2.9219 0.128942 0.939619 0.137124 0.943715
45 6.6578 3.3323 2.9434 0.128546 0.939743 0.136482 0.944355
46 6.5964 3.2553 2.9461 0.128141 0.939939 0.135725 0.944756
47 6.6767 3.3241 2.9533 0.127507 0.940046 0.135467 0.944195
48 6.6011 3.2556 2.9686 0.127193 0.940250 0.135417 0.944115
49 6.6663 3.3364 2.9483 0.126370 0.940268 0.135847 0.942434
