epoch time fwd_time bwd_time loss acc val_loss val_acc
0 7.5381 3.9503 3.2222 0.614886 0.495414 0.616622 0.821297
1 7.5481 3.9248 3.2464 0.512385 0.824345 0.520356 0.821297
2 7.4142 3.8452 3.2041 0.471899 0.824345 0.484076 0.821297
3 7.3905 3.8732 3.1485 0.458225 0.824345 0.472942 0.821297
4 7.4687 3.9141 3.1852 0.453867 0.824345 0.470008 0.821297
5 7.4340 3.9119 3.1557 0.452500 0.824345 0.469379 0.821297
6 7.4583 3.8701 3.2327 0.452050 0.824345 0.469280 0.821297
7 7.5212 3.9375 3.2107 0.451886 0.824345 0.469267 0.821297
8 7.6223 3.9781 3.2756 0.451817 0.824345 0.469256 0.821297
9 7.3456 3.8384 3.1387 0.451782 0.824345 0.469240 0.821297
10 7.4048 3.8490 3.1896 0.451760 0.824345 0.469221 0.821297
11 7.5602 3.9599 3.2307 0.451743 0.824345 0.469201 0.821297
12 7.4584 3.9393 3.1551 0.451728 0.824345 0.469181 0.821297
13 7.3774 3.8582 3.1559 0.451714 0.824345 0.469158 0.821297
14 7.6134 3.9571 3.2892 0.451701 0.824345 0.469132 0.821297
15 7.5479 3.9454 3.2273 0.451685 0.824345 0.469097 0.821297
16 7.6080 3.9717 3.2633 0.451663 0.824345 0.469044 0.821297
17 7.3927 3.8436 3.1338 0.451610 0.824345 0.468936 0.821297
18 7.6317 3.9665 3.2923 0.451362 0.824345 0.468563 0.821297
19 7.6467 3.9909 3.2827 0.450596 0.824345 0.467724 0.821297
20 7.5688 3.9470 3.2487 0.449789 0.824345 0.466805 0.821297
21 7.6445 3.9755 3.2591 0.448246 0.824345 0.464849 0.821297
22 7.4804 3.9048 3.2016 0.445881 0.824345 0.462031 0.821297
23 7.6689 4.0447 3.2390 0.442395 0.824345 0.457810 0.821297
24 7.4761 3.9299 3.1662 0.437133 0.824345 0.451353 0.821297
25 7.5198 3.9995 3.1472 0.429089 0.824345 0.441342 0.821297
26 7.4136 3.9012 3.1459 0.415334 0.824345 0.424345 0.821297
27 7.4713 3.9342 3.1484 0.396358 0.824345 0.400837 0.821297
28 7.5311 3.9257 3.2279 0.366270 0.824345 0.365525 0.821297
29 7.6687 3.9801 3.2670 0.356494 0.824345 0.356343 0.821297
30 7.4961 3.9203 3.2094 0.353760 0.824345 0.353146 0.821297
31 7.4569 3.9213 3.1622 0.337661 0.824345 0.341100 0.821297
32 7.7047 3.9918 3.3320 0.333448 0.824345 0.333709 0.821297
33 7.4814 3.9290 3.1717 0.320242 0.824345 0.331857 0.821297
34 7.5149 3.9657 3.1799 0.314327 0.825652 0.324668 0.827462
35 7.5735 3.9556 3.2542 0.307678 0.839129 0.318511 0.844436
36 7.4900 3.9034 3.2020 0.298540 0.853174 0.306884 0.856445
37 7.9543 4.1695 3.4031 0.289384 0.862230 0.291798 0.866133
38 7.6277 3.9978 3.2463 0.282428 0.870956 0.281698 0.873579
39 7.4819 3.9045 3.1944 0.276653 0.878570 0.273468 0.880544
40 7.4955 3.9106 3.1944 0.271622 0.883881 0.266762 0.884548
41 7.5387 3.9677 3.1897 0.266981 0.887973 0.261436 0.887350
42 7.4486 3.9048 3.1620 0.262772 0.889885 0.256951 0.888551
43 7.4572 3.8729 3.1988 0.258723 0.892198 0.253049 0.889592
44 7.4592 3.9173 3.1645 0.254506 0.894342 0.249374 0.890953
45 7.4558 3.9093 3.1543 0.250025 0.895996 0.245524 0.892954
46 7.5597 3.9588 3.1865 0.245479 0.897695 0.241333 0.895997
47 7.4968 3.9080 3.1965 0.241196 0.899786 0.236948 0.897758
48 7.4416 3.8745 3.1866 0.237462 0.901387 0.232592 0.899279
49 7.4815 3.9321 3.1661 0.234332 0.903468 0.228286 0.902082
