epoch time fwd_time bwd_time loss acc val_loss val_acc
0 7.4219 3.8430 3.1560 0.458365 0.683150 0.472879 0.821297
1 7.5091 3.9046 3.1816 0.451529 0.824345 0.469117 0.821297
2 7.6168 3.9915 3.1987 0.451310 0.824345 0.468923 0.821297
3 7.6321 3.9058 3.3067 0.450495 0.824345 0.468103 0.821297
4 7.5593 3.9253 3.2095 0.447510 0.824345 0.464085 0.821297
5 7.5424 3.9381 3.1872 0.429697 0.824345 0.443141 0.821297
6 7.5921 3.9653 3.1988 0.385180 0.824345 0.389078 0.821297
7 7.4303 3.8556 3.1489 0.363098 0.824345 0.362824 0.821297
8 7.5064 3.8931 3.1956 0.357401 0.824345 0.356533 0.821297
9 7.4515 3.8809 3.1432 0.354768 0.824345 0.352308 0.821297
10 7.5304 3.9100 3.2035 0.352483 0.824345 0.348564 0.821297
11 7.5298 3.9045 3.1712 0.349678 0.824345 0.344781 0.821297
12 7.5033 3.9240 3.1503 0.340488 0.824345 0.337841 0.821297
13 7.5033 3.9127 3.1613 0.341397 0.823411 0.336115 0.821297
14 7.4879 3.9045 3.1572 0.334910 0.824345 0.329717 0.821297
15 7.4956 3.9420 3.1327 0.330972 0.824345 0.317089 0.821297
16 7.4533 3.8831 3.1466 0.276158 0.825439 0.276426 0.835709
17 7.5386 3.9527 3.1631 0.265691 0.872815 0.258494 0.884147
18 7.4532 3.8765 3.1599 0.254255 0.900782 0.243189 0.904644
19 7.5169 3.9434 3.1613 0.254159 0.905630 0.231129 0.909448
20 7.4982 3.8955 3.1763 0.248811 0.907551 0.224559 0.910889
21 7.5457 3.9497 3.1678 0.241009 0.910238 0.220463 0.911930
22 7.5046 3.8791 3.1940 0.232508 0.912417 0.217080 0.911369
23 7.5481 3.9335 3.1974 0.224752 0.913814 0.213341 0.912330
24 7.5037 3.8488 3.2418 0.217361 0.914587 0.204760 0.916653
25 7.5826 3.9321 3.2238 0.214418 0.916162 0.198992 0.918975
26 7.6222 3.9644 3.2383 0.223005 0.916438 0.197807 0.919295
27 7.4920 3.9064 3.1525 0.218668 0.918030 0.196114 0.918815
28 7.4490 3.9005 3.1252 0.213819 0.919044 0.193949 0.919456
29 7.5692 3.9234 3.2262 0.210337 0.919907 0.192042 0.920496
30 7.5328 3.9145 3.1872 0.206868 0.920761 0.189676 0.921297
31 7.5064 3.9345 3.1490 0.203531 0.921962 0.186293 0.922098
32 7.5243 3.9378 3.1667 0.200052 0.922718 0.182876 0.923459
33 7.5339 3.9307 3.1751 0.197537 0.923696 0.180634 0.924339
34 7.5200 3.9271 3.1687 0.195614 0.924239 0.178838 0.925300
35 7.6059 3.9495 3.2380 0.194048 0.924879 0.177297 0.926421
36 7.5011 3.8990 3.1910 0.192711 0.925431 0.175939 0.927142
37 7.4854 3.9111 3.1510 0.191523 0.926089 0.174707 0.927382
38 7.4261 3.8265 3.1702 0.190474 0.926685 0.173565 0.927462
39 7.5354 3.9268 3.1821 0.189665 0.927334 0.172499 0.927862
40 7.5668 3.9329 3.1821 0.189292 0.927859 0.171563 0.928423
41 7.5064 3.9110 3.1731 0.189300 0.928482 0.170877 0.928903
42 7.5511 3.9368 3.1880 0.189125 0.929105 0.170309 0.929063
43 7.5173 3.8834 3.2070 0.188558 0.929674 0.169619 0.929624
44 7.5013 3.9022 3.1401 0.187396 0.930110 0.168461 0.929784
45 7.4997 3.8993 3.1716 0.184467 0.930732 0.165808 0.930264
46 7.5525 3.9193 3.2045 0.177721 0.931328 0.161553 0.930665
47 7.7301 3.9855 3.3200 0.176502 0.932022 0.165089 0.929624
48 7.5870 3.9878 3.1762 0.175525 0.932583 0.162402 0.930745
49 7.5830 3.9248 3.2360 0.174727 0.933143 0.161411 0.930905
