epoch time fwd_time bwd_time loss acc val_loss val_acc
0 7.5704 3.9338 3.1989 0.451063 0.824345 0.468985 0.821297
1 7.6533 3.9811 3.2465 0.441211 0.824345 0.457498 0.821297
2 7.4905 3.8977 3.1725 0.361942 0.824345 0.354335 0.821297
3 7.5496 3.9399 3.1797 0.348471 0.824345 0.343497 0.821297
4 7.5426 3.8864 3.2218 0.347707 0.824665 0.334123 0.821617
5 7.6532 3.9791 3.2474 0.312388 0.843968 0.296784 0.832586
6 7.5550 3.9114 3.2231 0.277404 0.900515 0.211097 0.904964
7 7.5619 3.9359 3.1868 0.268341 0.913315 0.189304 0.916733
8 7.5735 3.9390 3.1972 0.227462 0.918315 0.185866 0.917454
9 7.5650 3.9568 3.1801 0.233374 0.920538 0.179056 0.922898
10 7.5239 3.9098 3.1384 0.230390 0.923447 0.172709 0.925460
11 7.5393 3.9189 3.1870 0.228261 0.925395 0.168986 0.927702
12 7.5517 3.9359 3.1834 0.224999 0.927210 0.165984 0.929384
13 7.5687 3.9089 3.2214 0.220546 0.928766 0.163750 0.930504
14 7.4831 3.9285 3.1301 0.216309 0.929727 0.161786 0.931946
15 7.6150 3.9550 3.2201 0.213297 0.930368 0.159751 0.933066
16 7.6741 3.9573 3.2843 0.211085 0.931239 0.157824 0.934027
17 7.5582 3.9266 3.1879 0.209305 0.931898 0.156025 0.934828
18 7.6108 3.9364 3.1995 0.207825 0.932636 0.154334 0.935148
19 7.4694 3.8818 3.1517 0.206582 0.933276 0.152737 0.935468
20 7.4736 3.8827 3.1682 0.205533 0.933926 0.151231 0.936589
21 7.4961 3.8879 3.1557 0.204650 0.934557 0.149810 0.936749
22 7.4801 3.9254 3.1358 0.203882 0.935064 0.148455 0.936990
23 7.7517 4.0142 3.2970 0.203125 0.935402 0.147160 0.937550
24 7.5382 3.9250 3.1790 0.202251 0.935856 0.145944 0.937630
25 7.4318 3.8242 3.1671 0.201205 0.936256 0.144817 0.937710
26 7.5108 3.8952 3.1777 0.200002 0.936666 0.143776 0.937630
27 7.5368 3.9322 3.1642 0.198683 0.936941 0.142813 0.938110
28 7.6126 3.9833 3.1943 0.197287 0.937377 0.141921 0.937950
29 7.4968 3.9068 3.1432 0.195858 0.937662 0.141093 0.938511
30 7.5594 3.9503 3.1719 0.194423 0.938018 0.140328 0.939151
31 7.5198 3.8853 3.1966 0.193005 0.938302 0.139623 0.939632
32 7.5803 3.9377 3.2125 0.191621 0.938658 0.138976 0.939872
33 7.5700 3.9513 3.1854 0.190285 0.939112 0.138383 0.940272
34 7.5640 3.9422 3.1841 0.189000 0.939503 0.137841 0.940592
35 7.5099 3.9127 3.1699 0.187776 0.939752 0.137346 0.940673
36 7.5871 3.9487 3.1881 0.186612 0.940037 0.136891 0.940833
37 7.6020 3.9535 3.2110 0.185510 0.940313 0.136473 0.940913
38 7.6933 3.9975 3.2681 0.184467 0.940633 0.136086 0.940993
39 7.7083 3.9736 3.2708 0.183480 0.940855 0.135728 0.941313
40 7.7210 4.0054 3.2747 0.182542 0.941033 0.135394 0.941313
41 7.5091 3.8977 3.1773 0.181654 0.941131 0.135081 0.941313
42 7.4231 3.8390 3.1585 0.180810 0.941362 0.134787 0.941633
43 7.5828 3.9450 3.2021 0.180005 0.941487 0.134510 0.941793
44 7.5685 3.9376 3.1873 0.179233 0.941656 0.134249 0.941873
45 7.5802 3.9390 3.2015 0.178490 0.941914 0.134004 0.941954
46 7.5935 3.9698 3.1860 0.177776 0.941967 0.133772 0.942034
47 7.5459 3.9394 3.1645 0.177087 0.942047 0.133554 0.942434
48 7.5060 3.8961 3.1809 0.176421 0.942189 0.133347 0.942354
49 7.4729 3.8916 3.1518 0.175773 0.942358 0.133153 0.942514
