epoch time fwd_time bwd_time loss acc val_loss val_acc
0 7.5342 3.8827 3.1493 0.433863 0.824345 0.435928 0.821297
1 7.6030 3.9049 3.2265 0.362492 0.824362 0.361417 0.821297
2 7.5713 3.9332 3.1685 0.359458 0.824434 0.342459 0.821297
3 7.5331 3.8864 3.1601 0.318083 0.827289 0.311694 0.821697
4 7.5901 3.9172 3.2072 0.221374 0.867389 0.243943 0.886389
5 7.5868 3.9506 3.1607 0.198779 0.902819 0.283072 0.863491
6 7.6342 3.9511 3.2098 0.190937 0.914801 0.250914 0.884868
7 7.6369 3.9528 3.1984 0.187937 0.918403 0.206329 0.906005
8 7.5874 3.9567 3.1564 0.185995 0.921081 0.214459 0.902082
9 7.5474 3.9203 3.1397 0.186075 0.923838 0.202883 0.906886
10 7.7332 4.0018 3.2547 0.130419 0.929683 0.128085 0.945316
11 7.5717 3.9372 3.1592 0.157119 0.930608 0.163924 0.929384
12 7.5983 3.9392 3.1845 0.143113 0.946806 0.123943 0.948919
13 7.5982 3.9155 3.2202 0.126147 0.952232 0.100599 0.959648
14 7.6534 3.9398 3.2376 0.128753 0.952517 0.097746 0.959968
15 7.6117 3.9582 3.1716 0.105039 0.953620 0.112794 0.949800
16 7.6006 3.9571 3.1610 0.110100 0.954394 0.109917 0.952762
17 7.5178 3.8850 3.1627 0.109942 0.955203 0.104774 0.955244
18 7.5977 3.9588 3.1626 0.101575 0.956200 0.104048 0.955484
19 7.6298 3.9407 3.2197 0.100863 0.956538 0.100173 0.957326
20 7.5788 3.9125 3.1932 0.095606 0.957134 0.096916 0.958927
21 7.6255 3.9047 3.2014 0.095570 0.957125 0.096114 0.959408
22 7.5471 3.9100 3.1526 0.092332 0.957561 0.094211 0.960608
23 7.5357 3.8965 3.1513 0.089701 0.958744 0.092479 0.961649
24 7.5860 3.9322 3.1630 0.088858 0.959606 0.091510 0.961729
25 7.5494 3.9051 3.1266 0.093589 0.959687 0.091530 0.961409
26 7.5332 3.8883 3.1659 0.087307 0.959117 0.090244 0.963251
27 7.6249 3.9416 3.2053 0.093089 0.960042 0.099902 0.955645
28 7.5100 3.8910 3.1547 0.100859 0.960425 0.088877 0.962370
29 7.5822 3.9085 3.1679 0.094774 0.961519 0.089371 0.963090
30 7.5063 3.8542 3.1703 0.091697 0.959518 0.088593 0.962770
31 7.5335 3.8983 3.1624 0.078320 0.960336 0.085033 0.964852
32 7.6086 3.9383 3.1796 0.120556 0.961848 0.100578 0.957646
33 7.5790 3.9467 3.1711 0.087657 0.960389 0.090603 0.961569
34 7.4862 3.8851 3.1386 0.084807 0.960416 0.086739 0.964131
35 7.6736 3.9550 3.2400 0.075956 0.961697 0.083002 0.965653
36 7.5713 3.9149 3.1799 0.087955 0.962471 0.116825 0.945236
37 7.5626 3.9342 3.1562 0.084965 0.960469 0.115604 0.949159
38 7.6600 3.9339 3.2483 0.087875 0.961412 0.086651 0.963811
39 7.5407 3.8899 3.1678 0.099807 0.962720 0.086555 0.963010
40 7.6337 3.9650 3.1921 0.145463 0.962666 0.081925 0.966453
41 7.5085 3.8545 3.1750 0.098836 0.963271 0.105088 0.954444
42 7.5774 3.9327 3.1636 0.078589 0.961919 0.082602 0.966934
43 7.6162 3.9825 3.1574 0.109387 0.964437 0.082535 0.965973
44 7.5706 3.9331 3.1711 0.085029 0.963467 0.094406 0.959327
45 7.6406 3.9350 3.2242 0.088215 0.962480 0.114836 0.949960
46 7.4390 3.8045 3.1716 0.088542 0.961581 0.107223 0.952762
47 7.5825 3.9424 3.1698 0.118963 0.960887 0.091510 0.963491
48 7.6230 3.9853 3.1598 0.094505 0.962907 0.096065 0.959247
49 7.5695 3.9002 3.1850 0.082646 0.963191 0.111374 0.951081
