epoch time fwd_time bwd_time loss acc val_loss val_acc
0 7.4982 3.8562 3.1749 0.451575 0.802053 0.469232 0.821297
1 7.5701 3.9424 3.1650 0.448701 0.824345 0.465743 0.821297
2 7.5579 3.9143 3.1559 0.375333 0.824345 0.369054 0.821297
3 7.6975 3.9512 3.2833 0.373846 0.824345 0.363829 0.821297
4 7.5354 3.8920 3.1737 0.367540 0.824345 0.353419 0.821297
5 7.6475 3.9503 3.1945 0.358304 0.824345 0.342775 0.821297
6 7.4629 3.8613 3.1356 0.336344 0.824389 0.340887 0.821297
7 7.5805 3.9260 3.1934 0.287306 0.831158 0.294901 0.872458
8 7.5176 3.8655 3.1791 0.235835 0.889458 0.266583 0.877982
9 7.5985 3.9123 3.1865 0.232975 0.907605 0.215677 0.907766
10 7.5764 3.9413 3.1781 0.229043 0.914098 0.200484 0.913531
11 7.6005 3.9437 3.1766 0.227024 0.916607 0.196063 0.914091
12 7.5090 3.9076 3.1412 0.221814 0.919240 0.194520 0.912810
13 7.5667 3.9459 3.1560 0.214941 0.921428 0.196373 0.910408
14 7.5989 3.8986 3.2308 0.245147 0.921890 0.183155 0.925300
15 7.6985 3.9410 3.2978 0.228958 0.921010 0.194830 0.919215
16 7.5157 3.8534 3.1922 0.187559 0.924452 0.180372 0.925460
17 7.6538 3.9908 3.1880 0.208219 0.929078 0.167170 0.928022
18 7.5763 3.9051 3.2071 0.185922 0.928464 0.163492 0.932746
19 7.6831 3.9625 3.2561 0.182197 0.930296 0.160924 0.932666
20 7.6477 3.9616 3.2059 0.207155 0.933650 0.155241 0.935388
21 7.5451 3.8930 3.1765 0.193000 0.935313 0.149428 0.937310
22 7.6854 3.9398 3.2816 0.181904 0.936061 0.146646 0.939071
23 7.6061 3.9325 3.2052 0.198372 0.936123 0.145477 0.939632
24 7.6117 3.9482 3.1997 0.201402 0.936959 0.144206 0.940112
25 7.6114 3.9482 3.2127 0.205987 0.937519 0.143036 0.940192
26 7.4952 3.8974 3.1362 0.189158 0.937048 0.156382 0.934828
27 7.6286 3.9548 3.1966 0.207336 0.938507 0.140995 0.940673
28 7.6454 4.0019 3.1933 0.205283 0.939396 0.138356 0.941713
29 7.6099 3.9333 3.2109 0.200644 0.939752 0.137795 0.941393
30 7.5283 3.9151 3.1465 0.195766 0.940277 0.136935 0.941873
31 7.5952 3.8662 3.2649 0.192343 0.940224 0.136857 0.940913
32 7.5810 3.9180 3.1775 0.188549 0.940686 0.136005 0.941873
33 7.6744 4.0165 3.1666 0.179242 0.940802 0.140166 0.940913
34 7.7072 3.9432 3.2578 0.177858 0.941095 0.139160 0.940993
35 7.6363 3.9429 3.2215 0.175396 0.941611 0.137790 0.940913
36 7.7512 3.9618 3.3138 0.161803 0.941389 0.147009 0.939151
37 7.6475 3.9811 3.1985 0.173353 0.942323 0.135632 0.941313
38 7.7491 4.0514 3.2183 0.151310 0.941611 0.153488 0.936349
39 7.5952 3.9430 3.1812 0.169445 0.942688 0.134479 0.941954
40 7.5572 3.9224 3.1694 0.168439 0.942501 0.134165 0.942274
41 7.5807 3.9430 3.1868 0.163875 0.943052 0.134078 0.942754
42 7.5870 3.9275 3.1689 0.160219 0.941487 0.141083 0.941313
43 7.5015 3.9042 3.1316 0.164931 0.943817 0.133377 0.942594
44 7.7378 3.9650 3.3008 0.157713 0.942198 0.141320 0.940993
45 7.6252 3.9389 3.2260 0.160191 0.944307 0.132407 0.942834
46 7.5892 3.9504 3.1618 0.152308 0.943390 0.133109 0.942754
47 7.5431 3.9034 3.1612 0.157621 0.942163 0.134601 0.942674
48 7.5409 3.9211 3.1624 0.157178 0.943986 0.134147 0.942914
49 7.5137 3.8832 3.1606 0.153921 0.943533 0.139367 0.941073
