epoch time fwd_time bwd_time loss acc val_loss val_acc
0 5.3730 2.4781 2.5448 0.462652 0.823597 0.459208 0.828022
1 5.4394 2.5193 2.5659 0.462420 0.823597 0.458900 0.828022
2 5.3522 2.4446 2.5481 0.461878 0.823597 0.458335 0.828022
3 5.3726 2.4533 2.5398 0.407131 0.822566 0.400538 0.810168
4 5.3274 2.4251 2.5596 0.355922 0.822050 0.349709 0.828183
5 5.3753 2.4638 2.5560 0.329981 0.827218 0.346256 0.850040
6 5.4518 2.5499 2.5431 0.340461 0.843354 0.329271 0.851401
7 5.3127 2.4348 2.5308 0.332249 0.841272 0.323756 0.848279
8 5.5245 2.5409 2.6302 0.317033 0.860913 0.315657 0.868054
9 5.4185 2.5061 2.5632 0.246662 0.880536 0.235869 0.908327
10 5.4160 2.4724 2.5830 0.209249 0.909152 0.207686 0.912490
11 5.4177 2.5247 2.5441 0.195018 0.916758 0.196179 0.920737
12 5.3004 2.4212 2.5296 0.184122 0.920930 0.188392 0.922978
13 5.4991 2.4915 2.6543 0.178206 0.924292 0.182626 0.924660
14 5.4008 2.5283 2.5303 0.173934 0.925920 0.178046 0.926902
15 5.5240 2.5227 2.6487 0.171014 0.927441 0.174366 0.928022
16 5.5273 2.5845 2.5943 0.169857 0.928375 0.171394 0.928903
17 5.3489 2.4267 2.5696 0.166240 0.928108 0.171899 0.928263
18 5.4736 2.5084 2.6036 0.165537 0.928384 0.168979 0.928903
19 5.5586 2.5819 2.6220 0.165830 0.929282 0.167326 0.929063
20 5.4031 2.4680 2.5943 0.164356 0.929950 0.166652 0.929704
21 5.4648 2.4864 2.6152 0.162190 0.930572 0.166085 0.929944
22 5.4219 2.4538 2.6205 0.160013 0.931222 0.165377 0.929944
23 5.4148 2.4639 2.6033 0.158096 0.931711 0.164539 0.930024
24 5.4579 2.4830 2.5926 0.156465 0.932262 0.163646 0.930584
25 5.5118 2.5484 2.6106 0.155078 0.932760 0.162752 0.930905
26 5.5578 2.5418 2.6516 0.153887 0.933170 0.161877 0.931065
27 5.5281 2.5587 2.6153 0.152851 0.933499 0.161033 0.931305
28 5.4503 2.5264 2.5817 0.151943 0.933846 0.160230 0.931465
29 5.3745 2.4259 2.5936 0.151144 0.934015 0.159471 0.931946
30 5.5156 2.5697 2.5819 0.150441 0.934255 0.158759 0.932266
31 5.5089 2.5166 2.6299 0.149833 0.934255 0.158104 0.932426
32 5.6480 2.7140 2.5832 0.149337 0.934468 0.157516 0.932506
33 5.4227 2.4888 2.5946 0.149058 0.934735 0.157098 0.932986
34 5.5469 2.5517 2.6457 0.148544 0.934904 0.156884 0.933227
35 5.3369 2.4369 2.5544 0.149309 0.935216 0.157125 0.933387
36 5.3811 2.4683 2.5665 0.149462 0.935269 0.156749 0.932826
37 5.5402 2.5782 2.6094 0.148451 0.935305 0.155991 0.933467
38 5.4655 2.4774 2.6318 0.148228 0.935598 0.155280 0.934107
39 5.3403 2.4192 2.5664 0.148253 0.935767 0.154640 0.934908
40 5.4848 2.5198 2.6138 0.148361 0.935998 0.154062 0.935068
41 5.6122 2.6406 2.6143 0.148480 0.936221 0.153529 0.935228
42 5.4011 2.4430 2.6041 0.148591 0.936194 0.153030 0.935388
43 5.4425 2.5037 2.5844 0.148693 0.936283 0.152559 0.935468
44 5.4651 2.5138 2.5969 0.148787 0.936479 0.152113 0.935949
45 5.4531 2.4910 2.6106 0.148873 0.936621 0.151686 0.936029
46 5.5974 2.6083 2.6357 0.148958 0.936799 0.151281 0.936029
47 5.5154 2.5209 2.6391 0.149040 0.936950 0.150895 0.936349
48 5.4439 2.4680 2.6295 0.149122 0.937101 0.150529 0.936269
49 5.4701 2.4938 2.6154 0.149204 0.937226 0.150179 0.936029
