epoch time fwd_time bwd_time loss acc val_loss val_acc
0 5.3768 2.4692 2.5672 0.565780 0.823597 0.564175 0.828022
1 5.3476 2.4547 2.5632 0.497297 0.823597 0.494762 0.828022
2 5.3792 2.4320 2.6061 0.469984 0.823597 0.466989 0.828022
3 5.4197 2.4988 2.5764 0.463991 0.823597 0.460699 0.828022
4 5.4620 2.5722 2.5465 0.462820 0.823597 0.459367 0.828022
5 5.4124 2.5211 2.5467 0.462563 0.823597 0.459036 0.828022
6 5.4055 2.4987 2.5458 0.462411 0.823597 0.458843 0.828022
7 5.4887 2.5217 2.6221 0.462144 0.823597 0.458546 0.828022
8 5.4099 2.5363 2.5278 0.461607 0.823597 0.458009 0.828022
9 5.2947 2.4176 2.5355 0.460988 0.823597 0.457359 0.828022
10 5.3910 2.4971 2.5501 0.460084 0.823597 0.456361 0.828022
11 5.4689 2.5261 2.5987 0.458280 0.823597 0.454419 0.828022
12 5.5442 2.5729 2.6211 0.455260 0.823597 0.451184 0.828022
13 5.5023 2.5506 2.6044 0.450881 0.823597 0.446303 0.828022
14 5.5407 2.6067 2.5903 0.441356 0.823597 0.436347 0.828022
15 5.3698 2.4508 2.5746 0.364745 0.823268 0.370475 0.828022
16 5.4682 2.5801 2.5457 0.339186 0.825492 0.337499 0.831225
17 5.4936 2.5756 2.5315 0.316012 0.853334 0.306715 0.888551
18 5.4769 2.5482 2.5789 0.283496 0.887928 0.262810 0.898319
19 5.2989 2.3998 2.5482 0.266945 0.898727 0.243407 0.905284
20 5.4762 2.5048 2.6232 0.257236 0.904749 0.233603 0.907846
21 5.4285 2.5049 2.5463 0.249460 0.907676 0.228312 0.909528
22 5.4070 2.4736 2.5857 0.241740 0.910469 0.223760 0.910889
23 5.3849 2.4556 2.5850 0.235399 0.912541 0.219340 0.912970
24 5.4885 2.5171 2.6136 0.230467 0.913796 0.215531 0.913451
25 5.4142 2.4794 2.5924 0.226596 0.914676 0.212278 0.914331
26 5.3039 2.4146 2.5447 0.223487 0.915521 0.209487 0.914492
27 5.4895 2.5570 2.5822 0.220918 0.916162 0.207065 0.915773
28 5.4814 2.5328 2.5905 0.218731 0.916927 0.204926 0.916013
29 5.4357 2.4696 2.5713 0.216818 0.917265 0.203004 0.916813
30 5.3768 2.4500 2.5880 0.215103 0.917896 0.201250 0.917614
31 5.4158 2.4868 2.5739 0.213537 0.918590 0.199630 0.917454
32 5.4811 2.4942 2.6477 0.212084 0.918893 0.198120 0.918014
33 5.4915 2.4960 2.6428 0.210721 0.919293 0.196705 0.918735
34 5.3612 2.4260 2.5711 0.209431 0.919773 0.195374 0.918735
35 5.2825 2.4085 2.5302 0.208201 0.920147 0.194118 0.919616
36 5.3710 2.4551 2.5681 0.207023 0.920601 0.192931 0.919856
37 5.5369 2.5238 2.6458 0.205889 0.920956 0.191806 0.920096
38 5.3807 2.4657 2.5684 0.204795 0.921241 0.190739 0.920256
39 5.5707 2.5595 2.6487 0.203737 0.921508 0.189724 0.920817
40 5.4440 2.4776 2.6206 0.202711 0.921793 0.188758 0.921297
41 5.4073 2.4808 2.5855 0.201716 0.922157 0.187837 0.921377
42 5.4574 2.5167 2.6001 0.200749 0.922362 0.186957 0.921697
43 5.4739 2.4989 2.6376 0.199810 0.922540 0.186115 0.921697
44 5.4759 2.5338 2.5902 0.198896 0.922860 0.185309 0.921777
45 5.4204 2.4890 2.5826 0.198006 0.923065 0.184535 0.922098
46 5.5378 2.5541 2.5881 0.197139 0.923207 0.183791 0.922098
47 5.4379 2.4829 2.5984 0.196293 0.923509 0.183073 0.922338
48 5.4738 2.5245 2.5912 0.195469 0.923705 0.182380 0.922818
49 5.3443 2.4250 2.5686 0.194664 0.923954 0.181709 0.923139
