epoch time fwd_time bwd_time loss acc val_loss val_acc
0 5.5194 2.5007 2.6410 0.589179 0.823597 0.587703 0.828022
1 5.5070 2.5182 2.6309 0.525144 0.823597 0.522949 0.828022
2 5.4615 2.4926 2.6192 0.486064 0.823597 0.483359 0.828022
3 5.4580 2.4999 2.6085 0.470199 0.823597 0.467162 0.828022
4 5.4759 2.4919 2.5902 0.464859 0.823597 0.461572 0.828022
5 5.3795 2.4568 2.5833 0.463265 0.823597 0.459815 0.828022
6 5.4969 2.5517 2.5918 0.462793 0.823597 0.459246 0.828022
7 5.4124 2.5139 2.5579 0.462575 0.823597 0.458967 0.828022
8 5.4905 2.5156 2.6148 0.462186 0.823597 0.458526 0.828022
9 5.3961 2.4936 2.5552 0.461449 0.823597 0.457746 0.828022
10 5.4009 2.4818 2.5709 0.459959 0.823597 0.455804 0.828022
11 5.5208 2.5386 2.6242 0.423261 0.823597 0.418270 0.828022
12 5.6077 2.5779 2.6424 0.390503 0.823597 0.388609 0.828022
13 5.4858 2.5248 2.6046 0.380152 0.823597 0.377763 0.828022
14 5.3317 2.4262 2.5458 0.373864 0.823597 0.371101 0.828022
15 5.3961 2.4977 2.5548 0.369421 0.823597 0.366344 0.828022
16 5.3241 2.4220 2.5441 0.366024 0.823597 0.362644 0.828022
17 5.3567 2.4858 2.5227 0.363258 0.823597 0.359569 0.828022
18 5.2898 2.3951 2.5411 0.360865 0.823597 0.356842 0.828022
19 5.3856 2.4929 2.5403 0.358632 0.823597 0.354219 0.828022
20 5.4100 2.4749 2.5761 0.356356 0.823597 0.351426 0.828022
21 5.4957 2.5079 2.6450 0.353985 0.823633 0.348291 0.827942
22 5.4192 2.4598 2.6087 0.351445 0.824185 0.345061 0.828102
23 5.3103 2.4285 2.5285 0.348652 0.824398 0.341736 0.827782
24 5.4721 2.4837 2.6430 0.345355 0.824843 0.338030 0.828823
25 5.4181 2.4693 2.6052 0.340743 0.825750 0.333083 0.831225
26 5.5041 2.6157 2.5367 0.328757 0.832306 0.321333 0.845076
27 5.4273 2.4952 2.5928 0.301189 0.849981 0.297173 0.865252
28 5.3979 2.4493 2.6091 0.285192 0.875564 0.265495 0.886709
29 5.5811 2.6166 2.5662 0.271872 0.885589 0.254957 0.891113
30 5.4366 2.5234 2.5682 0.265091 0.891575 0.250321 0.893675
31 5.4110 2.4610 2.5923 0.257892 0.895258 0.245113 0.895917
32 5.4336 2.4775 2.5990 0.251532 0.897900 0.240404 0.898159
33 5.4844 2.5549 2.5745 0.245998 0.899679 0.236335 0.899680
34 5.4718 2.5903 2.5310 0.241156 0.901538 0.232789 0.901922
35 5.4485 2.4750 2.6277 0.236877 0.903050 0.229642 0.904003
36 5.4574 2.5453 2.5573 0.233051 0.904367 0.226802 0.905524
37 5.4210 2.4950 2.5730 0.229591 0.905576 0.224198 0.906966
38 5.3812 2.4502 2.5853 0.226430 0.906448 0.221782 0.907766
39 5.4111 2.4988 2.5620 0.223515 0.907489 0.219517 0.908167
40 5.4471 2.5036 2.5908 0.220804 0.908396 0.217377 0.908887
41 5.4496 2.4983 2.6076 0.218265 0.909410 0.215340 0.909688
42 5.3243 2.4059 2.5721 0.215871 0.910291 0.213391 0.910649
43 5.3886 2.4547 2.5826 0.213602 0.911172 0.211516 0.911529
44 5.4113 2.4699 2.5946 0.211439 0.912150 0.209705 0.912010
45 5.4013 2.4547 2.5864 0.209368 0.912817 0.207948 0.912810
46 5.4084 2.5106 2.5562 0.207375 0.913502 0.206237 0.913931
47 5.5226 2.6102 2.5484 0.205448 0.914134 0.204564 0.915132
48 5.4698 2.5558 2.5681 0.203574 0.914765 0.202920 0.916013
49 5.5096 2.6137 2.5475 0.201740 0.915343 0.201298 0.917294
