epoch time fwd_time bwd_time loss acc val_loss val_acc
0 5.3129 2.4037 2.5593 0.462563 0.797721 0.458974 0.828022
1 5.4221 2.4532 2.5807 0.457310 0.823597 0.453306 0.828022
2 5.4514 2.5149 2.5889 0.371401 0.823597 0.360759 0.828022
3 5.4439 2.4969 2.5944 0.349594 0.823589 0.337291 0.828503
4 5.4489 2.4724 2.6124 0.334517 0.827227 0.314522 0.839792
5 5.5314 2.5366 2.5977 0.242721 0.859027 0.279555 0.868135
6 5.4509 2.4915 2.6143 0.206140 0.892056 0.203700 0.909688
7 5.7341 2.7654 2.6156 0.183510 0.909704 0.227079 0.895276
8 5.3852 2.4642 2.5707 0.176622 0.916100 0.199310 0.911289
9 5.4104 2.4817 2.5769 0.170894 0.919444 0.179355 0.922578
10 5.3877 2.4975 2.5295 0.172286 0.921481 0.174745 0.924900
11 5.4866 2.5322 2.6064 0.171076 0.923545 0.173845 0.924179
12 5.4315 2.5184 2.5688 0.168539 0.925671 0.174122 0.923459
13 5.6479 2.6856 2.6195 0.164878 0.926667 0.173216 0.923779
14 5.4210 2.5258 2.5378 0.161956 0.927717 0.171816 0.924179
15 5.4664 2.4819 2.6332 0.159766 0.929060 0.170054 0.924740
16 5.4701 2.4737 2.6461 0.158153 0.929843 0.168104 0.925861
17 5.5365 2.5711 2.6198 0.156901 0.930750 0.166221 0.926821
18 5.4104 2.5492 2.5145 0.155864 0.931444 0.164543 0.927542
19 5.5576 2.5798 2.6239 0.154940 0.932013 0.163125 0.928743
20 5.4169 2.4774 2.5978 0.154072 0.932565 0.161968 0.929624
21 5.4726 2.5282 2.5815 0.153227 0.933010 0.161063 0.930344
22 5.2796 2.4155 2.5223 0.152386 0.933543 0.160377 0.930905
23 5.3944 2.4581 2.5936 0.151534 0.934104 0.159867 0.931145
24 5.4463 2.4721 2.6238 0.150670 0.934584 0.159478 0.931065
25 5.2919 2.4091 2.5402 0.149804 0.934869 0.159158 0.931225
26 5.5094 2.5489 2.6118 0.148949 0.934922 0.158860 0.931785
27 5.4556 2.5163 2.5793 0.148124 0.935180 0.158537 0.931625
28 5.3770 2.4161 2.6047 0.147343 0.935545 0.158164 0.931946
29 5.4028 2.4808 2.5685 0.146622 0.935785 0.157721 0.932506
30 5.5274 2.5376 2.5917 0.145963 0.936087 0.157202 0.932586
31 5.4000 2.4757 2.5775 0.145372 0.936176 0.156606 0.932826
32 5.4536 2.5007 2.5990 0.144847 0.936301 0.155938 0.932906
33 5.4271 2.4738 2.6047 0.144388 0.936523 0.155206 0.933066
34 5.4573 2.5480 2.5567 0.143989 0.936888 0.154421 0.932906
35 5.5373 2.6398 2.5423 0.143646 0.937048 0.153592 0.933066
36 5.4746 2.5359 2.5846 0.143356 0.937128 0.152731 0.933147
37 5.3459 2.3965 2.5979 0.143112 0.937297 0.151851 0.933787
38 5.4779 2.4918 2.6346 0.142910 0.937457 0.150966 0.934187
39 5.4491 2.4840 2.6122 0.142744 0.937564 0.150090 0.934908
40 5.4260 2.4683 2.6111 0.142610 0.937697 0.149234 0.934988
41 5.3259 2.4352 2.5397 0.142501 0.937866 0.148417 0.935949
42 5.5731 2.6145 2.6112 0.142414 0.937866 0.147640 0.936749
43 5.3441 2.4380 2.5481 0.142343 0.937920 0.146915 0.936910
44 5.4484 2.4618 2.6282 0.142286 0.938018 0.146243 0.937230
45 5.4186 2.4410 2.6208 0.142239 0.938071 0.145624 0.937390
46 5.4303 2.4821 2.5961 0.142201 0.938053 0.145057 0.937550
47 5.4133 2.4897 2.5735 0.142169 0.938089 0.144538 0.938110
48 5.4180 2.5162 2.5529 0.142144 0.938258 0.144065 0.938271
49 5.3728 2.4712 2.5502 0.142124 0.938338 0.143633 0.938431
