epoch time fwd_time bwd_time loss acc val_loss val_acc
0 5.5325 2.5434 2.6341 0.462560 0.788488 0.458999 0.828022
1 5.4529 2.4599 2.6384 0.461012 0.823597 0.456700 0.828022
2 5.4796 2.5485 2.5812 0.382158 0.823597 0.371930 0.828022
3 5.3914 2.4674 2.5809 0.369929 0.823597 0.353383 0.828022
4 5.5394 2.5957 2.5956 0.361964 0.823597 0.345210 0.828022
5 5.3603 2.4457 2.5650 0.354425 0.823597 0.338900 0.828022
6 5.6068 2.6313 2.6213 0.350710 0.823597 0.328142 0.828022
7 5.4395 2.5166 2.5773 0.296182 0.825750 0.311977 0.884307
8 5.4111 2.5124 2.5545 0.262440 0.869586 0.255897 0.912650
9 5.4467 2.4818 2.5748 0.239160 0.901645 0.228997 0.912490
10 5.3949 2.4706 2.5566 0.213879 0.907089 0.219454 0.912010
11 5.4556 2.5052 2.6018 0.205690 0.910024 0.214247 0.911529
12 5.4774 2.5053 2.6166 0.204178 0.910647 0.213950 0.908487
13 5.5609 2.5571 2.6418 0.198412 0.912337 0.209065 0.909528
14 5.6731 2.6849 2.6227 0.193812 0.915014 0.204001 0.911289
15 5.3930 2.4517 2.5924 0.189356 0.916838 0.200045 0.912330
16 5.4757 2.4896 2.6415 0.184952 0.918315 0.197589 0.912730
17 5.3678 2.4703 2.5443 0.188330 0.919435 0.184571 0.923379
18 5.5922 2.6344 2.6053 0.183143 0.919658 0.199167 0.911369
19 5.4941 2.5893 2.5479 0.185044 0.923394 0.173381 0.928343
20 5.5724 2.6107 2.6079 0.184622 0.923812 0.169865 0.929303
21 5.3989 2.5113 2.5387 0.177415 0.925947 0.181215 0.918415
22 5.4149 2.4824 2.5865 0.175258 0.927148 0.181899 0.917454
23 5.4134 2.4478 2.6074 0.174372 0.928740 0.172551 0.922258
24 5.2799 2.4192 2.5166 0.164323 0.929985 0.161724 0.930584
25 5.4957 2.5077 2.6348 0.162032 0.930955 0.162642 0.928503
26 5.3595 2.4253 2.5820 0.160248 0.931640 0.161201 0.929544
27 5.4995 2.4906 2.6520 0.158853 0.932120 0.159930 0.930104
28 5.4272 2.5206 2.5492 0.157593 0.932600 0.158624 0.930665
29 5.3184 2.4328 2.5405 0.156536 0.933152 0.157437 0.930825
30 5.4394 2.5379 2.5505 0.155640 0.933454 0.156360 0.931465
31 5.3905 2.4424 2.6013 0.154882 0.933917 0.155403 0.931865
32 5.3681 2.4469 2.5828 0.154240 0.934379 0.154556 0.932186
33 5.4183 2.4806 2.5893 0.153700 0.934842 0.153811 0.932426
34 5.4824 2.4847 2.6523 0.153256 0.935136 0.153148 0.932506
35 5.5058 2.5376 2.6105 0.152909 0.935313 0.152546 0.933227
36 5.3826 2.4513 2.5648 0.152667 0.935456 0.151979 0.933707
37 5.5132 2.5627 2.6010 0.152544 0.935874 0.151412 0.934027
38 5.5213 2.5511 2.5764 0.152549 0.936150 0.150796 0.934107
39 5.4145 2.4484 2.6018 0.152653 0.936496 0.150099 0.934508
40 5.4454 2.5203 2.5741 0.152750 0.936505 0.149351 0.934828
41 5.5038 2.5728 2.5852 0.152667 0.936603 0.148590 0.935468
42 5.4138 2.4902 2.5785 0.152354 0.936817 0.147807 0.935949
43 5.4226 2.4606 2.6132 0.151915 0.937092 0.147014 0.936349
44 5.3980 2.4219 2.6201 0.151426 0.937226 0.146199 0.936749
45 5.4107 2.5099 2.5554 0.150997 0.937475 0.145402 0.937150
46 5.4004 2.4717 2.5402 0.150633 0.937608 0.144671 0.937230
47 5.4247 2.4770 2.5895 0.150320 0.937724 0.144019 0.937710
48 5.3872 2.4121 2.6101 0.150053 0.937724 0.143452 0.938591
49 5.4630 2.5298 2.5728 0.149823 0.937875 0.142961 0.939392
