epoch time fwd_time bwd_time loss acc val_loss val_acc
0 5.3676 2.4886 2.5308 0.461507 0.823597 0.457856 0.828022
1 5.4806 2.4782 2.6438 0.510521 0.823597 0.499954 0.828022
2 5.4529 2.4786 2.6225 0.425186 0.823589 0.417991 0.828022
3 5.4172 2.4942 2.5687 0.341894 0.824202 0.356606 0.839872
4 5.3897 2.4526 2.5920 0.304579 0.861429 0.273991 0.904804
5 5.4155 2.4783 2.5875 0.255803 0.886825 0.239114 0.908487
6 5.4302 2.4768 2.6045 0.210803 0.903619 0.204562 0.918014
7 5.5601 2.5693 2.6256 0.200318 0.909384 0.204608 0.910088
8 5.5554 2.6096 2.5996 0.192905 0.912817 0.203403 0.909047
9 5.4054 2.4467 2.6108 0.188348 0.915495 0.189979 0.918495
10 5.4838 2.5157 2.6135 0.184266 0.917790 0.180661 0.926581
11 5.4323 2.4910 2.5929 0.179289 0.919898 0.176052 0.928423
12 5.5032 2.5611 2.5460 0.175186 0.921801 0.171822 0.930584
13 5.3875 2.4546 2.5801 0.171638 0.923847 0.170729 0.929143
14 5.3705 2.4576 2.5664 0.168177 0.925102 0.174979 0.926902
15 5.3055 2.4198 2.5409 0.165563 0.926374 0.174474 0.926741
16 5.3668 2.4709 2.5402 0.162894 0.927770 0.172326 0.927702
17 5.5522 2.5732 2.6150 0.160534 0.928775 0.170163 0.929143
18 5.4556 2.4841 2.6166 0.158683 0.929816 0.168942 0.929384
19 5.4596 2.4850 2.6143 0.157035 0.930448 0.167716 0.929864
20 5.4897 2.5170 2.6210 0.155729 0.931257 0.166932 0.930344
21 5.3903 2.4448 2.5953 0.155013 0.931942 0.165910 0.930504
22 5.5709 2.5761 2.6390 0.154503 0.932556 0.164410 0.931145
23 5.4588 2.4953 2.6115 0.153446 0.932956 0.162930 0.931545
24 5.4411 2.5165 2.5770 0.152568 0.933428 0.161689 0.932186
25 5.4448 2.5277 2.5724 0.151779 0.933828 0.160668 0.932746
26 5.4812 2.5676 2.5576 0.151117 0.934139 0.159892 0.933147
27 5.4909 2.5623 2.5592 0.150576 0.934495 0.159310 0.933467
28 5.4237 2.4711 2.5960 0.150147 0.934744 0.158865 0.933547
29 5.3775 2.4258 2.5902 0.149801 0.934886 0.158503 0.933547
30 5.3403 2.4234 2.5662 0.149523 0.935118 0.158197 0.933387
31 5.4742 2.4734 2.6450 0.149290 0.935198 0.157925 0.933467
32 5.5953 2.6251 2.6154 0.149091 0.935358 0.157671 0.933867
33 5.4660 2.4783 2.6302 0.148915 0.935447 0.157429 0.933947
34 5.4364 2.5202 2.5691 0.148754 0.935411 0.157193 0.933867
35 5.4127 2.4406 2.6198 0.148602 0.935420 0.156960 0.933867
36 5.5399 2.5658 2.6118 0.148457 0.935465 0.156730 0.934027
37 5.3699 2.4865 2.5441 0.148315 0.935589 0.156500 0.933787
38 5.3009 2.4145 2.5299 0.148175 0.935687 0.156274 0.933947
39 5.3280 2.4116 2.5623 0.148038 0.935758 0.156054 0.934107
40 5.5199 2.5419 2.6219 0.147903 0.935865 0.155838 0.934267
41 5.4878 2.5556 2.5882 0.147773 0.935945 0.155629 0.934347
42 5.3804 2.4373 2.5878 0.147646 0.935998 0.155424 0.934428
43 5.5580 2.5963 2.6146 0.147526 0.936043 0.155226 0.934668
44 5.3860 2.4294 2.6166 0.147410 0.936096 0.155029 0.934748
45 5.3890 2.4673 2.5343 0.147293 0.936283 0.154831 0.934588
46 5.4172 2.4662 2.6029 0.147180 0.936336 0.154635 0.934748
47 5.4248 2.4593 2.6113 0.147067 0.936399 0.154439 0.934668
48 5.3938 2.4449 2.6091 0.146957 0.936505 0.154245 0.934748
49 5.4249 2.5010 2.5750 0.146850 0.936577 0.154049 0.934828
