epoch time fwd_time bwd_time loss acc val_loss val_acc
0 7.7151 3.8993 3.4335 0.502841 0.767415 0.460595 0.827782
1 7.8189 4.0108 3.4119 0.491713 0.823624 0.460023 0.827782
2 7.8441 4.0255 3.4267 0.491354 0.823624 0.459746 0.827782
3 7.6648 3.8586 3.4106 0.490539 0.823624 0.458949 0.827782
4 7.7980 3.9779 3.4185 0.482734 0.823624 0.452593 0.827782
5 7.8840 4.0679 3.4181 0.331727 0.829522 0.317652 0.867654
6 7.7591 3.9414 3.4273 0.245784 0.884130 0.253171 0.890232
7 7.7272 3.8800 3.4604 0.210939 0.893114 0.251601 0.891193
8 8.2800 4.2138 3.6553 0.213841 0.894609 0.235999 0.897198
9 8.6646 4.5980 3.6712 0.205421 0.896619 0.227147 0.904243
10 7.7931 3.9514 3.4581 0.202040 0.898629 0.223208 0.905604
11 7.7382 3.9321 3.4162 0.197122 0.900355 0.219807 0.906405
12 7.7189 3.8963 3.4248 0.193798 0.901671 0.216741 0.907606
13 7.6519 3.8595 3.4068 0.190827 0.902908 0.213865 0.908727
14 7.8901 4.0254 3.4781 0.188471 0.903993 0.211096 0.909367
15 7.7719 3.9491 3.4221 0.186649 0.904714 0.208375 0.909768
16 7.8517 3.9922 3.4535 0.185152 0.905639 0.205673 0.910488
17 7.7694 3.9075 3.4661 0.183686 0.906510 0.202978 0.912490
18 7.8436 3.9801 3.4635 0.182100 0.907578 0.200301 0.913851
19 7.7748 3.9606 3.4133 0.180513 0.908610 0.197634 0.915372
20 7.7880 3.9067 3.4898 0.179059 0.909633 0.194962 0.916493
21 7.7858 3.9132 3.4785 0.177594 0.910576 0.192293 0.918175
22 7.8104 3.9535 3.4657 0.176219 0.911554 0.189672 0.919456
23 7.7848 3.9368 3.4353 0.174804 0.912737 0.187213 0.920737
24 7.8343 3.9847 3.4406 0.172542 0.913671 0.184975 0.921617
25 7.7174 3.8914 3.4349 0.169205 0.914899 0.183025 0.922018
26 7.8379 3.9777 3.4698 0.165544 0.916020 0.181339 0.922898
27 7.8215 3.9800 3.4491 0.162241 0.917185 0.179759 0.922818
28 7.8705 3.9863 3.4821 0.159272 0.918110 0.178399 0.923539
29 7.8291 3.9781 3.4571 0.156363 0.919195 0.177461 0.923379
30 7.7103 3.8681 3.4537 0.153517 0.920316 0.176985 0.923859
31 7.8801 4.0195 3.4567 0.150883 0.921419 0.174700 0.925460
32 7.7274 3.8902 3.4314 0.149408 0.922611 0.169825 0.928823
33 7.8071 3.9421 3.4739 0.146183 0.923776 0.170664 0.928102
34 7.7693 3.9376 3.4402 0.143749 0.924853 0.172036 0.927302
35 7.8601 4.0018 3.4620 0.143067 0.926703 0.161203 0.931065
36 7.7729 3.9184 3.4499 0.142558 0.929683 0.157349 0.933147
37 7.7760 3.9562 3.4248 0.139710 0.930092 0.161899 0.931465
38 7.8052 3.9602 3.4486 0.135139 0.931809 0.160482 0.932266
39 7.9337 4.1057 3.4213 0.130364 0.933766 0.142815 0.939552
40 7.8649 3.9849 3.4855 0.128595 0.933179 0.149649 0.936109
41 7.8770 4.0036 3.4777 0.125967 0.935758 0.139830 0.940833
42 7.7821 3.9485 3.4410 0.121701 0.935082 0.142179 0.938991
43 7.7979 3.9286 3.4779 0.120586 0.936639 0.143693 0.938591
44 7.7703 3.9441 3.4343 0.121183 0.936950 0.143449 0.939231
45 7.9074 4.0183 3.4957 0.123026 0.937217 0.145432 0.939071
46 8.2016 4.1816 3.6113 0.120215 0.938462 0.142632 0.940432
47 7.8160 4.0095 3.4068 0.119910 0.938818 0.142776 0.939952
48 7.8067 3.9023 3.4684 0.116251 0.939387 0.139353 0.941153
49 7.7543 3.9202 3.4426 0.114759 0.939895 0.138241 0.941233
