epoch time fwd_time bwd_time loss acc val_loss val_acc
0 7.6590 3.8663 3.4163 0.490845 0.823624 0.463427 0.827782
1 7.7998 4.0197 3.4237 0.491942 0.823624 0.460339 0.827782
2 7.6995 3.8939 3.4342 0.491667 0.823624 0.459970 0.827782
3 7.8265 4.0175 3.4488 0.491273 0.823624 0.459593 0.827782
4 7.7363 3.9574 3.4216 0.490680 0.823624 0.459060 0.827782
5 7.8406 4.0153 3.4455 0.489564 0.823624 0.458127 0.827782
6 7.6730 3.9262 3.3808 0.484006 0.823624 0.454525 0.827782
7 7.6284 3.8653 3.4041 0.388975 0.823624 0.369347 0.827782
8 7.6886 3.8951 3.3839 0.345658 0.823660 0.339793 0.828423
9 7.7871 3.9990 3.4298 0.302908 0.838079 0.309733 0.853483
10 7.7684 3.9882 3.4206 0.269863 0.864685 0.278006 0.873339
11 7.7853 3.9777 3.4397 0.244332 0.878597 0.258775 0.882706
12 7.7456 3.9608 3.4254 0.226248 0.887652 0.245932 0.892874
13 7.6752 3.9232 3.3911 0.214343 0.894093 0.237437 0.895837
14 7.7780 3.9971 3.4082 0.206570 0.898229 0.231799 0.898719
15 7.7401 3.9402 3.4261 0.200438 0.901138 0.227734 0.900480
16 7.7327 3.9546 3.4196 0.195531 0.902677 0.224681 0.901361
17 7.6959 3.8997 3.4214 0.191564 0.904198 0.222250 0.902402
18 7.6883 3.8849 3.4310 0.188204 0.905230 0.220229 0.903603
19 7.8108 3.9902 3.4366 0.185272 0.906270 0.218458 0.904964
20 7.6531 3.8873 3.4088 0.182661 0.906964 0.216844 0.906565
21 7.6788 3.8754 3.4240 0.180300 0.907747 0.215334 0.906886
22 7.7361 3.9623 3.4102 0.178141 0.908209 0.213894 0.907446
23 7.7351 3.9420 3.4265 0.176147 0.908859 0.212501 0.908086
24 7.7341 3.9421 3.4328 0.174294 0.909339 0.211141 0.908647
25 7.7539 3.9539 3.4395 0.172559 0.909713 0.209807 0.909127
26 7.8257 4.0041 3.4467 0.170925 0.910131 0.208494 0.909688
27 7.6930 3.8824 3.4360 0.169378 0.910682 0.207196 0.910649
28 7.8132 3.9712 3.4725 0.167904 0.911145 0.205912 0.911529
29 7.6822 3.9175 3.3945 0.166492 0.911554 0.204639 0.911930
30 7.8038 3.9777 3.4460 0.165134 0.911963 0.203372 0.912650
31 7.7486 3.9640 3.4228 0.163823 0.912381 0.202109 0.913131
32 7.7351 3.9515 3.4173 0.162551 0.912826 0.200845 0.913691
33 7.7050 3.9355 3.4067 0.161314 0.913422 0.199576 0.914732
34 7.7663 3.9620 3.4297 0.160105 0.913902 0.198297 0.915292
35 7.7276 3.9422 3.4100 0.158920 0.914258 0.197004 0.915532
36 7.7870 3.9805 3.4397 0.157752 0.914721 0.195690 0.916013
37 7.8075 3.9804 3.4510 0.156590 0.915290 0.194347 0.916573
38 7.7730 3.9613 3.4338 0.155421 0.915699 0.192964 0.917454
39 7.7118 3.9200 3.4153 0.154224 0.916286 0.191522 0.918415
40 7.6532 3.8767 3.4107 0.152960 0.916776 0.189990 0.919536
41 7.7331 3.9294 3.4222 0.151574 0.917407 0.188321 0.920336
42 7.7175 3.9189 3.4197 0.149996 0.918234 0.186467 0.921137
43 7.8224 4.0235 3.4210 0.148185 0.919177 0.184412 0.922098
44 7.7962 3.9825 3.4500 0.146177 0.920289 0.182182 0.923299
45 7.8244 3.9853 3.4185 0.144050 0.921472 0.179839 0.924660
46 7.7996 4.0019 3.4345 0.141869 0.922691 0.177421 0.925781
47 7.7785 3.9761 3.4314 0.139791 0.923696 0.174977 0.926501
48 7.7759 3.9543 3.4565 0.137889 0.924950 0.172739 0.927382
49 8.0310 4.1418 3.5221 0.136303 0.926062 0.171036 0.927462
