epoch time fwd_time bwd_time loss acc val_loss val_acc
0 8.8652 4.6900 3.7890 0.524795 0.823624 0.505118 0.827782
1 7.8711 3.9782 3.5100 0.491511 0.823624 0.462783 0.827782
2 7.7266 3.8955 3.4557 0.491966 0.823624 0.460598 0.827782
3 7.7860 3.9838 3.4349 0.491828 0.823624 0.460321 0.827782
4 7.7628 3.9597 3.4341 0.491555 0.823624 0.460060 0.827782
5 7.8380 4.0148 3.4566 0.491205 0.823624 0.459735 0.827782
6 7.7828 3.9583 3.4438 0.490697 0.823624 0.459279 0.827782
7 7.5750 3.8608 3.3617 0.489788 0.823624 0.458500 0.827782
8 7.8218 3.9535 3.5063 0.488587 0.823624 0.457332 0.827782
9 7.8506 4.0138 3.4844 0.485698 0.823624 0.454939 0.827782
10 7.8296 4.0068 3.4481 0.402041 0.823624 0.389932 0.827782
11 7.7108 3.9399 3.3975 0.335619 0.824362 0.329395 0.835949
12 7.7417 3.9109 3.4555 0.293696 0.846147 0.299589 0.864211
13 7.7816 3.9806 3.4267 0.272532 0.865459 0.282739 0.870376
14 7.8837 4.0522 3.4621 0.258373 0.874905 0.270589 0.879424
15 7.7650 3.9783 3.4101 0.247435 0.880510 0.261678 0.886309
16 7.7618 3.9477 3.4510 0.238696 0.884806 0.255373 0.892554
17 7.8398 4.0033 3.4623 0.232349 0.888115 0.251028 0.894716
18 7.7259 3.9130 3.4560 0.226590 0.890383 0.246771 0.896237
19 7.7966 3.9714 3.4487 0.221453 0.891913 0.242768 0.897838
20 7.8301 3.9884 3.4589 0.216385 0.893168 0.239761 0.898639
21 7.6736 3.8558 3.4376 0.211801 0.894689 0.236966 0.900320
22 7.6838 3.8758 3.4375 0.207706 0.895729 0.234383 0.901121
23 7.7266 3.9057 3.4433 0.204022 0.896574 0.232005 0.902002
24 7.7397 3.9457 3.4292 0.200658 0.897669 0.229815 0.903283
25 7.7364 3.9246 3.4421 0.197487 0.898558 0.227773 0.904484
26 7.7857 3.9786 3.4311 0.194438 0.899661 0.225832 0.904644
27 7.7891 3.9142 3.4875 0.191488 0.900720 0.223948 0.904724
28 7.8576 4.0310 3.4405 0.188650 0.901743 0.222086 0.904484
29 7.7677 3.9683 3.4163 0.186050 0.902525 0.220265 0.905604
30 7.6925 3.8931 3.4263 0.183866 0.903210 0.218574 0.905604
31 7.7335 3.8995 3.4618 0.181858 0.904100 0.216926 0.906405
32 7.6750 3.8880 3.4124 0.179971 0.904589 0.215278 0.907366
33 7.6734 3.8684 3.4231 0.178280 0.904980 0.213658 0.907686
34 7.7581 3.9376 3.4377 0.176750 0.905336 0.212081 0.907766
35 7.6882 3.8890 3.4216 0.175336 0.905808 0.210562 0.908167
36 7.7326 3.8795 3.4765 0.173990 0.906306 0.209105 0.908327
37 8.0408 4.0753 3.5735 0.172660 0.906804 0.207690 0.909207
38 7.9089 4.0384 3.4856 0.171309 0.907258 0.206281 0.909287
39 7.8212 3.9886 3.4479 0.169918 0.907818 0.204826 0.910088
40 7.8333 4.0317 3.4316 0.168497 0.908263 0.203255 0.910328
41 7.6923 3.8753 3.4455 0.167112 0.908708 0.201496 0.911129
42 7.7614 3.9695 3.4150 0.165904 0.909232 0.199538 0.912250
43 7.6449 3.8536 3.4144 0.164856 0.909917 0.197599 0.913050
44 7.7322 3.9361 3.4137 0.163603 0.910736 0.195838 0.913131
45 7.7816 3.9525 3.4086 0.162202 0.911652 0.194014 0.914091
46 7.8366 4.0015 3.4509 0.160774 0.912257 0.192051 0.915612
47 7.7047 3.8855 3.4343 0.159034 0.913289 0.190073 0.916093
48 7.6816 3.8744 3.4188 0.157760 0.914312 0.188449 0.916733
49 7.7518 3.9421 3.4019 0.156085 0.915112 0.186941 0.917294
