epoch time fwd_time bwd_time loss acc val_loss val_acc
0 7.6671 3.9144 3.3972 0.645294 0.369039 0.640147 0.827782
1 7.7100 3.9196 3.4197 0.529222 0.823624 0.512692 0.827782
2 7.7477 3.9572 3.4303 0.496658 0.823624 0.472460 0.827782
3 7.6982 3.9338 3.4056 0.491060 0.823624 0.462299 0.827782
4 7.6924 3.9307 3.4095 0.491292 0.823624 0.460405 0.827782
5 7.7054 3.9045 3.4453 0.491558 0.823624 0.460089 0.827782
6 7.7276 3.9584 3.4046 0.491529 0.823624 0.459937 0.827782
7 7.7710 3.9493 3.4579 0.491426 0.823624 0.459796 0.827782
8 7.7797 3.9812 3.4510 0.491286 0.823624 0.459638 0.827782
9 7.6196 3.8647 3.3954 0.491078 0.823624 0.459441 0.827782
10 7.7146 3.9301 3.4242 0.490747 0.823624 0.459165 0.827782
11 7.7256 3.9630 3.4041 0.490197 0.823624 0.458739 0.827782
12 7.7244 3.9658 3.4054 0.489315 0.823624 0.458062 0.827782
13 7.7574 3.9503 3.4477 0.488265 0.823624 0.457184 0.827782
14 7.7376 3.9616 3.4122 0.487361 0.823624 0.456329 0.827782
15 7.7054 3.8772 3.4660 0.486449 0.823624 0.455478 0.827782
16 7.7528 3.9692 3.4324 0.485324 0.823624 0.454502 0.827782
17 7.6875 3.8871 3.4102 0.483580 0.823624 0.453089 0.827782
18 7.7070 3.9283 3.4277 0.481528 0.823624 0.451279 0.827782
19 7.7700 3.9966 3.4211 0.479518 0.823624 0.449533 0.827782
20 7.7210 3.9758 3.4024 0.477023 0.823624 0.447451 0.827782
21 7.7194 3.9351 3.4291 0.473821 0.823624 0.444824 0.827782
22 7.7374 3.9485 3.4255 0.469566 0.823624 0.441350 0.827782
23 7.7525 3.9821 3.4132 0.463623 0.823624 0.436488 0.827782
24 7.6890 3.8980 3.4373 0.454535 0.823624 0.429073 0.827782
25 7.6356 3.8844 3.3932 0.427736 0.823624 0.408005 0.827782
26 7.6551 3.8628 3.4369 0.365328 0.823624 0.355438 0.827782
27 7.8266 4.0231 3.4421 0.326487 0.823624 0.317035 0.827782
28 7.7289 3.9688 3.4097 0.314108 0.823624 0.307599 0.827782
29 7.7891 4.0074 3.4324 0.313700 0.823624 0.302419 0.827782
30 7.7095 3.9460 3.4075 0.308754 0.823624 0.298238 0.827782
31 7.8192 3.9857 3.4629 0.294627 0.824371 0.294292 0.830584
32 7.6741 3.8998 3.4072 0.288745 0.830536 0.291055 0.836189
33 7.8500 4.0154 3.4641 0.286767 0.836754 0.282386 0.841313
34 7.6760 3.9227 3.3902 0.282304 0.840552 0.281280 0.847718
35 7.7320 3.9451 3.4209 0.276277 0.849207 0.278117 0.858527
36 7.9444 4.0469 3.5470 0.271313 0.858093 0.272634 0.862930
37 7.9255 4.0543 3.4969 0.268108 0.866241 0.273440 0.877022
38 7.7101 3.9366 3.4141 0.263443 0.875252 0.269419 0.885268
39 7.6708 3.8790 3.4305 0.261719 0.882235 0.268171 0.888311
40 7.7416 3.9324 3.4522 0.257097 0.885375 0.266138 0.891273
41 7.8286 4.0295 3.4288 0.252262 0.888284 0.261502 0.894315
42 7.6588 3.8797 3.4267 0.248358 0.889636 0.258758 0.895837
43 7.7191 3.9525 3.4152 0.245194 0.889716 0.257221 0.894476
44 7.7214 3.9223 3.4406 0.243207 0.890330 0.257957 0.890873
45 7.7399 3.9430 3.4242 0.239829 0.890570 0.254483 0.892954
46 7.7443 3.9726 3.4188 0.238198 0.891237 0.253401 0.892474
47 7.6629 3.9008 3.3998 0.235950 0.891700 0.251127 0.893595
48 7.6423 3.8622 3.4189 0.233923 0.892082 0.250103 0.893675
49 7.7165 3.9353 3.4128 0.232434 0.892803 0.248217 0.894396
