epoch time fwd_time bwd_time loss acc val_loss val_acc
0 7.7921 4.0021 3.4060 0.503391 0.673685 0.460348 0.827782
1 7.7769 3.9689 3.4337 0.491592 0.823624 0.459990 0.827782
2 7.7486 3.9473 3.4287 0.490617 0.823624 0.459287 0.827782
3 7.7580 3.9103 3.4765 0.483243 0.823624 0.452813 0.827782
4 7.7526 3.9472 3.4263 0.371230 0.823562 0.358306 0.827622
5 7.7066 3.8935 3.4388 0.343088 0.823224 0.337790 0.826982
6 7.6835 3.8878 3.4158 0.284175 0.832048 0.287993 0.859167
7 7.8319 3.9834 3.4662 0.242278 0.871161 0.257614 0.880624
8 7.7649 3.9407 3.4498 0.198490 0.892171 0.221793 0.904884
9 7.8883 4.0177 3.4889 0.182196 0.902170 0.214786 0.907686
10 7.7974 3.9818 3.4369 0.174441 0.906475 0.207121 0.910248
11 7.8403 4.0205 3.4339 0.165599 0.909793 0.201794 0.912730
12 7.7722 3.9799 3.4200 0.161503 0.912106 0.195032 0.915132
13 7.8161 3.9725 3.4528 0.158772 0.914125 0.189091 0.916733
14 7.8010 3.9800 3.4336 0.156116 0.916366 0.183945 0.919456
15 7.8643 4.0235 3.4667 0.154660 0.918786 0.178476 0.923699
16 7.7998 3.9960 3.4175 0.153854 0.920965 0.173713 0.925701
17 7.6607 3.8690 3.4113 0.153831 0.923403 0.169299 0.929063
18 7.7068 3.8953 3.4312 0.151691 0.925715 0.164209 0.931225
19 7.8246 3.9873 3.4559 0.148422 0.927379 0.159381 0.932186
20 7.6713 3.8694 3.4280 0.145754 0.928864 0.155289 0.934347
21 7.7452 3.9399 3.4283 0.143394 0.930199 0.151659 0.936829
22 7.7367 3.9526 3.4046 0.141097 0.931248 0.148515 0.938831
23 7.7520 3.9480 3.4226 0.138760 0.932538 0.145766 0.939712
24 7.8161 3.9769 3.4093 0.136384 0.933632 0.143318 0.940753
25 7.7879 3.9866 3.4158 0.133979 0.934842 0.141063 0.942034
26 7.6948 3.8737 3.4446 0.131537 0.935856 0.138905 0.943315
27 7.8448 3.9997 3.4676 0.129028 0.936995 0.136761 0.944275
28 7.8001 4.0007 3.4157 0.126401 0.938018 0.134563 0.945316
29 7.7709 3.9519 3.4401 0.123577 0.938765 0.132276 0.945396
30 7.8022 3.9715 3.4458 0.120523 0.939574 0.129950 0.945877
31 7.8106 3.9874 3.4331 0.117446 0.940508 0.127585 0.945957
32 7.7456 3.9319 3.4009 0.114729 0.941656 0.124986 0.946437
33 7.8168 4.0058 3.4203 0.111676 0.943106 0.122093 0.947638
34 7.7885 3.9658 3.4350 0.108775 0.943986 0.119486 0.948679
35 7.7591 3.9405 3.4292 0.106031 0.945392 0.116829 0.950520
36 7.7871 4.0122 3.3915 0.104751 0.946077 0.115058 0.952202
37 7.7547 3.9471 3.4298 0.101618 0.947002 0.112240 0.953002
38 7.8135 3.9833 3.4514 0.100001 0.948194 0.109629 0.954043
39 7.7129 3.9022 3.4404 0.098846 0.949110 0.107598 0.955244
40 7.7158 3.9094 3.4272 0.097630 0.950346 0.105911 0.956845
41 7.7398 3.9454 3.4127 0.096339 0.951307 0.104479 0.957646
42 7.6403 3.8300 3.4239 0.095227 0.952108 0.102625 0.957726
43 7.7919 3.9690 3.4296 0.094332 0.953095 0.101461 0.958207
44 7.7095 3.8675 3.4557 0.093349 0.953442 0.101053 0.958847
45 7.7737 3.9668 3.4234 0.092584 0.954243 0.101003 0.959007
46 7.7599 3.9757 3.4072 0.091994 0.954839 0.100935 0.959007
47 7.7453 3.9693 3.3988 0.091522 0.955435 0.101089 0.959408
48 7.7930 3.9890 3.4270 0.091095 0.955764 0.100975 0.960128
49 7.6241 3.8479 3.3940 0.090677 0.956200 0.100440 0.960769
