epoch time fwd_time bwd_time loss acc val_loss val_acc
0 7.6815 3.8942 3.4015 0.687027 0.237398 0.683763 0.827782
1 7.7814 3.9483 3.4769 0.572016 0.823624 0.560889 0.827782
2 7.6979 3.9098 3.4252 0.509071 0.823624 0.488648 0.827782
3 7.7740 4.0038 3.4081 0.492644 0.823624 0.466003 0.827782
4 7.7618 3.9754 3.3916 0.491015 0.823624 0.461265 0.827782
5 7.6968 3.9019 3.4334 0.491405 0.823624 0.460369 0.827782
6 7.7667 3.9740 3.4302 0.491630 0.823624 0.460161 0.827782
7 7.7401 3.9640 3.4243 0.491646 0.823624 0.460069 0.827782
8 7.7608 3.9653 3.4314 0.491572 0.823624 0.459993 0.827782
9 7.7723 3.9441 3.4692 0.491452 0.823624 0.459907 0.827782
10 7.7222 3.9591 3.3924 0.491278 0.823624 0.459790 0.827782
11 7.7209 3.9309 3.4243 0.491014 0.823624 0.459611 0.827782
12 7.6762 3.8872 3.4218 0.490624 0.823624 0.459330 0.827782
13 7.7051 3.8951 3.4540 0.490213 0.823624 0.458983 0.827782
14 7.8048 3.9917 3.4428 0.489886 0.823624 0.458649 0.827782
15 7.7256 3.9479 3.4149 0.489531 0.823624 0.458310 0.827782
16 7.7977 4.0015 3.4201 0.489070 0.823624 0.457920 0.827782
17 7.5844 3.8371 3.3830 0.488463 0.823624 0.457433 0.827782
18 7.7564 3.9816 3.4166 0.487607 0.823624 0.456758 0.827782
19 7.6337 3.8569 3.4120 0.485715 0.823624 0.455300 0.827782
20 7.8131 3.9808 3.4699 0.417404 0.823624 0.400495 0.827782
21 7.6718 3.8828 3.4254 0.323351 0.823677 0.326432 0.828823
22 7.6407 3.8897 3.3884 0.280602 0.857702 0.298209 0.868215
23 7.7455 3.9506 3.4383 0.260987 0.878935 0.280574 0.880544
24 7.6563 3.8784 3.4105 0.249978 0.886194 0.271782 0.886309
25 7.6932 3.9121 3.3863 0.241258 0.890339 0.265312 0.889832
26 7.6916 3.9106 3.4188 0.235487 0.892660 0.260065 0.892314
27 7.7535 3.9485 3.4340 0.230683 0.893701 0.255540 0.894396
28 7.6088 3.8707 3.3718 0.226754 0.894368 0.252109 0.895917
29 7.6912 3.9039 3.4256 0.223585 0.895142 0.249270 0.896557
30 7.7370 3.9503 3.4183 0.220948 0.895738 0.246749 0.896477
31 7.7266 3.9426 3.4123 0.218907 0.896058 0.244455 0.896717
32 7.6331 3.8658 3.4047 0.217596 0.896156 0.242378 0.898559
33 7.8065 3.9866 3.4615 0.216695 0.896708 0.240645 0.898479
34 7.7466 3.9763 3.4161 0.215768 0.897081 0.239212 0.898959
35 7.7038 3.9043 3.4281 0.214810 0.897331 0.237973 0.898959
36 7.6990 3.9371 3.4061 0.213851 0.897313 0.236855 0.899279
37 7.7229 3.9385 3.4215 0.212906 0.897669 0.235824 0.899600
38 7.6940 3.9197 3.4123 0.211998 0.897766 0.234866 0.899680
39 7.7415 3.9553 3.4167 0.211092 0.897838 0.233955 0.900320
40 7.8624 4.0758 3.4218 0.210134 0.897873 0.233062 0.900560
41 7.7931 4.0024 3.4194 0.209081 0.898042 0.232167 0.900961
42 7.7972 3.9938 3.4367 0.207869 0.898247 0.231238 0.901441
43 7.8155 4.0145 3.4436 0.206490 0.898451 0.230273 0.901841
44 7.7290 3.9399 3.4225 0.205328 0.898834 0.229429 0.902002
45 7.6668 3.8572 3.4360 0.204316 0.899154 0.228682 0.902082
46 7.6644 3.8897 3.4200 0.203382 0.899261 0.227989 0.902082
47 7.7028 3.9171 3.4204 0.202542 0.899439 0.227330 0.902242
48 7.7382 3.9247 3.4462 0.201797 0.899545 0.226690 0.902562
49 7.6459 3.8573 3.4237 0.201129 0.899706 0.226058 0.902482
