epoch time fwd_time bwd_time loss acc val_loss val_acc
0 7.6917 3.8686 3.4391 0.498878 0.823402 0.460680 0.827782
1 7.7204 3.9151 3.4260 0.490121 0.823624 0.458979 0.827782
2 7.8206 3.9958 3.4423 0.367816 0.823624 0.353033 0.827782
3 7.7487 3.9565 3.4183 0.273935 0.836353 0.274217 0.878783
4 7.7911 3.9798 3.4274 0.230153 0.887172 0.235053 0.898479
5 7.7415 3.9208 3.4369 0.204465 0.896485 0.222703 0.909047
6 7.8791 4.0474 3.4455 0.197841 0.901413 0.215472 0.913371
7 7.6265 3.8301 3.4192 0.193172 0.904589 0.210683 0.915532
8 7.6917 3.8605 3.4563 0.194641 0.907169 0.207933 0.914732
9 7.7270 3.9427 3.4071 0.194429 0.909900 0.199138 0.917374
10 7.9156 4.0342 3.5055 0.182252 0.912817 0.192384 0.915773
11 7.7614 3.9628 3.4099 0.177882 0.915059 0.188156 0.916974
12 7.6460 3.8572 3.4090 0.176654 0.917363 0.182161 0.921457
13 7.7194 3.8797 3.4580 0.173401 0.919996 0.177577 0.923459
14 7.7627 3.9449 3.4314 0.169875 0.922593 0.172950 0.926421
15 7.7045 3.8808 3.4089 0.165744 0.925004 0.166664 0.930264
16 7.7937 3.9283 3.4776 0.154303 0.928695 0.159137 0.932906
17 7.7396 3.9117 3.4524 0.143563 0.933036 0.149976 0.938351
18 7.7750 3.9571 3.4350 0.131689 0.937608 0.138380 0.943555
19 7.7617 3.9522 3.3975 0.126511 0.941069 0.125736 0.949480
20 7.8272 3.9736 3.4743 0.116184 0.945161 0.122769 0.949640
21 7.8256 3.9647 3.4696 0.109744 0.949332 0.115072 0.953002
22 7.7341 3.9289 3.4169 0.107405 0.951992 0.109621 0.955164
23 7.8390 3.9972 3.4623 0.107754 0.954981 0.114254 0.952362
24 7.8469 4.0525 3.4000 0.106883 0.955959 0.105790 0.957086
25 7.8583 3.9932 3.4814 0.107431 0.957445 0.107480 0.956365
26 7.7641 3.9082 3.4717 0.107684 0.957907 0.108937 0.955725
27 7.7932 3.9502 3.4202 0.107005 0.958165 0.108482 0.955484
28 7.7549 3.9516 3.4237 0.106254 0.958530 0.105199 0.957006
29 7.7705 3.9696 3.4244 0.109106 0.956858 0.090481 0.964211
30 7.7441 3.9090 3.4519 0.106152 0.957703 0.088048 0.964932
31 7.7607 3.9291 3.4478 0.106958 0.959117 0.087347 0.965252
32 7.7819 3.9532 3.4491 0.106485 0.959473 0.086465 0.965813
33 7.7521 3.9233 3.4527 0.105759 0.959784 0.085723 0.965973
34 7.7424 3.9304 3.4375 0.105249 0.960229 0.085057 0.965973
35 7.7969 3.9666 3.4436 0.104739 0.960452 0.084460 0.965973
36 7.8156 3.9858 3.4427 0.104197 0.960736 0.083920 0.966053
37 7.8102 3.9602 3.4686 0.103638 0.961056 0.083429 0.966373
38 7.6510 3.8386 3.4240 0.103075 0.961403 0.082981 0.966693
39 7.7193 3.8889 3.4484 0.102525 0.961670 0.082568 0.966693
40 7.8028 3.9742 3.4399 0.101992 0.961821 0.082186 0.967094
41 7.7993 3.9951 3.4241 0.101478 0.962062 0.081833 0.967014
42 7.7566 3.9386 3.4328 0.100979 0.962231 0.081509 0.967574
43 7.7893 3.9682 3.4307 0.100488 0.962391 0.081215 0.967574
44 7.7939 3.9523 3.4211 0.100004 0.962497 0.080956 0.967734
45 7.8529 3.9741 3.5023 0.099527 0.962666 0.080737 0.967894
46 7.8091 3.9430 3.4640 0.099072 0.962862 0.080566 0.968295
47 7.8531 3.9996 3.4730 0.098659 0.963067 0.080449 0.968375
48 7.7774 3.9388 3.4535 0.098324 0.963076 0.080389 0.968295
49 7.6811 3.8775 3.4257 0.098117 0.963245 0.080377 0.968135
