epoch time fwd_time bwd_time loss acc val_loss val_acc
0 7.5847 3.8462 3.3856 0.695934 0.267579 0.691523 0.554524
1 7.7758 3.9812 3.4283 0.576956 0.808324 0.566336 0.827782
2 7.6424 3.8822 3.3952 0.506809 0.823624 0.485874 0.827782
3 7.7964 3.9558 3.4743 0.491552 0.823624 0.463764 0.827782
4 7.8551 4.0432 3.4427 0.491238 0.823624 0.460557 0.827782
5 7.7767 3.9907 3.4303 0.491692 0.823624 0.460174 0.827782
6 7.6147 3.8790 3.3695 0.491783 0.823624 0.460085 0.827782
7 7.7750 3.9604 3.4498 0.491754 0.823624 0.460028 0.827782
8 7.7779 3.9717 3.4151 0.491698 0.823624 0.459971 0.827782
9 7.7300 3.9669 3.4034 0.491631 0.823624 0.459909 0.827782
10 7.7904 3.9978 3.4300 0.491554 0.823624 0.459838 0.827782
11 7.6366 3.8619 3.4106 0.491460 0.823624 0.459755 0.827782
12 7.7707 3.9555 3.4516 0.491343 0.823624 0.459656 0.827782
13 7.8326 4.0321 3.4213 0.491188 0.823624 0.459530 0.827782
14 7.7627 3.9553 3.4425 0.490971 0.823624 0.459360 0.827782
15 7.7584 3.9569 3.4351 0.490641 0.823624 0.459111 0.827782
16 7.8399 4.0313 3.4418 0.490095 0.823624 0.458710 0.827782
17 7.7017 3.9446 3.4013 0.489240 0.823624 0.458066 0.827782
18 7.7912 3.9964 3.4326 0.488119 0.823624 0.457166 0.827782
19 7.6341 3.8569 3.4169 0.486602 0.823624 0.455896 0.827782
20 7.7706 3.9924 3.4234 0.484409 0.823624 0.454108 0.827782
21 7.7088 3.9199 3.4228 0.476568 0.823624 0.447685 0.827782
22 7.6932 3.9060 3.4267 0.292493 0.839289 0.309598 0.892394
23 7.7054 3.8919 3.4507 0.242006 0.894271 0.268329 0.896958
24 7.8212 4.0142 3.4369 0.222989 0.898193 0.253251 0.900641
25 7.7072 3.9329 3.4066 0.213319 0.899759 0.244883 0.901041
26 7.7820 3.9540 3.4502 0.206588 0.900568 0.238896 0.901441
27 7.8491 4.0346 3.4355 0.201742 0.901485 0.234588 0.901922
28 7.7078 3.8964 3.4357 0.198198 0.902392 0.231414 0.902562
29 7.7579 3.9412 3.4165 0.195406 0.902854 0.228778 0.903523
30 7.7686 3.9596 3.4398 0.193072 0.903335 0.226457 0.905204
31 7.6761 3.8768 3.4386 0.191043 0.903753 0.224411 0.905925
32 7.7306 3.9238 3.4433 0.189228 0.904171 0.222588 0.906805
33 7.7751 3.9183 3.4365 0.187570 0.904687 0.220923 0.906725
34 7.6113 3.8693 3.3869 0.186049 0.905016 0.219358 0.906725
35 7.7479 3.9613 3.4203 0.184679 0.905318 0.217845 0.907126
36 7.7837 3.9710 3.4567 0.183474 0.905479 0.216328 0.907526
37 7.7329 3.9060 3.4612 0.182391 0.905941 0.214755 0.908327
38 7.7395 3.9430 3.4245 0.181277 0.906448 0.213127 0.908647
39 7.7582 3.9276 3.4540 0.180083 0.907026 0.211478 0.909848
40 7.7213 3.9047 3.4580 0.179034 0.907800 0.209822 0.910328
41 7.8758 4.0631 3.4489 0.178146 0.908539 0.208252 0.911849
42 7.6864 3.8934 3.4238 0.177344 0.909241 0.206744 0.912330
43 7.6651 3.8729 3.4220 0.176551 0.910033 0.205182 0.913131
44 7.7687 3.9410 3.4637 0.175712 0.910905 0.203527 0.914011
45 7.8067 4.0134 3.4273 0.174836 0.911536 0.201840 0.914091
46 7.6664 3.9159 3.3961 0.173918 0.912292 0.200165 0.914331
47 7.8052 3.9865 3.4493 0.173009 0.913049 0.198719 0.915132
48 7.6778 3.8536 3.4588 0.172265 0.913458 0.197998 0.915452
49 7.6693 3.9016 3.3973 0.171522 0.914054 0.196773 0.916093
