epoch time fwd_time bwd_time loss acc val_loss val_acc
0 7.8435 3.9902 3.4778 0.494890 0.823624 0.454453 0.827782
1 7.8052 3.9866 3.4375 0.373134 0.823624 0.353103 0.827782
2 7.7559 3.9195 3.4549 0.337554 0.823624 0.329592 0.827782
3 7.7386 3.9615 3.4042 0.278679 0.836255 0.282889 0.863731
4 7.6672 3.8742 3.4128 0.225522 0.873527 0.260538 0.883907
5 7.7913 3.9209 3.4879 0.203545 0.890890 0.236926 0.898639
6 7.7335 3.9124 3.4465 0.195933 0.898024 0.220825 0.908567
7 7.8014 3.9581 3.4293 0.184565 0.902588 0.214228 0.911769
8 7.6526 3.8718 3.3981 0.183278 0.905879 0.207244 0.913851
9 7.9118 4.0387 3.4780 0.167666 0.909659 0.213527 0.907206
10 7.6969 3.8851 3.4197 0.162180 0.913084 0.203118 0.911689
11 7.8333 4.0327 3.4204 0.158119 0.917719 0.195155 0.915372
12 7.6497 3.8432 3.4185 0.154035 0.920761 0.190839 0.918014
13 7.7117 3.8843 3.4439 0.149851 0.921846 0.185590 0.921857
14 7.7474 3.9324 3.4267 0.152285 0.925813 0.171340 0.928743
15 7.7984 3.9989 3.4261 0.147805 0.932556 0.158825 0.935068
16 7.6802 3.8758 3.4285 0.142104 0.934975 0.146060 0.941954
17 7.8128 3.9911 3.4330 0.140324 0.937315 0.137863 0.945717
18 7.8014 3.9904 3.4159 0.137161 0.940090 0.135196 0.945556
19 7.7041 3.9341 3.3902 0.138007 0.940864 0.128917 0.948759
20 7.8005 3.9481 3.4696 0.138842 0.943408 0.126261 0.949880
21 7.8649 3.9920 3.4812 0.131054 0.944049 0.122312 0.951241
22 7.8450 4.0039 3.4496 0.130513 0.945303 0.121855 0.951561
23 7.8944 4.0855 3.4284 0.127335 0.945881 0.120684 0.953002
24 7.7546 3.9771 3.3954 0.120938 0.947082 0.115640 0.953803
25 7.6896 3.8874 3.4109 0.121047 0.948897 0.113430 0.956125
26 7.8127 3.9985 3.4231 0.115533 0.950097 0.111428 0.956685
27 7.7444 3.9208 3.4394 0.111955 0.951512 0.110109 0.957166
28 7.7725 3.9607 3.4239 0.107134 0.952837 0.109202 0.957406
29 7.7230 3.8763 3.4662 0.103151 0.953673 0.108037 0.958046
30 7.7728 3.8983 3.4915 0.101130 0.954643 0.105334 0.959327
31 7.7908 3.9737 3.4372 0.100436 0.955105 0.101605 0.959968
32 7.8002 3.9718 3.4099 0.098116 0.955906 0.099047 0.960769
33 7.7341 3.8938 3.4439 0.097161 0.956333 0.097503 0.961649
34 7.7136 3.9075 3.4232 0.096529 0.956680 0.096427 0.962450
35 7.7737 3.9636 3.4247 0.096066 0.957249 0.095652 0.962610
36 7.7471 3.9407 3.4302 0.095730 0.957845 0.095059 0.962930
37 7.7849 3.9769 3.4180 0.095415 0.958050 0.094579 0.962930
38 7.8181 3.9719 3.4544 0.095045 0.958343 0.094171 0.962850
39 7.6335 3.8363 3.4140 0.094595 0.958334 0.093807 0.963090
40 7.7364 3.8883 3.4190 0.094073 0.958495 0.093458 0.962930
41 7.6611 3.8572 3.4287 0.093492 0.958655 0.093100 0.963571
42 7.8035 3.9328 3.4811 0.092855 0.958904 0.092720 0.963731
43 7.7366 3.9171 3.4356 0.092156 0.959108 0.092317 0.963731
44 7.7675 3.9643 3.4222 0.091432 0.959215 0.091900 0.963491
45 7.6537 3.8479 3.4179 0.090753 0.959349 0.091475 0.963811
46 7.8342 3.9887 3.4605 0.090021 0.959464 0.091028 0.963731
47 7.8342 4.0116 3.4322 0.088703 0.959589 0.090486 0.963891
48 7.8209 4.0171 3.4202 0.086907 0.959749 0.090005 0.963971
49 7.8213 3.9963 3.4396 0.084464 0.959002 0.089483 0.964371
