epoch time fwd_time bwd_time loss acc val_loss val_acc
0 7.6500 3.8435 3.4188 0.494830 0.823624 0.460531 0.827782
1 7.7295 3.9066 3.4485 0.491003 0.823624 0.459255 0.827782
2 7.7732 3.9417 3.4434 0.489342 0.823624 0.457346 0.827782
3 7.6659 3.8622 3.4277 0.479567 0.823624 0.450450 0.827782
4 7.8281 3.9959 3.4496 0.344385 0.823624 0.335463 0.827782
5 7.7721 3.9712 3.4191 0.242524 0.860202 0.259912 0.893675
6 7.7242 3.9071 3.4378 0.202402 0.893603 0.236538 0.901601
7 7.7710 3.9553 3.4271 0.196069 0.897464 0.232526 0.902962
8 7.7802 3.9700 3.4335 0.193047 0.899821 0.225657 0.905845
9 7.8209 3.9828 3.4507 0.191080 0.901894 0.216762 0.909047
10 7.7377 3.9222 3.4313 0.185198 0.904482 0.211961 0.911449
11 7.8688 4.0284 3.4531 0.183307 0.906110 0.207823 0.913371
12 7.7809 3.9805 3.4192 0.182718 0.907516 0.204078 0.915452
13 7.7651 3.9271 3.4544 0.182851 0.908868 0.200794 0.916653
14 7.7464 3.9240 3.4391 0.182775 0.909784 0.197749 0.917934
15 7.7797 3.9411 3.4344 0.181903 0.910931 0.194847 0.918815
16 7.6705 3.8791 3.4215 0.180026 0.912017 0.192161 0.920096
17 7.7926 3.9748 3.4258 0.177377 0.913449 0.189758 0.920817
18 7.6652 3.8650 3.4152 0.174420 0.914561 0.187621 0.920897
19 7.8449 4.0118 3.4476 0.171390 0.915726 0.185751 0.920737
20 7.7470 3.9466 3.4125 0.168401 0.916918 0.184110 0.921297
21 7.8558 3.9947 3.4700 0.165524 0.917816 0.182634 0.920977
22 7.8165 3.9863 3.4536 0.162744 0.918688 0.181331 0.921777
23 7.7192 3.9129 3.4263 0.159540 0.919791 0.181092 0.921537
24 7.7311 3.9150 3.4283 0.155466 0.920387 0.182301 0.921377
25 7.6764 3.8553 3.4351 0.155753 0.920983 0.177593 0.923299
26 7.8642 4.0143 3.4726 0.154194 0.921606 0.174206 0.924740
27 7.8035 3.9463 3.4794 0.152443 0.922077 0.172288 0.925220
28 7.6706 3.8604 3.4242 0.150518 0.922780 0.171514 0.925701
29 7.7767 3.9757 3.4114 0.147288 0.923403 0.171776 0.926261
30 7.7833 3.9379 3.4555 0.143737 0.924248 0.175066 0.925220
31 7.7473 3.9120 3.4476 0.143970 0.924434 0.175705 0.924820
32 7.7425 3.9071 3.4471 0.141765 0.928037 0.178116 0.922978
33 7.8862 4.0390 3.4489 0.135301 0.927913 0.154123 0.934828
34 7.7493 3.9405 3.4230 0.131887 0.933410 0.146252 0.938511
35 7.7884 3.9829 3.4195 0.120355 0.935918 0.137256 0.942594
36 7.7563 3.9258 3.4139 0.120631 0.935892 0.142792 0.939552
37 7.7649 3.9409 3.4331 0.116598 0.938240 0.133285 0.944275
38 7.8239 3.9987 3.4445 0.117692 0.939423 0.133232 0.944195
39 7.8062 3.9549 3.4643 0.117560 0.940455 0.132584 0.944836
40 7.7532 3.9485 3.4008 0.116646 0.941282 0.131555 0.945156
41 7.7519 3.9631 3.4150 0.115442 0.942056 0.129866 0.945717
42 7.6787 3.8575 3.4336 0.114081 0.942705 0.127605 0.946757
43 7.7326 3.9126 3.4369 0.112882 0.943559 0.125329 0.947478
44 7.8748 4.0178 3.4238 0.112454 0.944538 0.125508 0.947478
45 7.7801 3.9762 3.4216 0.111376 0.945552 0.123663 0.948359
46 7.7273 3.9084 3.4320 0.110613 0.946530 0.122851 0.949960
47 7.8500 3.9740 3.4881 0.109668 0.947367 0.122332 0.950520
48 7.7624 3.9484 3.4279 0.108274 0.948327 0.121039 0.951001
49 7.8332 4.0173 3.4371 0.106874 0.948941 0.120497 0.951081
