epoch time fwd_time bwd_time loss acc val_loss val_acc
0 7.9112 4.0339 3.4779 0.495120 0.790605 0.460364 0.827782
1 7.8545 4.0088 3.4467 0.491186 0.823624 0.459548 0.827782
2 7.8040 3.9621 3.4391 0.482135 0.823624 0.452430 0.827782
3 7.8414 3.9928 3.4469 0.414237 0.823624 0.394150 0.827782
4 7.7521 3.9284 3.4194 0.374429 0.823624 0.350216 0.827782
5 7.7391 3.9142 3.4243 0.366879 0.823624 0.344267 0.827782
6 7.7489 3.9608 3.4018 0.345645 0.823624 0.325868 0.827782
7 7.7111 3.9097 3.4012 0.333030 0.826222 0.316070 0.834428
8 7.7771 3.9441 3.4350 0.316846 0.834396 0.305512 0.841073
9 7.7516 3.9146 3.4373 0.290508 0.840890 0.288646 0.852522
10 7.7580 3.9163 3.3953 0.252764 0.869061 0.265258 0.885268
11 7.8490 3.9940 3.4330 0.238230 0.888480 0.241656 0.902162
12 7.8085 3.9937 3.4185 0.223819 0.894484 0.230337 0.904724
13 7.7755 3.9558 3.4168 0.209357 0.898300 0.225870 0.904323
14 7.8316 4.0154 3.4193 0.200823 0.901200 0.220677 0.907526
15 7.7304 3.8823 3.4366 0.196805 0.902792 0.216243 0.910729
16 7.8463 4.0103 3.4182 0.196272 0.903797 0.213539 0.911769
17 7.7904 3.9585 3.4196 0.192885 0.905025 0.211081 0.912650
18 7.8257 3.9873 3.4290 0.190930 0.906395 0.208719 0.913131
19 7.7889 3.9633 3.4308 0.186887 0.907275 0.206461 0.914011
20 7.8014 3.9634 3.4279 0.185080 0.908334 0.204475 0.914972
21 7.8602 3.9947 3.4588 0.182942 0.909117 0.202572 0.915933
22 7.8019 3.9700 3.4319 0.180991 0.909828 0.200792 0.916333
23 7.7940 3.9345 3.4517 0.179321 0.910389 0.199146 0.916493
24 7.8299 3.9902 3.4379 0.177833 0.911118 0.197615 0.916894
25 7.6810 3.8532 3.4349 0.176443 0.911812 0.196157 0.917374
26 7.8058 3.9779 3.4267 0.175118 0.912586 0.194746 0.917534
27 7.7529 3.9171 3.4246 0.173821 0.913351 0.193358 0.918094
28 7.7977 3.9657 3.4181 0.172503 0.913840 0.191987 0.918975
29 7.8178 3.9685 3.4504 0.171133 0.914570 0.190635 0.919536
30 7.7838 3.9630 3.4185 0.169709 0.915103 0.189301 0.920096
31 7.7976 3.9386 3.4613 0.168237 0.915610 0.187985 0.920897
32 7.8673 3.9797 3.4767 0.166735 0.916322 0.186689 0.921537
33 7.8112 3.9597 3.4370 0.165213 0.916767 0.185407 0.922338
34 7.8224 3.9707 3.4464 0.163858 0.917318 0.184228 0.922818
35 7.7867 3.9568 3.4168 0.163107 0.917905 0.183417 0.923219
36 7.8318 3.9921 3.4361 0.160068 0.918252 0.181601 0.923619
37 7.8203 3.9777 3.4270 0.158674 0.918822 0.180438 0.924820
38 7.8060 3.9303 3.4721 0.157286 0.919160 0.179380 0.925220
39 7.8236 3.9705 3.4175 0.156007 0.919773 0.178288 0.926581
40 7.8213 3.9614 3.4644 0.154844 0.920690 0.177141 0.926741
41 7.8866 3.9729 3.5177 0.153828 0.921739 0.175805 0.927142
42 7.7935 3.9503 3.4361 0.152737 0.922486 0.173819 0.927382
43 7.8037 3.9597 3.4359 0.152910 0.923847 0.172895 0.927302
44 7.7921 3.9350 3.4445 0.147686 0.924532 0.167845 0.930344
45 7.8252 4.0073 3.4090 0.142794 0.925511 0.162357 0.932026
46 7.8142 3.9510 3.4616 0.140186 0.926480 0.158948 0.933066
47 7.8388 3.9900 3.4445 0.145671 0.928019 0.161107 0.933467
48 7.7633 3.9179 3.4460 0.153446 0.929603 0.161685 0.935148
49 7.8380 3.9999 3.4291 0.140213 0.930830 0.153196 0.937070
