epoch time fwd_time bwd_time loss acc val_loss val_acc
0 7.7639 3.9699 3.4012 0.506878 0.763270 0.460222 0.827782
1 7.8356 3.9984 3.4482 0.487491 0.823624 0.455852 0.827782
2 7.7930 3.9632 3.4325 0.393146 0.823624 0.372845 0.827782
3 7.7997 3.9628 3.4324 0.311086 0.823669 0.307291 0.832746
4 7.7752 3.9445 3.4393 0.276881 0.841495 0.277820 0.861409
5 7.7618 3.9237 3.4411 0.251033 0.884575 0.250507 0.900881
6 7.8073 3.9688 3.4089 0.235084 0.893790 0.240822 0.903843
7 7.7631 3.9209 3.4511 0.225091 0.894795 0.240272 0.901841
8 7.7504 3.9388 3.4144 0.217607 0.896290 0.237032 0.903363
9 8.4660 4.3278 3.7212 0.214558 0.897473 0.233447 0.904644
10 7.7679 3.9270 3.4443 0.212703 0.898816 0.228077 0.906085
11 7.7928 3.9490 3.4447 0.207294 0.900453 0.222206 0.906725
12 7.8906 3.9978 3.4878 0.202878 0.901449 0.219334 0.906645
13 7.7209 3.9585 3.3709 0.198732 0.902027 0.216663 0.907846
14 7.7897 3.9345 3.4637 0.194437 0.902703 0.213914 0.907606
15 7.7831 3.9728 3.4152 0.191182 0.903406 0.211576 0.908807
16 7.7968 3.9715 3.4311 0.188414 0.904100 0.209033 0.909928
17 7.7357 3.9120 3.4228 0.186168 0.905390 0.206411 0.910889
18 7.7230 3.9241 3.4158 0.184438 0.906083 0.204142 0.912650
19 7.7443 3.9354 3.4202 0.182812 0.907124 0.202104 0.914011
20 7.7712 3.9449 3.4237 0.181188 0.908005 0.200154 0.914812
21 7.9797 4.0770 3.5024 0.179576 0.908966 0.198233 0.915693
22 7.8049 3.9630 3.4459 0.178049 0.909526 0.196396 0.917374
23 7.7333 3.9174 3.4178 0.176637 0.910344 0.194643 0.919135
24 7.8233 4.0045 3.4202 0.175316 0.911047 0.192941 0.920016
25 7.7494 3.9369 3.4186 0.174040 0.911679 0.191256 0.920576
26 7.8172 3.9672 3.4525 0.172774 0.912453 0.189559 0.921137
27 7.8155 3.9885 3.4429 0.171484 0.913298 0.187814 0.922018
28 7.8098 3.9964 3.4184 0.170261 0.914240 0.185995 0.923379
29 7.6533 3.8464 3.4114 0.169246 0.914970 0.184061 0.923859
30 7.7531 3.9103 3.4453 0.168642 0.915530 0.181944 0.925380
31 7.8370 3.9678 3.4347 0.168476 0.916571 0.179807 0.924339
32 7.8374 3.9683 3.4663 0.161443 0.917327 0.183723 0.917774
33 7.8164 3.9538 3.4654 0.161481 0.918074 0.178160 0.922578
34 7.8011 3.9776 3.4381 0.154573 0.921704 0.170672 0.928263
35 7.7819 3.9193 3.4152 0.154908 0.921170 0.181196 0.920977
36 7.6537 3.8407 3.4184 0.189990 0.922540 0.192307 0.923058
37 7.7714 3.9250 3.4472 0.139278 0.927014 0.151197 0.936669
38 7.7204 3.8700 3.4639 0.150517 0.930296 0.157278 0.939632
39 7.7865 3.9940 3.4065 0.135737 0.939361 0.137008 0.942354
40 7.8285 4.0124 3.4207 0.120383 0.940846 0.154371 0.934828
41 7.7736 3.9473 3.4271 0.111936 0.943026 0.123640 0.948679
42 7.7082 3.8776 3.4248 0.114907 0.941309 0.126632 0.948359
43 7.8354 3.9840 3.4409 0.103210 0.948461 0.111387 0.955484
44 7.8552 3.9717 3.4833 0.101214 0.949555 0.112776 0.954844
45 7.8716 4.0156 3.4674 0.101942 0.952472 0.112106 0.953082
46 7.8410 3.9717 3.4844 0.101454 0.952686 0.115752 0.951481
47 7.7880 3.9686 3.4205 0.100522 0.954367 0.109629 0.955004
48 7.8255 4.0018 3.4294 0.105594 0.954456 0.107200 0.956045
49 7.8609 4.0207 3.4324 0.106020 0.956031 0.103184 0.958847
