epoch time fwd_time bwd_time loss acc val_loss val_acc
0 7.7140 3.8756 3.4331 0.492866 0.820146 0.460640 0.827782
1 7.7273 3.8973 3.4293 0.489536 0.823624 0.457928 0.827782
2 7.8056 3.9513 3.4498 0.462922 0.823624 0.435436 0.827782
3 7.8948 4.0292 3.4548 0.289921 0.827058 0.290296 0.863010
4 7.8540 3.9926 3.4534 0.251960 0.881212 0.254650 0.892234
5 7.8426 3.9875 3.4520 0.224356 0.890108 0.242113 0.894796
6 7.6731 3.8674 3.4000 0.210699 0.892785 0.236148 0.898159
7 7.8107 3.9615 3.4416 0.208810 0.896405 0.228719 0.901681
8 7.8757 3.9989 3.4755 0.202475 0.899332 0.224880 0.905284
9 7.8768 3.9938 3.4687 0.198980 0.902428 0.213639 0.910088
10 7.7774 3.9452 3.4262 0.187398 0.904482 0.212861 0.908727
11 7.8439 3.9757 3.4574 0.182908 0.905078 0.199464 0.916093
12 7.7396 3.9181 3.4183 0.195734 0.908903 0.198244 0.916813
13 7.8620 3.9852 3.4754 0.181062 0.910620 0.189292 0.917774
14 7.8004 3.9573 3.3951 0.179573 0.914917 0.195923 0.914011
15 7.8123 3.9411 3.4819 0.176682 0.915939 0.184461 0.920176
16 7.7719 3.9520 3.4166 0.172463 0.918110 0.188430 0.918655
17 7.6670 3.8869 3.3679 0.169732 0.921179 0.181768 0.923058
18 7.8183 3.9686 3.4033 0.165636 0.922371 0.191338 0.918175
19 7.7748 3.9369 3.4293 0.161926 0.924230 0.200652 0.913531
20 7.8186 3.9538 3.4694 0.160359 0.926756 0.165515 0.931865
21 7.7492 3.8974 3.4452 0.143849 0.932396 0.150753 0.937470
22 7.8593 3.9928 3.4644 0.137771 0.933481 0.146212 0.939392
23 7.7275 3.8675 3.4526 0.146838 0.933677 0.188854 0.918255
24 7.6551 3.8377 3.4028 0.131129 0.933241 0.139783 0.943395
25 7.7580 3.9040 3.4509 0.123911 0.938907 0.146711 0.939472
26 7.8387 3.9835 3.4442 0.137344 0.937439 0.159798 0.932506
27 7.7639 3.9239 3.4293 0.122886 0.936443 0.128966 0.947878
28 7.8174 3.9854 3.4283 0.133428 0.939708 0.160634 0.932586
29 7.7411 3.9341 3.4143 0.136398 0.937128 0.134972 0.944596
30 7.8045 3.9773 3.4200 0.114884 0.942154 0.125626 0.948599
31 7.7219 3.8954 3.4268 0.126426 0.942012 0.131696 0.946117
32 7.8460 3.9632 3.4829 0.122529 0.942536 0.128181 0.948038
33 7.8247 3.9633 3.4526 0.119506 0.942999 0.125314 0.948919
34 7.8273 3.9759 3.4493 0.115339 0.943132 0.123021 0.949960
35 7.7521 3.8894 3.4614 0.110486 0.943426 0.121605 0.950040
36 7.8137 3.9643 3.4454 0.107300 0.943711 0.120780 0.950280
37 7.8476 3.9845 3.4496 0.106148 0.944004 0.120261 0.950600
38 7.8710 4.0281 3.4408 0.105467 0.944235 0.119854 0.950921
39 7.6805 3.8801 3.3885 0.105041 0.944422 0.119522 0.951241
40 7.7736 3.9635 3.4107 0.104661 0.944653 0.119211 0.951241
41 7.8031 3.9653 3.4369 0.104279 0.944920 0.118903 0.951081
42 7.7400 3.8885 3.4429 0.103890 0.945089 0.118614 0.951001
43 7.7457 3.8976 3.4124 0.103485 0.945241 0.118282 0.951161
44 7.7217 3.8830 3.4344 0.103205 0.945249 0.117926 0.951561
45 7.8678 3.9971 3.4660 0.103098 0.945169 0.117670 0.951641
46 7.7097 3.8869 3.4169 0.103375 0.945080 0.117526 0.951161
47 7.8511 4.0033 3.4473 0.103945 0.944983 0.118273 0.950681
48 7.8650 3.9839 3.4660 0.109044 0.944618 0.117918 0.951081
49 7.8596 4.0024 3.4490 0.113725 0.944609 0.117444 0.952602
