epoch time fwd_time bwd_time loss acc val_loss val_acc
0 7.9180 4.0319 3.4897 0.499490 0.823624 0.459977 0.827782
1 7.8566 3.9981 3.4535 0.292628 0.829717 0.296401 0.864532
2 7.8014 3.9617 3.4339 0.233573 0.871561 0.253406 0.884628
3 7.6149 3.8151 3.3875 0.226312 0.887741 0.261786 0.895596
4 7.7574 3.9170 3.4356 0.204590 0.894600 0.233361 0.895196
5 7.8502 3.9371 3.5095 0.200415 0.895178 0.228893 0.898239
6 7.7937 3.9712 3.4251 0.194900 0.899261 0.220768 0.902562
7 7.7179 3.8887 3.4326 0.191096 0.901511 0.217325 0.902722
8 7.8637 4.0061 3.4488 0.231721 0.903015 0.257396 0.904163
9 7.8261 3.9863 3.4327 0.190327 0.903975 0.207476 0.916253
10 7.7394 3.9251 3.4061 0.185451 0.908387 0.200670 0.914572
11 7.7692 3.9431 3.4231 0.192559 0.910442 0.200089 0.918495
12 7.8210 3.9635 3.4608 0.186843 0.911750 0.191227 0.920256
13 7.8204 3.9789 3.4338 0.192909 0.915050 0.186808 0.919135
14 7.7736 3.9525 3.4115 0.177532 0.917292 0.196747 0.910729
15 7.8427 3.9783 3.4538 0.188911 0.916366 0.179463 0.926341
16 7.7878 3.9382 3.4402 0.178485 0.920610 0.174958 0.927542
17 7.8466 4.0082 3.4363 0.164614 0.923385 0.179436 0.923058
18 7.7477 3.8870 3.4597 0.163924 0.922878 0.167978 0.929464
19 7.7174 3.8621 3.4505 0.180730 0.926098 0.172796 0.933627
20 7.8135 3.9739 3.4326 0.152973 0.928055 0.157617 0.934668
21 7.8264 3.9722 3.4533 0.147641 0.932342 0.151254 0.939472
22 7.7515 3.8750 3.4227 0.128945 0.935456 0.140449 0.940993
23 7.6729 3.8545 3.4010 0.125912 0.938009 0.132453 0.946437
24 7.8514 3.9948 3.4478 0.126824 0.939174 0.138348 0.943315
25 7.6424 3.8267 3.4121 0.115418 0.944057 0.125423 0.948279
26 7.7822 3.9391 3.4366 0.128230 0.940731 0.116681 0.954123
27 7.6560 3.8599 3.3994 0.108845 0.949048 0.126145 0.945316
28 7.8525 3.9894 3.4581 0.106015 0.948763 0.125667 0.946277
29 7.7508 3.9332 3.4203 0.100614 0.951930 0.108571 0.956926
30 7.8099 3.9592 3.4390 0.106116 0.946139 0.105238 0.957806
31 7.7762 3.9532 3.4093 0.096640 0.954198 0.107549 0.956205
32 7.8360 3.9829 3.4420 0.094056 0.947874 0.105431 0.957886
33 7.7775 3.9323 3.4280 0.098921 0.954038 0.125023 0.945717
34 7.8564 3.9756 3.4774 0.097262 0.955337 0.113205 0.952042
35 7.7624 3.9125 3.4585 0.092421 0.956520 0.102513 0.957406
36 7.8752 3.9797 3.4943 0.093512 0.952668 0.115125 0.950761
37 7.8183 3.9873 3.4218 0.091955 0.956751 0.110304 0.953723
38 7.8500 3.9925 3.4428 0.090667 0.958014 0.101036 0.957886
39 7.7956 3.9360 3.4473 0.089353 0.956822 0.097486 0.960288
40 7.8279 3.9951 3.4244 0.089047 0.958930 0.098681 0.959568
41 7.8456 3.9787 3.4531 0.087678 0.957587 0.097966 0.960128
42 7.8078 3.9883 3.4164 0.087516 0.957116 0.114352 0.950841
43 7.8468 4.0042 3.4300 0.086005 0.958788 0.098448 0.960929
44 7.8264 3.9918 3.4263 0.086308 0.959660 0.102786 0.957486
45 7.7841 3.9596 3.4210 0.084171 0.959775 0.093729 0.963171
46 7.8056 3.9555 3.4392 0.083405 0.958032 0.101341 0.958927
47 7.8050 3.9168 3.4518 0.083204 0.960336 0.089558 0.965012
48 7.8195 3.9384 3.4753 0.082169 0.959437 0.100666 0.959808
49 7.7916 3.9395 3.4419 0.082206 0.961208 0.084741 0.965893
