epoch time fwd_time bwd_time loss acc val_loss val_acc
0 7.7650 3.9634 3.4133 0.519444 0.758680 0.460532 0.827782
1 7.7641 3.9396 3.4300 0.490951 0.823624 0.459048 0.827782
2 7.7956 3.9280 3.4399 0.473828 0.823624 0.444313 0.827782
3 7.7579 3.9520 3.4064 0.327137 0.823624 0.329565 0.827782
4 7.7651 3.9515 3.4168 0.308853 0.823624 0.309247 0.827782
5 7.8098 3.9755 3.4304 0.485091 0.823624 0.453897 0.827782
6 7.7377 3.9288 3.4288 0.480535 0.823624 0.448692 0.827782
7 7.7692 3.9414 3.4371 0.397749 0.823624 0.369342 0.827782
8 7.7485 3.8934 3.4541 0.327972 0.823624 0.318650 0.827782
9 7.7864 3.9232 3.4603 0.284751 0.838319 0.281059 0.864932
10 7.8821 4.0056 3.4733 0.250077 0.876551 0.262125 0.886309
11 7.7179 3.8907 3.4290 0.238542 0.889432 0.253325 0.896477
12 7.8925 3.9941 3.4930 0.229028 0.891451 0.247567 0.897758
13 7.7409 3.8961 3.4478 0.223488 0.893425 0.243465 0.899119
14 7.7916 3.9324 3.4687 0.219020 0.893968 0.240756 0.899840
15 7.7574 3.9534 3.4099 0.215409 0.894760 0.238360 0.901201
16 7.8919 4.0134 3.4786 0.213627 0.895587 0.236640 0.901681
17 7.8931 4.0281 3.4724 0.212218 0.896236 0.235501 0.902162
18 7.7492 3.9133 3.4457 0.208582 0.897197 0.232529 0.902082
19 7.7802 3.9627 3.4244 0.205144 0.898718 0.230278 0.902722
20 7.7210 3.9072 3.4220 0.201318 0.900622 0.227470 0.906405
21 7.7278 3.9245 3.4090 0.195587 0.902766 0.223904 0.906966
22 7.7338 3.9135 3.4263 0.192371 0.903940 0.221391 0.908167
23 7.6655 3.8600 3.4005 0.191568 0.905212 0.217780 0.909768
24 7.8484 4.0077 3.4531 0.189796 0.906493 0.213694 0.911449
25 7.8045 3.9675 3.4451 0.187226 0.907827 0.210089 0.913371
26 7.8727 4.0240 3.4447 0.184529 0.908770 0.206788 0.914251
27 7.9000 3.9987 3.4653 0.182848 0.909695 0.204251 0.914251
28 7.7356 3.9072 3.4323 0.182903 0.910344 0.200791 0.915532
29 7.8012 3.9430 3.4542 0.180798 0.911785 0.197722 0.916653
30 7.7639 3.9394 3.4295 0.179789 0.912862 0.193774 0.919456
31 7.7341 3.8890 3.4453 0.179677 0.914374 0.194193 0.918815
32 7.6790 3.8709 3.4242 0.178015 0.914836 0.191323 0.920576
33 7.7856 3.9392 3.4495 0.175612 0.915922 0.188233 0.922418
34 7.7891 3.9324 3.4612 0.172350 0.917550 0.185593 0.924259
35 7.8164 3.9936 3.4279 0.167318 0.919062 0.184251 0.925300
36 7.8216 3.9735 3.4425 0.165832 0.920939 0.179192 0.927062
37 7.8345 4.0026 3.4221 0.164700 0.922647 0.173609 0.929303
38 7.8038 3.9685 3.4335 0.163590 0.924079 0.171610 0.931385
39 7.8891 4.0134 3.4752 0.156453 0.924861 0.165915 0.932986
40 7.7451 3.9336 3.4153 0.155762 0.926027 0.162904 0.935228
41 7.8802 4.0016 3.4785 0.156177 0.927806 0.160404 0.935789
42 7.8552 4.0234 3.4357 0.153922 0.929345 0.156819 0.938911
43 7.7903 3.9531 3.4391 0.149032 0.930599 0.151925 0.940592
44 7.7469 3.9106 3.4306 0.149313 0.931969 0.149149 0.941713
45 7.7922 3.9565 3.4319 0.143927 0.933908 0.144796 0.943555
46 7.6372 3.8353 3.4031 0.138530 0.934975 0.141347 0.944676
47 7.8454 3.9852 3.4666 0.139993 0.936434 0.139228 0.946677
48 7.8484 3.9843 3.4625 0.135337 0.937866 0.137204 0.947558
49 7.7857 3.9754 3.4135 0.133981 0.939610 0.137828 0.944996
