epoch time fwd_time bwd_time loss acc val_loss val_acc
0 7.7222 3.8960 3.4204 0.496241 0.792633 0.460283 0.827782
1 7.8643 3.9428 3.4743 0.482525 0.823624 0.451501 0.827782
2 7.8772 4.0003 3.4719 0.317415 0.823624 0.310399 0.827782
3 7.7397 3.9054 3.4193 0.462370 0.834236 0.439502 0.827782
4 7.7460 3.9070 3.4313 0.324417 0.849928 0.315893 0.857726
5 7.8437 3.9635 3.4739 0.257996 0.874905 0.273722 0.881185
6 7.8754 4.0237 3.4409 0.230391 0.880536 0.264490 0.894876
7 7.8840 4.0055 3.4679 0.223306 0.886229 0.241669 0.895036
8 7.7801 3.8875 3.4913 0.216687 0.892403 0.231814 0.899199
9 7.9173 4.0451 3.4805 0.210474 0.895267 0.230909 0.898639
10 7.8137 3.9679 3.4334 0.207098 0.898656 0.228436 0.900560
11 7.8312 3.9802 3.4418 0.198065 0.901316 0.215632 0.909127
12 7.8466 3.9846 3.4424 0.196005 0.904527 0.211539 0.910168
13 7.8357 3.9945 3.4414 0.201384 0.906128 0.206139 0.914171
14 7.7830 3.9547 3.4240 0.199311 0.908343 0.203123 0.915933
15 7.8669 4.0223 3.4304 0.184846 0.910300 0.201288 0.916653
16 7.7783 3.9354 3.4420 0.179006 0.911029 0.198620 0.917374
17 7.9161 4.0195 3.4816 0.173249 0.912782 0.196760 0.917374
18 7.7658 3.9371 3.4089 0.168118 0.914018 0.195498 0.918255
19 7.8124 3.9623 3.4456 0.163647 0.915352 0.193851 0.918895
20 7.7267 3.8888 3.4290 0.159725 0.916607 0.192020 0.919616
21 7.7090 3.8705 3.4194 0.156106 0.918021 0.190015 0.921137
22 7.8114 3.9930 3.4070 0.152724 0.919204 0.187932 0.922338
23 7.7973 3.9617 3.4226 0.149280 0.920271 0.186334 0.923379
24 7.8083 3.9705 3.4341 0.146258 0.921330 0.185329 0.923859
25 7.8397 3.9259 3.4986 0.149015 0.923349 0.181408 0.925220
26 7.7960 3.9293 3.4139 0.149475 0.927379 0.161062 0.935148
27 7.8327 3.9611 3.4580 0.148932 0.927975 0.171058 0.929464
28 7.7431 3.9246 3.4102 0.136503 0.930341 0.158136 0.934588
29 7.8216 3.9520 3.4580 0.148356 0.929078 0.153617 0.936589
30 7.8498 4.0038 3.4273 0.130342 0.931711 0.153185 0.937070
31 7.7947 3.9411 3.4464 0.174663 0.927130 0.213327 0.911209
32 7.7971 3.9085 3.4733 0.145674 0.930581 0.150254 0.937630
33 7.7609 3.9205 3.4374 0.124566 0.934202 0.150834 0.938911
34 7.8437 3.9783 3.4573 0.182174 0.930030 0.166197 0.933307
35 7.7827 3.8990 3.4796 0.137215 0.932849 0.144651 0.939071
36 7.8064 3.9430 3.4511 0.125898 0.934326 0.143941 0.939472
37 7.7776 3.9252 3.4420 0.120580 0.935171 0.143515 0.939071
38 7.7513 3.9335 3.4213 0.119737 0.935571 0.142731 0.939311
39 7.7575 3.9283 3.4192 0.123085 0.935927 0.141696 0.940112
40 7.8775 3.9900 3.4731 0.124101 0.935989 0.140804 0.940032
41 7.7999 3.9402 3.4462 0.121855 0.936185 0.140782 0.941073
42 7.7721 3.9272 3.4386 0.121563 0.936479 0.140455 0.940673
43 7.7740 3.9042 3.4523 0.121651 0.936523 0.140492 0.940993
44 7.6874 3.8387 3.4386 0.121639 0.936434 0.140200 0.940673
45 7.8457 3.9771 3.4657 0.121761 0.936568 0.139641 0.940913
46 7.8632 4.0343 3.4316 0.122182 0.936585 0.139192 0.940833
47 7.7598 3.9337 3.4174 0.120300 0.936505 0.137587 0.942114
48 7.8782 3.9990 3.4564 0.120488 0.937475 0.137289 0.941954
49 7.8126 3.9480 3.4474 0.121262 0.936861 0.136748 0.942114
