epoch time fwd_time bwd_time loss acc val_loss val_acc
0 7.7900 3.9448 3.4421 0.489847 0.823624 0.458448 0.827782
1 7.8212 3.9669 3.4407 0.314443 0.824896 0.335306 0.838351
2 7.8119 3.9628 3.4350 0.250001 0.881790 0.250538 0.889672
3 7.8318 3.9820 3.4418 0.205804 0.892109 0.243422 0.896717
4 7.7564 3.9114 3.4314 0.196984 0.896192 0.237668 0.899600
5 7.7810 3.9092 3.4689 0.193528 0.897873 0.230935 0.901441
6 7.8021 3.9262 3.4729 0.194387 0.899225 0.222549 0.903523
7 7.8311 3.9659 3.4557 0.194776 0.900310 0.215162 0.904003
8 7.8017 3.9673 3.4283 0.196418 0.901138 0.209083 0.910088
9 7.8012 3.9544 3.3982 0.188928 0.903353 0.209964 0.905044
10 7.7558 3.9267 3.4136 0.194983 0.903095 0.202884 0.910649
11 7.7876 3.9148 3.4589 0.185818 0.904918 0.201651 0.915132
12 7.9031 4.0273 3.4667 0.181701 0.906644 0.198133 0.917054
13 7.8076 3.9699 3.4321 0.187826 0.909908 0.192830 0.917294
14 7.7633 3.9334 3.4135 0.173330 0.911599 0.191514 0.916253
15 7.8648 3.9634 3.4825 0.184571 0.912844 0.182723 0.922498
16 7.7501 3.9016 3.4408 0.183574 0.898674 0.196927 0.920496
17 7.8150 3.9949 3.4121 0.160640 0.912097 0.192161 0.915532
18 7.6523 3.8350 3.4096 0.162248 0.911011 0.184368 0.922898
19 7.6355 3.8444 3.3969 0.153682 0.916865 0.175285 0.925380
20 7.7395 3.9065 3.4308 0.146422 0.918039 0.171091 0.927542
21 7.8770 4.0384 3.4378 0.139732 0.920716 0.169149 0.928022
22 7.8038 3.9653 3.4127 0.138237 0.923412 0.165788 0.929704
23 7.8801 3.9976 3.4704 0.135538 0.925226 0.161185 0.932106
24 7.8580 4.0018 3.4425 0.256570 0.922246 0.230245 0.900240
25 7.8382 3.9965 3.4357 0.135190 0.923910 0.157584 0.933066
26 7.6814 3.8760 3.3938 0.131449 0.926827 0.154609 0.932426
27 7.8639 4.0114 3.4364 0.128564 0.929096 0.152706 0.932586
28 7.8037 3.9388 3.4647 0.125762 0.931070 0.148531 0.935789
29 7.8585 4.0148 3.4404 0.123557 0.931889 0.146784 0.936509
30 7.8439 3.9381 3.5062 0.122250 0.933143 0.146438 0.936429
31 7.8174 3.9752 3.4234 0.122360 0.934113 0.146128 0.936509
32 7.7669 3.9073 3.4611 0.123863 0.935269 0.145359 0.937310
33 7.8195 3.9816 3.4310 0.125761 0.936772 0.136289 0.943395
34 7.7619 3.9105 3.4370 0.112610 0.938658 0.133383 0.943395
35 7.7674 3.9392 3.4238 0.125302 0.939574 0.135073 0.943074
36 7.7293 3.8985 3.4138 0.128861 0.941736 0.126913 0.948038
37 7.6708 3.8474 3.4106 0.108484 0.943408 0.117184 0.953723
38 7.8348 3.9866 3.4069 0.114509 0.946744 0.112010 0.956765
39 7.8287 3.9313 3.4812 0.113940 0.947464 0.109985 0.955084
40 7.8291 4.0170 3.4148 0.095722 0.949786 0.102596 0.957966
41 7.7419 3.9034 3.4292 0.096334 0.951716 0.099570 0.959007
42 7.8645 4.0343 3.4197 0.093228 0.952784 0.096622 0.960849
43 7.8601 3.9975 3.4533 0.097023 0.954082 0.097463 0.959488
44 7.8424 3.9702 3.4544 0.101581 0.952383 0.120708 0.948759
45 7.8261 3.9760 3.4305 0.096211 0.954171 0.102005 0.960128
46 7.7896 3.9586 3.4292 0.095264 0.955897 0.105593 0.957806
47 7.7626 3.9389 3.4201 0.093104 0.956680 0.101549 0.959007
48 7.7607 3.9136 3.4377 0.091938 0.957214 0.099176 0.960608
49 7.7427 3.8875 3.4465 0.091336 0.957854 0.097506 0.961249
