epoch time fwd_time bwd_time loss acc val_loss val_acc
0 7.7665 3.9003 3.4561 0.492631 0.804473 0.458709 0.827782
1 7.8637 4.0378 3.4255 0.422516 0.823624 0.401683 0.827782
2 7.9858 4.1419 3.4325 0.315784 0.823624 0.305294 0.827782
3 7.7656 3.9083 3.4369 0.258160 0.863084 0.266253 0.888391
4 7.7996 3.9427 3.4334 0.227128 0.890837 0.245195 0.895196
5 7.8628 3.9681 3.4702 0.216528 0.890392 0.232356 0.902402
6 7.7771 3.9349 3.4222 0.211493 0.893363 0.227190 0.904484
7 7.8988 3.9898 3.4716 0.213270 0.894066 0.220412 0.903523
8 7.8391 3.9982 3.4134 0.205471 0.899030 0.220225 0.901761
9 7.7800 3.9402 3.4180 0.185827 0.901467 0.210498 0.905845
10 7.8314 3.9404 3.4687 0.185367 0.903708 0.204220 0.909047
11 7.7074 3.8620 3.4227 0.183230 0.905932 0.201023 0.910649
12 7.7885 3.9290 3.4258 0.176004 0.908645 0.202007 0.907286
13 7.8567 3.9888 3.4069 0.172800 0.909731 0.194516 0.913050
14 7.8550 3.9800 3.4539 0.175357 0.911883 0.187412 0.918094
15 7.8130 3.9536 3.4235 0.171028 0.914578 0.182162 0.920897
16 7.7619 3.8943 3.4273 0.163261 0.917176 0.187365 0.916974
17 7.8303 3.9159 3.4488 0.163833 0.919168 0.175788 0.924179
18 7.7617 3.9065 3.4339 0.175550 0.921348 0.192805 0.916333
19 7.8651 4.0053 3.4339 0.155438 0.922985 0.162024 0.931145
20 7.7755 3.9364 3.4115 0.144825 0.923661 0.176417 0.922498
21 7.9369 4.0092 3.5010 0.140540 0.923447 0.167351 0.928663
22 7.7420 3.8911 3.4230 0.135546 0.927886 0.157303 0.931625
23 7.7762 3.8905 3.4567 0.134433 0.928233 0.163494 0.929384
24 7.8194 3.9606 3.4343 0.128453 0.925440 0.153285 0.932746
25 7.8752 4.0070 3.4406 0.128364 0.931035 0.156042 0.932826
26 7.7904 3.9427 3.4199 0.119908 0.930804 0.145575 0.937550
27 7.7643 3.8735 3.4644 0.121447 0.932921 0.154947 0.933066
28 7.8298 3.9636 3.4379 0.121015 0.934557 0.157257 0.932426
29 7.8702 3.9921 3.4518 0.117410 0.935242 0.150337 0.936109
30 7.8173 3.9049 3.4897 0.118594 0.934210 0.149276 0.936349
31 7.8337 3.9770 3.4151 0.118324 0.935651 0.134086 0.942994
32 7.8353 3.9790 3.4318 0.110728 0.935767 0.138700 0.941313
33 7.8946 4.0241 3.4357 0.112953 0.937528 0.144537 0.938271
34 7.7880 3.9603 3.4030 0.116023 0.942172 0.117564 0.952042
35 7.8463 3.9849 3.4386 0.124796 0.946779 0.108871 0.957166
36 7.8114 3.9415 3.4401 0.104573 0.946032 0.131197 0.943875
37 7.8164 3.9236 3.4504 0.098590 0.948398 0.133777 0.941954
38 7.8244 3.9597 3.4413 0.128189 0.947785 0.105994 0.957566
39 7.7913 3.9418 3.4162 0.117853 0.944796 0.105944 0.958927
40 7.8276 3.9656 3.4386 0.116334 0.947811 0.112363 0.955645
41 7.8600 3.9814 3.4455 0.126550 0.951672 0.105433 0.959327
42 7.8483 3.9746 3.4096 0.117927 0.949030 0.105028 0.960528
43 7.7276 3.8908 3.3966 0.118365 0.952392 0.103796 0.958127
44 7.8126 3.9396 3.4336 0.097096 0.950854 0.103530 0.956845
45 7.7554 3.8795 3.4537 0.095237 0.952357 0.103507 0.955885
46 7.8188 3.9081 3.4773 0.093664 0.952713 0.097221 0.961970
47 7.7898 3.9355 3.4290 0.094540 0.952508 0.108555 0.954524
48 7.7554 3.8849 3.4485 0.129637 0.953513 0.107727 0.954684
49 7.8765 3.9743 3.4774 0.101280 0.951538 0.103829 0.959007
