epoch time fwd_time bwd_time loss acc val_loss val_acc
0 7.8606 4.0039 3.4403 0.493843 0.764915 0.459296 0.827782
1 7.7091 3.8598 3.4190 0.453711 0.823624 0.428657 0.827782
2 7.8290 3.9579 3.4333 0.357403 0.823624 0.344181 0.827782
3 7.7701 3.9504 3.3881 0.315239 0.823989 0.303243 0.833867
4 7.7407 3.9096 3.4059 0.269795 0.857818 0.264989 0.891433
5 7.7527 3.9030 3.4253 0.242873 0.886318 0.250702 0.893435
6 7.8602 3.9714 3.4663 0.239473 0.889618 0.237989 0.899359
7 7.8313 3.9472 3.4483 0.224642 0.894484 0.230564 0.902882
8 7.8974 4.0186 3.4427 0.210704 0.896850 0.227994 0.903763
9 7.7182 3.8664 3.4208 0.203603 0.899670 0.222010 0.906725
10 7.7835 3.9321 3.4244 0.195758 0.902499 0.214737 0.908887
11 7.8435 3.9689 3.4418 0.196953 0.904296 0.210630 0.910568
12 7.8529 3.9928 3.4273 0.200412 0.905372 0.206729 0.912650
13 7.7755 3.9188 3.4278 0.202243 0.906288 0.203198 0.914652
14 7.7543 3.8916 3.4288 0.198253 0.908512 0.201886 0.914732
15 7.8750 3.9971 3.4344 0.191663 0.909722 0.202716 0.914572
16 7.8626 4.0123 3.4228 0.184450 0.910940 0.203224 0.913050
17 7.8838 3.9797 3.4732 0.177941 0.912203 0.202780 0.913131
18 7.8946 3.9991 3.4598 0.173495 0.913226 0.201583 0.914171
19 7.7772 3.9246 3.4312 0.169539 0.914205 0.200496 0.913851
20 7.8416 3.9573 3.4486 0.165920 0.915263 0.199727 0.914572
21 7.8166 3.9647 3.3872 0.162909 0.916304 0.198417 0.915052
22 7.7966 3.9278 3.4420 0.159959 0.916962 0.197139 0.915372
23 7.7593 3.8875 3.4335 0.157079 0.917683 0.196330 0.915372
24 7.8346 3.9653 3.4387 0.154574 0.918519 0.194521 0.916173
25 7.8069 3.9589 3.4191 0.152127 0.919168 0.193083 0.917454
26 7.6969 3.8541 3.4143 0.149830 0.920271 0.191387 0.918335
27 7.9115 4.0440 3.4264 0.147726 0.920948 0.189772 0.918975
28 7.8602 3.9989 3.4317 0.145739 0.921517 0.188465 0.919856
29 7.8245 3.9845 3.4084 0.144029 0.922575 0.187265 0.920256
30 7.8748 3.9811 3.4508 0.143513 0.923865 0.186303 0.920817
31 7.8253 3.9518 3.4390 0.142991 0.925529 0.178028 0.924580
32 7.7231 3.8770 3.4208 0.143550 0.927468 0.183758 0.921697
33 7.8081 3.9540 3.4279 0.144960 0.927824 0.180026 0.923299
34 7.7958 3.9516 3.4115 0.144382 0.927930 0.174456 0.926661
35 7.8116 3.9338 3.4464 0.138424 0.928402 0.175660 0.925140
36 7.7914 3.9233 3.4358 0.141232 0.928366 0.173412 0.926261
37 7.8746 4.0268 3.4139 0.135717 0.929060 0.172465 0.927062
38 7.7718 3.9219 3.4238 0.136655 0.929443 0.174488 0.926021
39 7.8472 3.9789 3.4371 0.135713 0.929620 0.170511 0.928102
40 7.8705 4.0059 3.4279 0.132302 0.930288 0.170650 0.928423
41 7.8677 3.9691 3.4743 0.130580 0.929905 0.166250 0.930024
42 7.7409 3.8983 3.4018 0.137821 0.931373 0.155656 0.935629
43 7.8748 3.9958 3.4477 0.132116 0.932147 0.149420 0.937470
44 7.8152 3.9675 3.4206 0.122025 0.933285 0.145118 0.940432
45 7.8072 3.9702 3.4205 0.120475 0.933579 0.144047 0.940032
46 7.7524 3.8823 3.4051 0.126912 0.934148 0.144441 0.939231
47 7.7926 3.9307 3.4214 0.118464 0.934344 0.147879 0.938110
48 7.8380 3.9887 3.4097 0.133928 0.932209 0.147939 0.937870
49 7.7810 3.9117 3.4382 0.118392 0.934895 0.143349 0.940913
