epoch time fwd_time bwd_time loss acc val_loss val_acc
0 7.8944 4.0048 3.4798 0.324745 0.824852 0.333408 0.865733
1 7.7600 3.9382 3.4242 0.227370 0.879398 0.251017 0.894716
2 7.8484 3.9949 3.4374 0.221966 0.891887 0.234739 0.899440
3 7.8533 4.0097 3.4371 0.201780 0.897001 0.219238 0.905604
4 7.8504 3.9834 3.4562 0.207559 0.899697 0.247981 0.888231
5 7.8042 3.9167 3.4575 0.196931 0.903771 0.211643 0.906005
6 7.8409 3.9884 3.4446 0.186253 0.910860 0.186264 0.919376
7 7.7250 3.9031 3.4138 0.188471 0.913600 0.208105 0.911689
8 7.8277 3.9967 3.4163 0.154063 0.919071 0.162716 0.930825
9 7.8117 3.9482 3.4572 0.143367 0.927263 0.202928 0.908086
10 7.8082 3.9821 3.4124 0.111581 0.932164 0.134422 0.944916
11 7.7925 3.9743 3.4225 0.110005 0.938791 0.128231 0.947158
12 7.8691 3.9946 3.4722 0.111699 0.940659 0.121769 0.949720
13 7.7970 3.9548 3.4350 0.113303 0.944253 0.115229 0.951882
14 7.7927 3.9442 3.4458 0.099328 0.945952 0.113284 0.951801
15 7.8238 3.9717 3.4361 0.102221 0.946272 0.107679 0.954844
16 7.7993 3.9492 3.4465 0.092964 0.946006 0.105618 0.956685
17 7.8176 3.9636 3.4439 0.090347 0.949324 0.107407 0.953243
18 7.7976 3.9261 3.4649 0.087326 0.949599 0.104296 0.956125
19 7.8301 3.9842 3.4312 0.086392 0.950453 0.101192 0.957486
20 7.8012 3.9432 3.4516 0.085263 0.951503 0.101101 0.957486
21 7.7877 3.9249 3.4554 0.085788 0.952357 0.097670 0.958767
22 7.8474 4.0098 3.4357 0.089750 0.953273 0.097201 0.959087
23 7.7412 3.8574 3.4751 0.097555 0.953647 0.113775 0.951962
24 7.7344 3.9039 3.4166 0.095752 0.954794 0.119184 0.948118
25 7.8649 4.0216 3.4252 0.094891 0.955479 0.136128 0.939311
26 7.7931 3.9561 3.4254 0.093774 0.956013 0.129664 0.943235
27 7.8689 4.0040 3.4459 0.094863 0.956573 0.141511 0.938110
28 7.7619 3.9307 3.4297 0.094571 0.956449 0.134888 0.942914
29 7.7668 3.9290 3.4347 0.097488 0.955933 0.125692 0.946677
30 7.7822 3.8876 3.4583 0.081979 0.957347 0.091506 0.963571
31 7.7741 3.9449 3.4254 0.088534 0.957712 0.110520 0.955564
32 7.7173 3.9052 3.4094 0.098997 0.958548 0.123299 0.947798
33 7.8265 3.9837 3.4334 0.087730 0.957801 0.102918 0.958847
34 7.7926 3.9333 3.4133 0.104797 0.959171 0.119569 0.949880
35 7.7152 3.8813 3.4305 0.088374 0.957996 0.123115 0.949560
36 7.8235 3.9810 3.4398 0.114915 0.958352 0.097499 0.961970
37 7.8535 3.9906 3.4609 0.107865 0.958788 0.104378 0.956685
38 7.8339 3.9824 3.4365 0.099299 0.958165 0.106485 0.955725
39 7.7829 3.9247 3.4420 0.123787 0.959099 0.090116 0.963891
40 7.8703 3.9749 3.4858 0.120191 0.958797 0.084886 0.966533
41 7.7527 3.8930 3.4494 0.096624 0.958744 0.097553 0.959568
42 7.8478 3.9997 3.4338 0.110024 0.958343 0.082444 0.967174
43 7.7702 3.9243 3.4497 0.083423 0.960122 0.078602 0.968295
44 7.6776 3.8628 3.4091 0.085519 0.962800 0.108590 0.954444
45 7.7432 3.9068 3.4234 0.085334 0.960265 0.082359 0.968295
46 7.8564 4.0042 3.4437 0.085878 0.961074 0.100696 0.959087
47 7.7606 3.9516 3.4088 0.088284 0.959767 0.092566 0.962130
48 7.8392 4.0065 3.4160 0.127264 0.961119 0.083445 0.966133
49 7.8007 3.9719 3.4212 0.084527 0.960114 0.089689 0.963411
