epoch time fwd_time bwd_time loss acc val_loss val_acc
0 7.4302 3.8762 3.1741 0.640842 0.382987 0.640358 0.826101
1 7.4067 3.8549 3.1735 0.522204 0.823811 0.524864 0.826101
2 7.3460 3.7803 3.2037 0.479207 0.823811 0.483646 0.826101
3 7.4904 3.9255 3.2028 0.463582 0.823811 0.469046 0.826101
4 7.4479 3.9190 3.1593 0.457944 0.823811 0.464030 0.826101
5 7.3888 3.8647 3.1471 0.456031 0.823811 0.462474 0.826101
6 7.4492 3.9030 3.1684 0.455387 0.823811 0.462012 0.826101
7 7.5177 3.9693 3.1757 0.455138 0.823811 0.461843 0.826101
8 7.4301 3.8768 3.1751 0.455007 0.823811 0.461741 0.826101
9 7.4623 3.8848 3.2115 0.454907 0.823811 0.461649 0.826101
10 7.4292 3.8644 3.1916 0.454804 0.823811 0.461548 0.826101
11 7.4409 3.9209 3.1491 0.454681 0.823811 0.461430 0.826101
12 7.4599 3.9188 3.1707 0.454525 0.823811 0.461284 0.826101
13 7.4593 3.8963 3.1831 0.454321 0.823811 0.461101 0.826101
14 7.4043 3.8742 3.1585 0.454055 0.823811 0.460868 0.826101
15 7.5126 3.9650 3.1775 0.453683 0.823811 0.460555 0.826101
16 7.4709 3.9253 3.1836 0.452961 0.823811 0.460004 0.826101
17 7.5158 3.9606 3.1789 0.447205 0.823811 0.455416 0.826101
18 7.5903 3.9434 3.2688 0.388951 0.823811 0.399437 0.826101
19 7.4795 3.9188 3.1912 0.370216 0.823811 0.382861 0.826101
20 7.5367 3.9758 3.1928 0.361225 0.823811 0.374346 0.826101
21 7.3771 3.8436 3.1609 0.354006 0.823811 0.367701 0.826101
22 7.4969 3.9137 3.2004 0.346962 0.823811 0.361480 0.826101
23 7.2838 3.7570 3.1604 0.340054 0.823811 0.354803 0.826101
24 7.4227 3.8822 3.1711 0.334309 0.823811 0.346621 0.826101
25 7.6038 3.9333 3.2743 0.317068 0.823811 0.332832 0.826101
26 7.5996 3.9433 3.2902 0.286286 0.850150 0.258477 0.898879
27 7.4501 3.9044 3.1845 0.220765 0.895320 0.237412 0.901121
28 7.4529 3.9049 3.1727 0.207100 0.900195 0.224257 0.905444
29 7.4321 3.9100 3.1554 0.199624 0.904554 0.216050 0.909127
30 7.4448 3.9103 3.1670 0.193368 0.906697 0.211616 0.911689
31 7.4025 3.8776 3.1635 0.187452 0.908565 0.208057 0.913291
32 7.4574 3.9210 3.1671 0.182452 0.910095 0.204780 0.915292
33 7.5637 3.9620 3.2286 0.178279 0.911483 0.201824 0.916253
34 7.3625 3.8459 3.1529 0.174577 0.912657 0.199116 0.917774
35 7.4264 3.8803 3.1688 0.171213 0.913885 0.196598 0.918575
36 7.4322 3.8999 3.1595 0.168154 0.914774 0.194258 0.920176
37 7.4333 3.8865 3.1718 0.165375 0.915931 0.192097 0.921297
38 7.3927 3.8694 3.1501 0.162838 0.916838 0.190109 0.922098
39 7.4897 3.9054 3.2040 0.160505 0.917807 0.188264 0.922498
40 7.4526 3.8953 3.1804 0.158340 0.918519 0.186518 0.923219
41 7.6200 3.9657 3.2792 0.156310 0.919320 0.184819 0.924099
42 7.3870 3.8558 3.1393 0.154385 0.920094 0.183134 0.924740
43 7.6483 3.9704 3.3044 0.152529 0.920850 0.181464 0.925300
44 7.4214 3.8878 3.1635 0.150712 0.921535 0.179819 0.925620
45 7.5897 3.9691 3.2477 0.148920 0.922371 0.178201 0.926261
46 7.3920 3.8569 3.1485 0.147147 0.923189 0.176597 0.927222
47 7.5629 3.9433 3.2325 0.145390 0.923838 0.174978 0.928102
48 7.5602 3.9205 3.2683 0.143632 0.924773 0.173291 0.928583
49 7.4577 3.9093 3.1692 0.141828 0.925484 0.171433 0.928823
