epoch time fwd_time bwd_time loss acc val_loss val_acc
0 7.3377 3.8034 3.1704 0.495792 0.823811 0.499847 0.826101
1 7.2992 3.7881 3.1609 0.464342 0.823811 0.469844 0.826101
2 7.4545 3.9223 3.1658 0.455394 0.823811 0.462045 0.826101
3 7.4393 3.8999 3.1763 0.454779 0.823811 0.461634 0.826101
4 7.5056 3.9375 3.2114 0.454455 0.823811 0.461373 0.826101
5 7.3727 3.8543 3.1486 0.453724 0.823811 0.460790 0.826101
6 7.3776 3.8680 3.1513 0.450428 0.823811 0.458198 0.826101
7 7.4022 3.8995 3.1489 0.373274 0.823811 0.393785 0.826101
8 7.5835 3.9571 3.2642 0.355188 0.823811 0.380567 0.826101
9 7.3708 3.8658 3.1445 0.346738 0.823802 0.372235 0.826101
10 7.5806 3.9657 3.2567 0.341249 0.823722 0.366239 0.826021
11 7.4212 3.8942 3.1663 0.336328 0.823864 0.360644 0.826661
12 7.4156 3.8883 3.1642 0.330390 0.824176 0.354165 0.826902
13 7.5396 3.8989 3.2627 0.323724 0.825839 0.345170 0.827782
14 7.4076 3.8642 3.1770 0.310737 0.830171 0.330732 0.836269
15 7.5208 3.9551 3.2018 0.275353 0.844083 0.303108 0.859408
16 7.4006 3.8860 3.1514 0.242122 0.873562 0.280619 0.878223
17 7.4470 3.8858 3.1501 0.232584 0.881310 0.266094 0.886149
18 7.4408 3.8894 3.1805 0.223041 0.884726 0.257419 0.889672
19 7.5277 3.9305 3.2260 0.215695 0.887724 0.250576 0.892874
20 7.4103 3.8738 3.1625 0.209830 0.890579 0.244784 0.896637
21 7.5903 3.9339 3.2424 0.204902 0.892838 0.239676 0.898078
22 7.5280 3.9340 3.2257 0.200545 0.894831 0.235039 0.900641
23 7.4308 3.9019 3.1675 0.196541 0.897126 0.230752 0.903283
24 7.4219 3.8608 3.1940 0.192787 0.899154 0.226747 0.904003
25 7.4257 3.8860 3.1613 0.189253 0.900995 0.222990 0.905444
26 7.4162 3.8955 3.1553 0.185942 0.902659 0.219468 0.906805
27 7.4443 3.9064 3.1772 0.182870 0.904482 0.216177 0.908407
28 7.4969 3.9035 3.2271 0.180035 0.906048 0.213115 0.908727
29 7.4075 3.8444 3.1540 0.177419 0.907409 0.210270 0.910328
30 7.3966 3.8838 3.1603 0.174994 0.909055 0.207629 0.911449
31 7.4382 3.9149 3.1620 0.172733 0.910611 0.205175 0.912410
32 7.4101 3.8693 3.1682 0.170608 0.911714 0.202890 0.913531
33 7.5601 3.9514 3.2288 0.168593 0.912888 0.200747 0.914652
34 7.4269 3.8940 3.1708 0.166661 0.914249 0.198723 0.915853
35 7.4267 3.8891 3.1736 0.164787 0.915210 0.196797 0.917134
36 7.4797 3.9262 3.1920 0.162947 0.915993 0.194961 0.918175
37 7.7926 4.0714 3.3467 0.161133 0.917096 0.193217 0.919376
38 7.5991 3.9504 3.2700 0.159350 0.918021 0.191567 0.920016
39 7.4600 3.9071 3.1778 0.157618 0.918626 0.190007 0.920016
40 7.5034 3.9394 3.1978 0.155956 0.919524 0.188532 0.920897
41 7.6146 3.9887 3.2479 0.154376 0.920245 0.187133 0.921377
42 7.5431 3.9255 3.2534 0.152883 0.920761 0.185800 0.921857
43 7.4341 3.8824 3.1736 0.151475 0.921339 0.184525 0.923139
44 7.5019 3.9277 3.2137 0.150144 0.921837 0.183301 0.923699
45 7.4393 3.8945 3.1770 0.148882 0.922273 0.182121 0.924740
46 7.4258 3.8440 3.1852 0.147681 0.922931 0.180979 0.924820
47 7.3117 3.7932 3.1623 0.146531 0.923420 0.179872 0.925220
48 7.5202 3.9130 3.2327 0.145425 0.923838 0.178794 0.925380
49 7.4521 3.9219 3.1649 0.144355 0.924354 0.177741 0.926021
