epoch time fwd_time bwd_time loss acc val_loss val_acc
0 7.4954 3.9094 3.1788 0.454134 0.823811 0.460997 0.826101
1 7.4635 3.8898 3.1702 0.441541 0.823811 0.449143 0.826101
2 7.6226 3.9665 3.2560 0.349701 0.822779 0.362763 0.825701
3 7.4796 3.9033 3.1390 0.338357 0.824798 0.344757 0.825781
4 7.4490 3.8684 3.1857 0.335893 0.829415 0.325794 0.838591
5 7.4842 3.8728 3.2158 0.261540 0.851119 0.345181 0.841873
6 7.4512 3.8787 3.1652 0.281522 0.868501 0.274390 0.883427
7 7.5692 3.9410 3.2359 0.192193 0.891157 0.251983 0.887430
8 7.4410 3.8909 3.1595 0.163189 0.902926 0.214777 0.907526
9 7.3721 3.8288 3.1497 0.195606 0.904162 0.195385 0.917214
10 7.5204 3.9142 3.2064 0.174568 0.921526 0.192928 0.916653
11 7.5771 3.8959 3.2958 0.233653 0.921730 0.198226 0.924259
12 7.5210 3.8832 3.2604 0.134713 0.919684 0.166617 0.934027
13 7.4894 3.9242 3.1709 0.292161 0.925413 0.288715 0.849239
14 7.4629 3.8956 3.1698 0.129049 0.915593 0.170293 0.927942
15 7.6015 3.9663 3.2392 0.122088 0.932342 0.153364 0.937950
16 7.4568 3.8638 3.1999 0.161671 0.930047 0.166501 0.930424
17 7.4697 3.9105 3.1543 0.130525 0.932147 0.149246 0.940192
18 7.5216 3.9325 3.1897 0.118122 0.936185 0.141428 0.944035
19 7.5007 3.9187 3.1810 0.132512 0.936327 0.147955 0.941473
20 7.4276 3.8764 3.1576 0.113846 0.938107 0.138138 0.946677
21 7.5293 3.9248 3.2025 0.116429 0.938756 0.133921 0.947238
22 7.4511 3.9115 3.1552 0.106952 0.940757 0.134003 0.947078
23 7.4758 3.8920 3.1914 0.099203 0.943026 0.132539 0.946597
24 7.4730 3.8840 3.1588 0.106181 0.944360 0.136444 0.944756
25 7.4049 3.8470 3.1607 0.093248 0.944609 0.131524 0.946677
26 7.5005 3.8956 3.2009 0.090682 0.947100 0.141680 0.943155
27 7.5226 3.9215 3.2140 0.093379 0.948345 0.129751 0.948199
28 7.5437 3.9598 3.1760 0.089910 0.949110 0.126307 0.949720
29 7.4698 3.8924 3.1743 0.083657 0.950480 0.121847 0.951641
30 7.6153 3.9985 3.2175 0.079902 0.951538 0.120688 0.951081
31 7.4805 3.8988 3.1741 0.075816 0.952526 0.117656 0.953002
32 7.5886 3.9287 3.2700 0.074743 0.953994 0.109645 0.957166
33 7.3563 3.8124 3.1472 0.074347 0.954598 0.101221 0.961009
34 7.4411 3.8879 3.1579 0.069931 0.954661 0.102350 0.959968
35 7.4620 3.8946 3.1790 0.077928 0.955452 0.102055 0.961409
36 7.4140 3.8553 3.1680 0.074549 0.956778 0.100116 0.962130
37 7.3893 3.8299 3.1681 0.066565 0.956431 0.097515 0.961649
38 7.5343 3.9733 3.1666 0.070304 0.956796 0.097458 0.963010
39 7.4005 3.8220 3.1805 0.065061 0.957480 0.096499 0.962690
40 7.4784 3.8722 3.2031 0.062901 0.958050 0.094734 0.963010
41 7.4379 3.8761 3.1641 0.061615 0.958708 0.093389 0.963811
42 7.5053 3.9115 3.1912 0.061014 0.958948 0.092138 0.963891
43 7.4772 3.9156 3.1606 0.060510 0.959233 0.091269 0.963891
44 7.5415 3.9600 3.1827 0.059850 0.959313 0.090731 0.963891
45 7.4733 3.8619 3.2091 0.059111 0.959580 0.090458 0.964131
46 7.4811 3.9127 3.1555 0.058315 0.959856 0.090366 0.964291
47 7.4875 3.9226 3.1641 0.057536 0.959980 0.090324 0.964291
48 7.6197 3.9642 3.2500 0.056849 0.960300 0.090214 0.964772
49 7.4186 3.8667 3.1522 0.056271 0.960380 0.090019 0.964452
