epoch time fwd_time bwd_time loss acc val_loss val_acc
0 7.3662 3.7943 3.1683 0.501660 0.823811 0.504847 0.826101
1 7.5131 3.9574 3.1599 0.460277 0.823811 0.466366 0.826101
2 7.5583 3.9301 3.2394 0.455325 0.823811 0.462264 0.826101
3 7.5057 3.9239 3.1862 0.454653 0.823811 0.461738 0.826101
4 7.3376 3.8067 3.1450 0.454344 0.823811 0.461410 0.826101
5 7.4664 3.9018 3.1721 0.454025 0.823811 0.461083 0.826101
6 7.3868 3.8173 3.1853 0.453579 0.823811 0.460656 0.826101
7 7.6225 3.9740 3.2636 0.452672 0.823811 0.459782 0.826101
8 7.4826 3.8903 3.2091 0.418299 0.823740 0.420500 0.822578
9 7.4744 3.8939 3.1838 0.362801 0.821418 0.378552 0.826101
10 7.4524 3.8892 3.1593 0.353028 0.823864 0.366078 0.826341
11 7.5754 3.9778 3.1945 0.342360 0.824371 0.356010 0.827542
12 7.4189 3.8677 3.1492 0.336927 0.827769 0.344316 0.836269
13 7.5476 3.9028 3.2499 0.295301 0.846654 0.307902 0.870777
14 7.5379 3.9125 3.2352 0.238332 0.885064 0.260975 0.896157
15 7.4945 3.9193 3.1861 0.213152 0.892403 0.244769 0.898159
16 7.5216 3.9267 3.2035 0.206983 0.898789 0.232733 0.903443
17 7.4442 3.8771 3.1802 0.192852 0.902623 0.224130 0.906565
18 7.5379 3.9184 3.2230 0.182123 0.905265 0.216749 0.909367
19 7.4262 3.8676 3.1702 0.175634 0.907685 0.211082 0.911129
20 7.4140 3.8333 3.1522 0.170678 0.909259 0.206294 0.913211
21 7.4082 3.8720 3.1453 0.166830 0.910709 0.202145 0.914812
22 7.5043 3.9253 3.1855 0.164002 0.912284 0.198544 0.916013
23 7.5465 3.9644 3.1843 0.160755 0.913449 0.195878 0.917134
24 7.4715 3.9225 3.1529 0.158266 0.914534 0.193360 0.918014
25 7.3821 3.8496 3.1397 0.158526 0.915432 0.191530 0.919295
26 7.4743 3.9258 3.1592 0.154436 0.915993 0.189143 0.919536
27 7.4336 3.8791 3.1589 0.152662 0.916954 0.187358 0.920336
28 7.5796 3.9445 3.2500 0.150958 0.917647 0.185760 0.920897
29 7.4014 3.8566 3.1532 0.149491 0.918590 0.184255 0.921457
30 7.4407 3.8789 3.1730 0.148003 0.919373 0.182739 0.922098
31 7.5335 3.9309 3.2115 0.146806 0.919960 0.181279 0.922498
32 7.4404 3.8788 3.1725 0.145359 0.920743 0.179985 0.923139
33 7.3957 3.8530 3.1492 0.143496 0.921383 0.179131 0.923779
34 7.4109 3.8588 3.1549 0.142540 0.921793 0.178001 0.924660
35 7.4652 3.9014 3.1717 0.141858 0.922264 0.176986 0.925220
36 7.5787 3.9996 3.1972 0.140836 0.922922 0.175971 0.925781
37 7.4279 3.8737 3.1653 0.139812 0.923367 0.174955 0.926581
38 7.4540 3.8971 3.1527 0.138865 0.923892 0.174013 0.927222
39 7.5846 3.9585 3.2308 0.137910 0.924328 0.173035 0.927862
40 7.4692 3.9015 3.1789 0.137043 0.924995 0.172134 0.928503
41 7.4869 3.9020 3.1578 0.136253 0.925315 0.171251 0.928823
42 7.4438 3.8349 3.2082 0.135463 0.925724 0.170378 0.929384
43 7.5871 3.9453 3.2455 0.134693 0.926133 0.169518 0.929944
44 7.2747 3.7444 3.1429 0.133974 0.926543 0.168673 0.930745
45 7.4457 3.8784 3.1328 0.133277 0.926987 0.167842 0.931305
46 7.3884 3.8545 3.1469 0.132601 0.927317 0.167020 0.932026
47 7.4833 3.9057 3.1843 0.131939 0.927717 0.166198 0.932506
48 7.5254 3.9542 3.1798 0.131308 0.928090 0.165384 0.933066
49 7.4423 3.9012 3.1555 0.130702 0.928393 0.164580 0.933467
