epoch time fwd_time bwd_time loss acc val_loss val_acc
0 7.4762 3.8760 3.1819 0.510827 0.823811 0.514984 0.826101
1 7.4080 3.8857 3.1550 0.462687 0.823811 0.468934 0.826101
2 7.4714 3.9036 3.1888 0.455479 0.823811 0.462374 0.826101
3 7.5640 3.9447 3.2525 0.454583 0.823811 0.461686 0.826101
4 7.5237 3.9434 3.1418 0.454143 0.823811 0.461357 0.826101
5 7.4307 3.8883 3.1608 0.453391 0.823811 0.460809 0.826101
6 7.4462 3.8752 3.1934 0.451924 0.823811 0.459760 0.826101
7 7.4188 3.8478 3.1833 0.449349 0.823811 0.458045 0.826101
8 7.4778 3.9212 3.1831 0.441774 0.823811 0.453041 0.826101
9 7.4469 3.8876 3.1862 0.360487 0.822334 0.383976 0.825220
10 7.5196 3.9314 3.2105 0.346057 0.823019 0.365167 0.824019
11 7.4474 3.9147 3.1640 0.337164 0.821320 0.354817 0.824580
12 7.5156 3.9606 3.1803 0.331334 0.821952 0.346387 0.826982
13 7.4344 3.8877 3.1716 0.327436 0.823891 0.338349 0.830905
14 7.4718 3.9199 3.1777 0.317183 0.828276 0.326593 0.836109
15 7.2680 3.7547 3.1396 0.288654 0.839111 0.313999 0.848519
16 7.4194 3.8779 3.1617 0.259033 0.866010 0.275053 0.883427
17 7.4269 3.8603 3.1855 0.221249 0.887821 0.247650 0.896157
18 7.4663 3.9050 3.1932 0.214126 0.892536 0.237761 0.900320
19 7.5724 3.9379 3.2492 0.207724 0.896530 0.229830 0.902562
20 7.5521 3.9555 3.2151 0.201184 0.899777 0.224154 0.904243
21 7.5098 3.9137 3.2262 0.194598 0.902223 0.219690 0.907206
22 7.4724 3.9215 3.1775 0.188703 0.904296 0.215881 0.909848
23 7.5782 3.9696 3.2415 0.183582 0.906110 0.212555 0.911609
24 7.4672 3.9150 3.1711 0.179146 0.908032 0.209607 0.911930
25 7.3493 3.8061 3.1706 0.175263 0.909517 0.206954 0.913050
26 7.3561 3.8120 3.1779 0.171818 0.910789 0.204534 0.914011
27 7.4488 3.9085 3.1764 0.168721 0.912203 0.202303 0.914812
28 7.5064 3.9128 3.2171 0.165909 0.913351 0.200234 0.915693
29 7.4788 3.8816 3.1906 0.163345 0.914294 0.198312 0.916493
30 7.4637 3.9237 3.1630 0.160996 0.915148 0.196527 0.917294
31 7.5456 3.9313 3.2394 0.158834 0.916011 0.194861 0.917854
32 7.5024 3.8827 3.2393 0.156832 0.916527 0.193301 0.918495
33 7.4755 3.9299 3.1638 0.154969 0.917256 0.191832 0.919376
34 7.5638 3.9272 3.2540 0.153229 0.917896 0.190446 0.920176
35 7.4504 3.9086 3.1610 0.151596 0.918528 0.189132 0.920977
36 7.4955 3.9267 3.1908 0.150060 0.919346 0.187883 0.921777
37 7.4951 3.8574 3.2254 0.148610 0.919853 0.186692 0.922498
38 7.5207 3.9087 3.2318 0.147239 0.920200 0.185552 0.923139
39 7.4643 3.9111 3.1687 0.145937 0.920645 0.184459 0.924019
40 7.4627 3.9043 3.1742 0.144699 0.921108 0.183408 0.924259
41 7.3905 3.8461 3.1780 0.143519 0.921650 0.182395 0.925060
42 7.5094 3.8877 3.2498 0.142392 0.922157 0.181417 0.925460
43 7.4577 3.8822 3.1911 0.141312 0.922522 0.180471 0.925620
44 7.5363 3.9216 3.2361 0.140276 0.922940 0.179555 0.926101
45 7.5008 3.9446 3.1788 0.139279 0.923198 0.178666 0.926821
46 7.4174 3.8486 3.1908 0.138320 0.923527 0.177801 0.927222
47 7.4817 3.9259 3.1744 0.137393 0.923847 0.176960 0.927542
48 7.4530 3.9170 3.1618 0.136497 0.924159 0.176141 0.927862
49 7.4174 3.8791 3.1604 0.135629 0.924488 0.175343 0.928263
