epoch time fwd_time bwd_time loss acc val_loss val_acc
0 7.4063 3.8552 3.1520 0.454534 0.823811 0.461438 0.826101
1 7.5028 3.9010 3.2064 0.453582 0.823811 0.460467 0.826101
2 7.4430 3.8817 3.1646 0.449613 0.823811 0.456774 0.826101
3 7.5770 3.9624 3.2202 0.336596 0.823295 0.355711 0.823699
4 7.3810 3.8268 3.1569 0.311203 0.826853 0.330049 0.833547
5 7.5296 3.8862 3.2480 0.232229 0.859899 0.264608 0.886469
6 7.6442 3.9677 3.2854 0.194822 0.894386 0.238783 0.897838
7 7.5754 3.9664 3.2171 0.196433 0.910024 0.213456 0.911289
8 7.4396 3.8828 3.1635 0.185912 0.915762 0.227273 0.897998
9 7.4983 3.8808 3.2277 0.157114 0.917870 0.230695 0.894235
10 7.4049 3.7995 3.2070 0.152562 0.920014 0.206716 0.909928
11 7.4922 3.9413 3.1605 0.149149 0.921125 0.197681 0.916333
12 7.4837 3.8913 3.1979 0.144437 0.922504 0.186213 0.920897
13 7.5758 3.9809 3.1983 0.141996 0.922985 0.180858 0.924179
14 7.4537 3.8935 3.1617 0.139958 0.923963 0.176819 0.926661
15 7.4144 3.8602 3.1668 0.137573 0.924995 0.173920 0.928583
16 7.4909 3.8938 3.2051 0.135235 0.925964 0.171719 0.929464
17 7.4537 3.8937 3.1659 0.133126 0.926845 0.169968 0.929784
18 7.4793 3.9024 3.1874 0.131231 0.927663 0.168596 0.930184
19 7.4916 3.9172 3.1802 0.129524 0.928206 0.167537 0.929944
20 7.4812 3.8942 3.1552 0.127999 0.929042 0.166660 0.930584
21 7.4949 3.9271 3.1796 0.126653 0.929754 0.165757 0.931305
22 7.5958 3.9412 3.2608 0.125451 0.930341 0.164622 0.931865
23 7.4318 3.8720 3.1662 0.124328 0.930857 0.163135 0.932586
24 7.4688 3.9075 3.1739 0.123246 0.931764 0.161237 0.933227
25 7.4765 3.9033 3.1830 0.122267 0.932405 0.158865 0.933867
26 7.4602 3.9025 3.1594 0.121585 0.933152 0.155975 0.935148
27 7.6117 3.9870 3.2234 0.121392 0.933855 0.152787 0.937470
28 7.4440 3.8745 3.1310 0.121174 0.934949 0.150005 0.939151
29 7.5168 3.8681 3.2524 0.120037 0.935803 0.147223 0.940192
30 7.4633 3.8898 3.1736 0.118437 0.937021 0.143505 0.941793
31 7.4795 3.9105 3.1698 0.117286 0.938160 0.138348 0.944195
32 7.4920 3.9248 3.1752 0.114389 0.939450 0.134806 0.945877
33 7.5334 3.9448 3.1953 0.115497 0.940784 0.132968 0.945957
34 7.4455 3.9048 3.1436 0.114324 0.941460 0.130913 0.946277
35 7.4538 3.8933 3.1680 0.114657 0.942101 0.129123 0.947558
36 7.5734 3.9639 3.2205 0.113331 0.942981 0.127445 0.948519
37 7.3833 3.8509 3.1444 0.112961 0.943693 0.125928 0.949159
38 7.4379 3.8708 3.1767 0.111679 0.944600 0.124396 0.949880
39 7.5408 3.9287 3.2192 0.110500 0.945267 0.122948 0.950841
40 7.4595 3.8571 3.2053 0.108802 0.945934 0.121447 0.951161
41 7.5596 3.9173 3.2451 0.106761 0.946691 0.119953 0.951882
42 7.4651 3.8982 3.1728 0.104217 0.947518 0.118491 0.952282
43 7.4754 3.9016 3.1813 0.101471 0.948229 0.117231 0.952922
44 7.6297 4.0050 3.2393 0.098608 0.948959 0.116181 0.953323
45 7.5491 3.9596 3.1901 0.096152 0.949635 0.115264 0.953483
46 7.4918 3.8970 3.1927 0.093164 0.950302 0.114644 0.953002
47 7.4811 3.9156 3.1741 0.091935 0.950738 0.113953 0.952602
48 7.5151 3.9150 3.2025 0.085748 0.951361 0.115498 0.952042
49 7.5377 3.9696 3.1656 0.083011 0.952001 0.124299 0.947958
