epoch time fwd_time bwd_time loss acc val_loss val_acc
0 7.4654 3.8534 3.2037 0.459332 0.594161 0.464968 0.826101
1 7.5667 3.9521 3.2061 0.454956 0.823811 0.461779 0.826101
2 7.5040 3.9374 3.1642 0.454726 0.823811 0.461543 0.826101
3 7.4106 3.8721 3.1435 0.450970 0.823811 0.457919 0.826101
4 7.4793 3.9014 3.1717 0.384655 0.823811 0.402251 0.826101
5 7.5140 3.9253 3.1759 0.356391 0.823811 0.375049 0.826101
6 7.4658 3.8941 3.1653 0.340787 0.823811 0.357323 0.826101
7 7.4152 3.8617 3.1534 0.328084 0.824220 0.339135 0.832266
8 7.4875 3.9191 3.1718 0.262456 0.848727 0.332473 0.840352
9 7.4951 3.8952 3.1854 0.245874 0.874888 0.275400 0.872858
10 7.3951 3.8263 3.1633 0.236138 0.889067 0.245657 0.892714
11 7.4161 3.8398 3.1665 0.210826 0.894582 0.238653 0.891433
12 7.5012 3.9027 3.1944 0.199326 0.901120 0.221384 0.906325
13 7.4387 3.8723 3.1536 0.191433 0.905923 0.213981 0.907766
14 7.5725 3.9238 3.2439 0.178670 0.909250 0.219563 0.901281
15 7.4845 3.8887 3.1609 0.169705 0.913698 0.216496 0.902242
16 7.4365 3.8699 3.1549 0.162766 0.916598 0.208093 0.906645
17 7.4189 3.8559 3.1594 0.157678 0.919151 0.200645 0.910168
18 7.5763 3.9417 3.2326 0.153378 0.921090 0.194777 0.913050
19 7.4688 3.8718 3.1438 0.149239 0.922718 0.190511 0.916013
20 7.4796 3.8948 3.1737 0.144696 0.923794 0.186868 0.917614
21 7.3444 3.7906 3.1472 0.140071 0.925102 0.182277 0.920496
22 7.4875 3.8875 3.1927 0.136370 0.925947 0.176849 0.923058
23 7.4683 3.9059 3.1584 0.133435 0.926783 0.172440 0.925781
24 7.4212 3.8660 3.1522 0.130853 0.927610 0.169219 0.927782
25 7.5415 3.9494 3.1790 0.128452 0.928286 0.166692 0.928903
26 7.4883 3.9014 3.1786 0.126205 0.928962 0.164391 0.929303
27 7.4953 3.8954 3.1962 0.124206 0.929692 0.161988 0.931225
28 7.4091 3.8576 3.1484 0.122516 0.930332 0.159410 0.933547
29 7.3950 3.8282 3.1560 0.121108 0.930750 0.156760 0.933947
30 7.5547 3.9432 3.2069 0.119901 0.931230 0.154223 0.935949
31 7.5000 3.9194 3.1797 0.118814 0.931844 0.151939 0.937390
32 7.5828 3.9146 3.2617 0.117784 0.932271 0.149961 0.938511
33 7.5976 3.9440 3.2466 0.116770 0.932511 0.148289 0.939231
34 7.4581 3.8754 3.1653 0.115739 0.932760 0.146906 0.940432
35 7.5722 3.9552 3.2090 0.114665 0.933081 0.145780 0.941473
36 7.4724 3.8807 3.1828 0.113545 0.933383 0.144863 0.941954
37 7.4544 3.8628 3.1798 0.112427 0.933552 0.144070 0.942034
38 7.5004 3.9418 3.1612 0.111407 0.933712 0.143315 0.942434
39 7.4591 3.8767 3.1654 0.110550 0.934282 0.142568 0.943074
40 7.5899 3.9330 3.2509 0.109819 0.934637 0.141853 0.943155
41 7.4781 3.8741 3.1956 0.109148 0.934904 0.141185 0.943315
42 7.4839 3.9247 3.1544 0.108507 0.935305 0.140557 0.943715
43 7.5477 3.9556 3.1793 0.107890 0.935598 0.139961 0.943555
44 7.5905 3.9688 3.1840 0.107300 0.935945 0.139390 0.943475
45 7.4736 3.9055 3.1520 0.106739 0.936070 0.138842 0.943475
46 7.4923 3.9237 3.1660 0.106208 0.936265 0.138313 0.943955
47 7.5211 3.9160 3.2035 0.105707 0.936568 0.137804 0.944195
48 7.5026 3.9378 3.1589 0.105234 0.936781 0.137313 0.944275
49 7.4937 3.9045 3.1753 0.104788 0.937004 0.136839 0.944275
