epoch time fwd_time bwd_time loss acc val_loss val_acc
0 7.5259 3.9117 3.1998 0.455110 0.713065 0.461805 0.826101
1 7.4912 3.8977 3.1791 0.395834 0.823811 0.406946 0.826101
2 7.5047 3.8387 3.2248 0.353988 0.823811 0.359559 0.826101
3 7.4029 3.8494 3.1461 0.340098 0.823811 0.344904 0.826101
4 7.6180 3.9367 3.2726 0.316926 0.823811 0.326096 0.826101
5 7.5574 3.9365 3.2131 0.316309 0.835740 0.340149 0.871657
6 7.5652 3.9618 3.1918 0.223102 0.873971 0.274974 0.880464
7 7.4900 3.8492 3.2342 0.218514 0.899376 0.251329 0.876541
8 7.4478 3.8813 3.1597 0.197387 0.909143 0.238394 0.893034
9 7.5238 3.9233 3.1826 0.187893 0.916544 0.228640 0.899359
10 7.4334 3.8381 3.1846 0.243048 0.916162 0.188769 0.921697
11 7.4309 3.8681 3.1555 0.219398 0.919062 0.181491 0.928343
12 7.4761 3.9063 3.1578 0.177947 0.923056 0.194975 0.918895
13 7.5161 3.9402 3.1621 0.157213 0.925377 0.200029 0.914652
14 7.6105 4.0075 3.1901 0.143744 0.927201 0.203051 0.912810
15 7.4086 3.8572 3.1404 0.136041 0.928580 0.203871 0.912090
16 7.5418 3.9287 3.2005 0.131162 0.929772 0.203575 0.912170
17 7.5810 3.9404 3.2326 0.127574 0.930955 0.202513 0.912730
18 7.5363 3.9252 3.2005 0.124950 0.931880 0.200871 0.913851
19 7.3712 3.8217 3.1500 0.123042 0.932707 0.199005 0.915532
20 7.5580 3.9675 3.1717 0.121445 0.933383 0.197288 0.915372
21 7.4348 3.8695 3.1580 0.119815 0.934015 0.195980 0.915933
22 7.4756 3.8958 3.1687 0.118103 0.934451 0.195085 0.916493
23 7.5999 3.9989 3.1903 0.116443 0.934940 0.194437 0.917054
24 7.6024 3.9206 3.2684 0.114973 0.935411 0.193861 0.916974
25 7.5693 3.9194 3.2360 0.113792 0.935785 0.193218 0.917694
26 7.4476 3.8742 3.1588 0.112953 0.936150 0.192415 0.918175
27 7.6194 3.9577 3.2164 0.112485 0.936479 0.191364 0.918815
28 7.5184 3.9109 3.1971 0.112413 0.936754 0.190039 0.919536
29 7.6129 3.9529 3.2461 0.112663 0.936897 0.188586 0.920817
30 7.4819 3.9005 3.1681 0.113122 0.937244 0.187087 0.922658
31 7.4846 3.9165 3.1636 0.113732 0.937439 0.185499 0.924500
32 7.4369 3.8673 3.1585 0.114503 0.937697 0.183699 0.925701
33 7.5098 3.8758 3.2364 0.115509 0.937920 0.181586 0.926982
34 7.5268 3.8984 3.2075 0.116132 0.938347 0.179943 0.927622
35 7.4582 3.8907 3.1558 0.112928 0.938703 0.182311 0.925460
36 8.7915 4.7838 3.5697 0.103794 0.940152 0.186869 0.922258
37 7.8302 4.0747 3.3385 0.100235 0.944974 0.115488 0.956045
38 7.6649 3.9971 3.2526 0.094217 0.952899 0.102373 0.962370
39 7.5316 3.9602 3.1585 0.087781 0.956965 0.100541 0.960528
40 7.4628 3.8744 3.1830 0.071298 0.959411 0.100020 0.959167
41 7.4903 3.8878 3.1834 0.069909 0.958352 0.095726 0.960288
42 7.4362 3.8258 3.1990 0.069047 0.959713 0.092465 0.961169
43 7.5327 3.9497 3.1758 0.068502 0.960540 0.089874 0.962370
44 7.5088 3.9026 3.2014 0.068133 0.961279 0.087722 0.963491
45 7.6031 3.9558 3.2232 0.067826 0.961777 0.086068 0.964131
46 7.5176 3.9170 3.1918 0.067570 0.962124 0.084820 0.964692
47 7.4423 3.8666 3.1670 0.067357 0.962284 0.083875 0.965172
48 7.5277 3.9530 3.1361 0.067183 0.962649 0.083131 0.965893
49 7.6660 3.9644 3.2877 0.067046 0.962711 0.082517 0.966293
