epoch time fwd_time bwd_time loss acc val_loss val_acc
0 7.4669 3.8364 3.1809 0.455079 0.786824 0.461779 0.826101
1 7.5979 3.8997 3.2083 0.454899 0.823811 0.461420 0.826101
2 7.5100 3.8871 3.1764 0.447927 0.823811 0.454895 0.826101
3 7.5440 3.9065 3.1860 0.387371 0.823811 0.397591 0.826101
4 7.4990 3.8959 3.1643 0.353567 0.823811 0.365543 0.826101
5 7.4799 3.8768 3.1685 0.344891 0.823811 0.360832 0.826101
6 7.5521 3.9208 3.1778 0.341203 0.823811 0.355759 0.826101
7 7.5205 3.9111 3.1680 0.340038 0.823811 0.350683 0.826101
8 7.4393 3.8282 3.1618 0.332274 0.823829 0.344556 0.827942
9 7.5707 3.9410 3.1797 0.311839 0.826462 0.332499 0.833627
10 7.6723 3.9373 3.2908 0.252484 0.845649 0.277362 0.857166
11 7.5239 3.9201 3.1541 0.181016 0.900622 0.205960 0.913691
12 7.5442 3.9262 3.1805 0.159354 0.912951 0.190489 0.920657
13 7.5563 3.9476 3.1649 0.150291 0.918822 0.183755 0.922818
14 7.5143 3.9051 3.1534 0.145212 0.921410 0.179837 0.924660
15 7.4873 3.8786 3.1529 0.142226 0.923216 0.176108 0.925861
16 7.5556 3.9331 3.1792 0.140242 0.924408 0.172143 0.927702
17 7.4687 3.8785 3.1512 0.137902 0.925395 0.168598 0.930184
18 7.5163 3.9005 3.1864 0.135223 0.926205 0.165815 0.932106
19 7.4982 3.9027 3.1514 0.132654 0.927094 0.163512 0.932746
20 7.4606 3.8534 3.1689 0.130308 0.928197 0.161496 0.933867
21 7.5210 3.9030 3.1700 0.128175 0.929105 0.159674 0.934347
22 7.5199 3.8842 3.1580 0.126225 0.929629 0.157994 0.935468
23 7.5540 3.9450 3.1650 0.124427 0.930279 0.156425 0.936189
24 7.4846 3.8375 3.1942 0.122755 0.930937 0.154947 0.937230
25 7.5033 3.8878 3.1681 0.121190 0.931515 0.153549 0.937550
26 7.4568 3.8637 3.1493 0.119719 0.932164 0.152220 0.937630
27 7.5417 3.9200 3.1763 0.118332 0.932849 0.150954 0.938271
28 7.5804 3.9605 3.1738 0.117023 0.933125 0.149747 0.938751
29 7.5369 3.8991 3.1862 0.115788 0.933623 0.148594 0.939311
30 7.5059 3.9185 3.1544 0.114624 0.933935 0.147492 0.939712
31 7.4698 3.8728 3.1637 0.113526 0.934290 0.146438 0.940032
32 7.5791 3.9035 3.2191 0.112493 0.934691 0.145430 0.940352
33 7.5159 3.9260 3.1492 0.111522 0.935047 0.144465 0.940673
34 7.5409 3.9279 3.1701 0.110608 0.935340 0.143540 0.940993
35 7.4903 3.8704 3.1740 0.109748 0.935643 0.142654 0.941873
36 7.5325 3.9023 3.1817 0.108940 0.936043 0.141804 0.942434
37 7.4778 3.8694 3.1759 0.108178 0.936399 0.140989 0.942834
38 7.5579 3.9311 3.1785 0.107461 0.936746 0.140206 0.943074
39 7.4459 3.8589 3.1533 0.106785 0.936932 0.139453 0.943475
40 7.5601 3.9222 3.1947 0.106147 0.937190 0.138726 0.943315
41 7.5041 3.8823 3.1820 0.105542 0.937475 0.138025 0.943395
42 7.4793 3.8744 3.1622 0.104988 0.937742 0.137350 0.943795
43 7.4696 3.8712 3.1596 0.104505 0.937982 0.136703 0.944035
44 7.5608 3.9129 3.1959 0.104027 0.938320 0.136079 0.944195
45 7.4174 3.7982 3.1671 0.103540 0.938587 0.135484 0.944676
46 7.5323 3.8760 3.2139 0.103000 0.938978 0.134911 0.944516
47 7.4986 3.8908 3.1722 0.102550 0.939130 0.134379 0.944996
48 7.4973 3.8869 3.1614 0.101890 0.939352 0.133790 0.945076
49 7.5969 3.9211 3.2217 0.101486 0.939610 0.133333 0.945156
