epoch time fwd_time bwd_time loss acc val_loss val_acc
0 7.4974 3.8747 3.1729 0.455063 0.800986 0.461652 0.826101
1 7.5811 3.9274 3.1639 0.443095 0.823811 0.450355 0.826101
2 7.5034 3.8939 3.1597 0.347922 0.823811 0.368485 0.826101
3 7.6289 3.9603 3.2141 0.324920 0.823811 0.354494 0.826101
4 7.5246 3.9075 3.1661 0.311482 0.823811 0.331767 0.826101
5 7.5126 3.9035 3.1577 0.277858 0.830242 0.296840 0.851321
6 7.5222 3.8921 3.1826 0.231395 0.889414 0.247356 0.902322
7 7.5677 3.9088 3.1966 0.302013 0.911768 0.266958 0.869576
8 7.5423 3.9202 3.1595 0.197095 0.911563 0.236612 0.891433
9 7.5362 3.8863 3.1576 0.175981 0.916447 0.221099 0.901681
10 7.5611 3.9207 3.1996 0.164997 0.918875 0.208111 0.907926
11 7.5765 3.9541 3.1726 0.157952 0.920832 0.197425 0.912570
12 7.5100 3.8910 3.1725 0.153304 0.922059 0.190194 0.916493
13 7.5121 3.8978 3.1672 0.149972 0.922931 0.185952 0.918975
14 7.5261 3.8914 3.1879 0.147110 0.924016 0.182700 0.920817
15 7.6321 3.9393 3.2350 0.144565 0.925084 0.179950 0.922898
16 7.6414 3.9692 3.2191 0.142271 0.925635 0.177560 0.923939
17 7.5560 3.9215 3.1784 0.140183 0.926445 0.175459 0.924980
18 7.5273 3.8856 3.1921 0.138266 0.927397 0.173595 0.926021
19 7.5602 3.8977 3.2077 0.136466 0.928126 0.171808 0.927062
20 7.4143 3.8018 3.1583 0.134773 0.928758 0.169911 0.928663
21 7.5389 3.9253 3.1616 0.133421 0.929282 0.169320 0.928743
22 7.4722 3.8591 3.1658 0.132059 0.929941 0.168960 0.927622
23 7.5417 3.9017 3.1880 0.130484 0.930199 0.166762 0.929384
24 7.4676 3.8482 3.1667 0.129167 0.930688 0.165524 0.929464
25 7.5190 3.8794 3.1915 0.127938 0.931257 0.164405 0.930024
26 7.5427 3.8693 3.2271 0.126776 0.931649 0.163355 0.930344
27 7.5697 3.9547 3.1723 0.125673 0.932200 0.162361 0.930424
28 7.5785 3.9328 3.2040 0.124624 0.932654 0.161426 0.930905
29 7.5282 3.8929 3.1743 0.123631 0.932912 0.160552 0.931305
30 7.4769 3.8605 3.1365 0.122692 0.933232 0.159741 0.932266
31 7.5083 3.8931 3.1677 0.121808 0.933641 0.158995 0.932826
32 7.5503 3.9180 3.1834 0.120978 0.934148 0.158309 0.932906
33 7.5034 3.8966 3.1636 0.120200 0.934371 0.157679 0.932826
34 7.5358 3.9187 3.1697 0.119471 0.934726 0.157102 0.932826
35 7.5595 3.9295 3.1836 0.118789 0.935136 0.156570 0.932826
36 7.5515 3.9072 3.2034 0.118150 0.935589 0.156080 0.933066
37 7.5329 3.8787 3.2097 0.117551 0.935812 0.155627 0.933147
38 7.5829 3.9473 3.1704 0.116990 0.936087 0.155210 0.933547
39 7.4880 3.8878 3.1589 0.116462 0.936416 0.154822 0.933547
40 7.5906 3.9202 3.2200 0.115966 0.936603 0.154465 0.933627
41 7.5033 3.9034 3.1514 0.115498 0.936861 0.154135 0.933707
42 7.6234 3.9621 3.2069 0.115058 0.937288 0.153832 0.933947
43 7.4445 3.8415 3.1649 0.114641 0.937324 0.153551 0.934027
44 7.5732 3.9302 3.1855 0.114247 0.937537 0.153294 0.934347
45 7.5443 3.9207 3.1784 0.113874 0.937733 0.153057 0.934588
46 7.5918 3.9425 3.2122 0.113519 0.938026 0.152839 0.934428
47 7.4749 3.9026 3.1367 0.113182 0.938231 0.152642 0.934508
48 7.5226 3.8950 3.1737 0.112860 0.938365 0.152459 0.934588
49 7.5745 3.9271 3.2049 0.112553 0.938534 0.152292 0.934508
