epoch time fwd_time bwd_time loss acc val_loss val_acc
0 5.4403 2.4693 2.6242 0.491065 0.824300 0.494607 0.821697
1 5.5988 2.5535 2.6871 0.465541 0.824300 0.470949 0.821697
2 5.5977 2.6472 2.6052 0.463402 0.824300 0.469417 0.821697
3 5.4066 2.4608 2.5975 0.462945 0.824300 0.469034 0.821697
4 5.4321 2.4547 2.6414 0.462241 0.824300 0.468399 0.821697
5 5.5598 2.4915 2.7063 0.457383 0.824300 0.464032 0.821697
6 5.5762 2.5168 2.7062 0.411006 0.824300 0.416682 0.821297
7 5.4762 2.4814 2.6320 0.387454 0.823962 0.389975 0.822178
8 5.6075 2.5872 2.6707 0.382113 0.824683 0.383607 0.822498
9 5.5639 2.5746 2.6371 0.377716 0.824131 0.379004 0.821617
10 5.5479 2.5051 2.6957 0.373699 0.823517 0.375591 0.821537
11 5.4649 2.4516 2.6636 0.370164 0.823206 0.372668 0.821777
12 5.4853 2.5206 2.5836 0.366153 0.822886 0.369940 0.821617
13 5.5643 2.5092 2.7041 0.362362 0.822663 0.367210 0.821057
14 5.4492 2.4800 2.6377 0.358484 0.822895 0.364226 0.820416
15 5.5696 2.5555 2.6607 0.353864 0.822921 0.360582 0.820096
16 5.5914 2.6122 2.6374 0.347770 0.823704 0.355433 0.820336
17 5.6612 2.6336 2.6631 0.337736 0.826497 0.346324 0.823779
18 5.5183 2.5539 2.6013 0.313271 0.835401 0.322007 0.847878
19 5.4549 2.4568 2.6522 0.264339 0.870049 0.276160 0.881745
20 5.6526 2.5977 2.6637 0.243879 0.881844 0.261863 0.883267
21 5.5062 2.4779 2.6774 0.238129 0.883934 0.257856 0.885348
22 5.5618 2.5245 2.6868 0.235139 0.885011 0.254269 0.887750
23 5.6535 2.6626 2.6470 0.233272 0.886229 0.251675 0.887830
24 5.4884 2.5025 2.6368 0.231214 0.886914 0.250120 0.886709
25 5.5837 2.5409 2.6898 0.228965 0.887830 0.247102 0.888871
26 5.6278 2.6038 2.6707 0.227345 0.889440 0.244726 0.890633
27 5.5036 2.5118 2.6450 0.225698 0.890250 0.242795 0.891994
28 5.5828 2.5698 2.6475 0.224129 0.891246 0.241014 0.893195
29 5.4573 2.4793 2.6338 0.222653 0.891993 0.239329 0.893675
30 5.4312 2.4822 2.5944 0.221259 0.892892 0.237722 0.894075
31 5.5621 2.5537 2.6490 0.219935 0.893594 0.236181 0.894315
32 5.5740 2.5632 2.6612 0.218671 0.894244 0.234696 0.895276
33 5.5326 2.5442 2.6413 0.217461 0.895018 0.233261 0.896077
34 5.5225 2.4891 2.6807 0.216304 0.895854 0.231868 0.896797
35 5.5577 2.5212 2.6738 0.215212 0.896574 0.230509 0.897358
36 5.4547 2.4948 2.6171 0.214194 0.897331 0.229184 0.898319
37 5.4904 2.4888 2.6446 0.213239 0.897971 0.227899 0.898959
38 5.4906 2.5050 2.6348 0.212327 0.898540 0.226659 0.899440
39 5.4529 2.4412 2.6731 0.211442 0.899074 0.225463 0.900080
40 5.4449 2.5107 2.5809 0.210576 0.899554 0.224310 0.900160
41 5.4585 2.4941 2.6120 0.209728 0.899981 0.223198 0.900881
42 5.4656 2.4936 2.6228 0.208896 0.900453 0.222126 0.901041
43 5.6972 2.6882 2.6508 0.208080 0.901049 0.221090 0.901681
44 5.4358 2.4610 2.6322 0.207282 0.901467 0.220090 0.902082
45 5.5399 2.4980 2.6428 0.206500 0.901965 0.219124 0.903042
46 5.4564 2.4794 2.6215 0.205736 0.902365 0.218192 0.903843
47 5.5197 2.5413 2.6318 0.204989 0.902703 0.217290 0.904163
48 5.5000 2.4790 2.6796 0.204258 0.903148 0.216419 0.905204
49 5.5900 2.5470 2.7009 0.203544 0.903673 0.215577 0.905845
