epoch time fwd_time bwd_time loss acc val_loss val_acc
0 5.5301 2.4766 2.7115 0.592443 0.702186 0.589559 0.819215
1 5.5491 2.4559 2.7441 0.522348 0.824576 0.516816 0.819215
2 5.4319 2.4618 2.6184 0.494601 0.824576 0.487032 0.819215
3 5.3644 2.4471 2.5733 0.486287 0.824576 0.477320 0.819215
4 5.4247 2.5041 2.5812 0.484614 0.824576 0.474800 0.819215
5 5.5127 2.4824 2.6740 0.484596 0.824576 0.474320 0.819215
6 5.3505 2.3777 2.6231 0.484761 0.824576 0.474254 0.819215
7 5.5473 2.4714 2.7211 0.484827 0.824576 0.474213 0.819215
8 5.4765 2.4580 2.6703 0.484802 0.824576 0.474139 0.819215
9 5.3211 2.3625 2.6075 0.484720 0.824576 0.474034 0.819215
10 5.2707 2.3525 2.5741 0.484595 0.824576 0.473901 0.819215
11 5.5005 2.4733 2.6633 0.484420 0.824576 0.473731 0.819215
12 5.4907 2.5020 2.6357 0.484165 0.824576 0.473491 0.819215
13 5.4507 2.4365 2.6632 0.483751 0.824576 0.473103 0.819215
14 5.4694 2.4759 2.6424 0.483011 0.824576 0.472407 0.819215
15 5.4386 2.4502 2.6280 0.481853 0.824576 0.471316 0.819215
16 5.4572 2.4322 2.6726 0.480272 0.824576 0.469827 0.819215
17 5.4495 2.4240 2.6430 0.477684 0.824576 0.467387 0.819215
18 5.3255 2.3769 2.6035 0.473312 0.824576 0.463160 0.819215
19 5.4525 2.4632 2.6371 0.466739 0.824576 0.456464 0.819215
20 5.3885 2.4542 2.5805 0.459627 0.824576 0.448825 0.819215
21 5.5163 2.4600 2.6979 0.451430 0.824576 0.440127 0.819215
22 5.5653 2.5852 2.6344 0.406825 0.824576 0.394428 0.819215
23 5.4020 2.4507 2.6039 0.362883 0.832502 0.343222 0.837710
24 5.3372 2.4038 2.5927 0.339944 0.849696 0.322983 0.855404
25 5.4885 2.5495 2.5835 0.326152 0.863893 0.307540 0.870216
26 5.5069 2.4911 2.6633 0.315921 0.872468 0.296858 0.875661
27 5.3189 2.3833 2.5929 0.307763 0.878286 0.288188 0.880304
28 5.3486 2.3879 2.6082 0.300648 0.882787 0.280897 0.885188
29 5.4443 2.4699 2.6197 0.294353 0.886745 0.274555 0.889992
30 5.4681 2.4461 2.6652 0.288587 0.889716 0.268673 0.892794
31 5.4486 2.4326 2.6665 0.283083 0.892162 0.263715 0.895516
32 5.5068 2.4642 2.6865 0.278102 0.894217 0.259690 0.896797
33 5.5381 2.4545 2.7386 0.273717 0.895872 0.256154 0.898559
34 5.5080 2.4444 2.7095 0.269874 0.897064 0.252888 0.900000
35 5.5609 2.4821 2.7242 0.266484 0.898398 0.249879 0.900480
36 5.4100 2.4056 2.6638 0.263471 0.899430 0.247117 0.901121
37 5.5145 2.5147 2.6403 0.260771 0.900515 0.244564 0.902322
38 5.3965 2.3920 2.6629 0.258319 0.901520 0.242177 0.902562
39 5.6651 2.6410 2.6664 0.256055 0.902152 0.239915 0.903283
40 5.4795 2.4353 2.6947 0.253924 0.902952 0.237744 0.904003
41 5.4841 2.4361 2.7041 0.251880 0.903655 0.235647 0.904323
42 5.5583 2.5487 2.6582 0.249891 0.904376 0.233619 0.904964
43 5.4648 2.4648 2.6456 0.247936 0.904998 0.231668 0.905925
44 5.4606 2.4702 2.6470 0.246007 0.905701 0.229802 0.906725
45 5.4128 2.4189 2.6329 0.244106 0.906448 0.228032 0.907446
46 5.5532 2.4931 2.7108 0.242241 0.906946 0.226362 0.907766
47 5.4309 2.4132 2.6645 0.240419 0.907471 0.224790 0.908647
48 5.4980 2.4520 2.6953 0.238647 0.908032 0.223311 0.908967
49 5.6229 2.6027 2.6675 0.236927 0.908592 0.221911 0.909608
