epoch time fwd_time bwd_time loss acc val_loss val_acc
0 5.4940 2.4354 2.6796 0.579034 0.824576 0.575196 0.819215
1 5.3837 2.3983 2.6345 0.518558 0.824576 0.512076 0.819215
2 5.3990 2.4009 2.6483 0.493464 0.824576 0.485252 0.819215
3 5.4947 2.4550 2.6824 0.486164 0.824576 0.476821 0.819215
4 5.5007 2.4850 2.6716 0.484717 0.824576 0.474679 0.819215
5 5.4641 2.4222 2.6895 0.484749 0.824576 0.474328 0.819215
6 5.4403 2.4495 2.6426 0.484942 0.824576 0.474337 0.819215
7 5.4511 2.4159 2.6849 0.485043 0.824576 0.474359 0.819215
8 5.4255 2.4682 2.6140 0.485064 0.824576 0.474351 0.819215
9 5.4266 2.4246 2.6573 0.485043 0.824576 0.474324 0.819215
10 5.4293 2.4069 2.6712 0.485002 0.824576 0.474284 0.819215
11 5.3993 2.4140 2.6438 0.484949 0.824576 0.474236 0.819215
12 5.3719 2.4161 2.6084 0.484880 0.824576 0.474174 0.819215
13 5.3805 2.3624 2.6677 0.484785 0.824576 0.474088 0.819215
14 5.4878 2.4586 2.6748 0.484610 0.824576 0.473930 0.819215
15 5.4393 2.4160 2.6723 0.484014 0.824576 0.473379 0.819215
16 5.4070 2.4240 2.6310 0.483286 0.824576 0.472641 0.819215
17 5.4432 2.4432 2.6574 0.482007 0.824576 0.471380 0.819215
18 5.4774 2.4569 2.6589 0.479616 0.824576 0.468943 0.819215
19 5.4487 2.4333 2.6535 0.476521 0.824576 0.465602 0.819215
20 5.4580 2.4823 2.6209 0.471054 0.824576 0.459632 0.819215
21 5.4287 2.3924 2.6484 0.361771 0.825145 0.362269 0.832666
22 5.3764 2.3975 2.6136 0.299997 0.884174 0.276894 0.896157
23 5.4651 2.4104 2.6897 0.278326 0.898727 0.254639 0.899520
24 5.4457 2.4641 2.6328 0.272743 0.900061 0.245315 0.902082
25 5.5378 2.4683 2.6708 0.268315 0.901654 0.238961 0.904083
26 5.3128 2.3774 2.5862 0.264725 0.903637 0.234094 0.905204
27 5.3356 2.3856 2.5903 0.260979 0.905247 0.229784 0.906645
28 5.3743 2.3939 2.6278 0.256612 0.906760 0.225377 0.908247
29 5.3638 2.4003 2.6003 0.251750 0.908165 0.220933 0.910649
30 5.3044 2.3686 2.5880 0.246339 0.909855 0.216424 0.911609
31 5.5023 2.4926 2.6592 0.240314 0.911670 0.211831 0.913851
32 5.5121 2.4487 2.7085 0.233770 0.913564 0.207246 0.916253
33 5.4584 2.5018 2.6031 0.227221 0.915699 0.202876 0.917854
34 5.5664 2.6460 2.5760 0.221278 0.917941 0.198846 0.919215
35 5.3608 2.3952 2.6122 0.216090 0.919489 0.195165 0.920496
36 5.3414 2.4156 2.5812 0.211388 0.921117 0.191717 0.922098
37 5.4280 2.4191 2.6758 0.206751 0.922486 0.188333 0.923219
38 5.2827 2.3690 2.5675 0.201832 0.923483 0.184961 0.924099
39 5.4092 2.3930 2.6609 0.196636 0.924808 0.181671 0.925701
40 5.5638 2.5172 2.6977 0.191394 0.926205 0.178485 0.926982
41 5.4015 2.4052 2.6460 0.186399 0.927610 0.175442 0.929063
42 5.4080 2.4381 2.6154 0.181961 0.928882 0.172529 0.930264
43 5.4796 2.4606 2.6625 0.178134 0.930234 0.169660 0.932026
44 5.5392 2.5464 2.6437 0.174847 0.931364 0.166951 0.933627
45 5.5231 2.4762 2.6843 0.171945 0.932334 0.164534 0.933787
46 5.3086 2.3720 2.5810 0.169276 0.933445 0.162374 0.934027
47 5.4708 2.4342 2.6796 0.166805 0.934299 0.160393 0.934668
48 5.3291 2.4061 2.5678 0.164524 0.934940 0.158551 0.935388
49 5.3298 2.3816 2.5912 0.162410 0.935660 0.156834 0.936749
