epoch time fwd_time bwd_time loss acc val_loss val_acc
0 5.4895 2.4258 2.7153 0.488390 0.715271 0.479554 0.819215
1 5.3517 2.3930 2.6076 0.484262 0.824576 0.473600 0.819215
2 5.4899 2.4793 2.6506 0.483469 0.824576 0.472739 0.819215
3 5.4341 2.5067 2.5738 0.481435 0.824576 0.470751 0.819215
4 5.3383 2.3919 2.5979 0.476453 0.824576 0.465740 0.819215
5 5.3485 2.3930 2.6014 0.461029 0.824576 0.449746 0.819215
6 5.4492 2.4533 2.6503 0.428013 0.824576 0.413866 0.819215
7 5.4642 2.4666 2.6118 0.399220 0.824576 0.375039 0.819215
8 5.4370 2.4581 2.6354 0.397768 0.824576 0.362896 0.819215
9 5.4893 2.4800 2.6448 0.395544 0.824576 0.357977 0.819215
10 5.4700 2.4925 2.6243 0.389660 0.824576 0.354536 0.819215
11 5.3620 2.3768 2.6412 0.379995 0.824576 0.344050 0.819215
12 5.3247 2.3928 2.5862 0.374205 0.824576 0.338462 0.819215
13 5.4329 2.4061 2.6825 0.367997 0.824576 0.333059 0.819215
14 5.5060 2.4615 2.6847 0.360880 0.824594 0.327532 0.819295
15 5.4752 2.4864 2.6418 0.353050 0.825679 0.322038 0.825460
16 5.4846 2.4901 2.6449 0.345087 0.831505 0.316323 0.830584
17 5.4730 2.4231 2.6903 0.338849 0.836656 0.310081 0.832506
18 5.4523 2.4728 2.6291 0.334200 0.839965 0.303469 0.838030
19 5.5481 2.5542 2.6457 0.327853 0.844066 0.296431 0.846197
20 5.4723 2.5040 2.6179 0.316268 0.850701 0.287958 0.855164
21 5.5239 2.4918 2.6679 0.302021 0.861011 0.278167 0.862690
22 5.4698 2.4315 2.6863 0.282469 0.872361 0.266515 0.875020
23 5.4366 2.4186 2.6780 0.262433 0.882849 0.253847 0.887110
24 5.4156 2.4580 2.6114 0.246561 0.892972 0.242897 0.897358
25 5.4146 2.3936 2.6668 0.235976 0.899394 0.234610 0.902882
26 5.4450 2.4094 2.6791 0.230929 0.903050 0.229069 0.904884
27 5.3671 2.3962 2.6314 0.228829 0.905230 0.225020 0.907846
28 5.4045 2.4773 2.5764 0.227423 0.907026 0.221504 0.909207
29 5.3640 2.3880 2.6319 0.226435 0.908681 0.218411 0.910729
30 5.4333 2.3964 2.6865 0.225671 0.910131 0.215623 0.912570
31 5.6116 2.5772 2.6840 0.224875 0.911305 0.213102 0.913371
32 5.4343 2.3995 2.6297 0.224010 0.912541 0.210795 0.914732
33 5.3961 2.4220 2.6327 0.223130 0.913867 0.208653 0.915773
34 5.4039 2.4027 2.6643 0.222266 0.914623 0.206642 0.916493
35 5.3791 2.4096 2.6177 0.221425 0.915299 0.204738 0.918495
36 5.6009 2.5798 2.6663 0.220602 0.916046 0.202923 0.918895
37 5.3668 2.4335 2.5832 0.219800 0.916847 0.201185 0.919215
38 5.5081 2.4995 2.6509 0.219021 0.917621 0.199518 0.919776
39 5.3343 2.3617 2.6286 0.218272 0.918252 0.197918 0.920977
40 5.3770 2.4057 2.6182 0.217556 0.918866 0.196385 0.921537
41 5.3998 2.3849 2.6757 0.216874 0.919391 0.194917 0.922098
42 5.4042 2.4281 2.6262 0.216223 0.919880 0.193515 0.922578
43 5.5838 2.5505 2.6770 0.215598 0.920583 0.192178 0.923619
44 5.5736 2.5692 2.6526 0.214993 0.921259 0.190906 0.923779
45 5.4425 2.4354 2.6687 0.214404 0.921810 0.189695 0.924259
46 5.4621 2.4182 2.6876 0.213825 0.922326 0.188543 0.924900
47 5.4210 2.3940 2.6719 0.213255 0.922762 0.187447 0.925060
48 5.5154 2.5092 2.6500 0.212689 0.923331 0.186403 0.925380
49 5.4365 2.4851 2.5893 0.212125 0.923714 0.185407 0.925781
