epoch time fwd_time bwd_time loss acc val_loss val_acc
0 5.4241 2.4347 2.6295 0.484735 0.824576 0.475081 0.819215
1 5.3539 2.3826 2.6246 0.484786 0.824576 0.474018 0.819215
2 5.4540 2.4549 2.6476 0.484741 0.824576 0.473973 0.819215
3 5.4200 2.4698 2.6066 0.484631 0.824576 0.473874 0.819215
4 5.3976 2.4300 2.6235 0.482224 0.824576 0.471679 0.819215
5 5.4876 2.4685 2.6598 0.478818 0.824576 0.468286 0.819215
6 5.5718 2.5276 2.6880 0.471176 0.824576 0.460782 0.819215
7 5.3532 2.4265 2.5767 0.415955 0.824576 0.393282 0.819215
8 5.5046 2.4677 2.6824 0.403495 0.824576 0.370465 0.819215
9 5.3942 2.4150 2.6345 0.337773 0.829362 0.311515 0.872698
10 5.4006 2.4068 2.6490 0.274440 0.885731 0.245817 0.897678
11 5.4318 2.4367 2.6459 0.261341 0.898015 0.236521 0.900961
12 5.4192 2.4276 2.6310 0.257348 0.899305 0.239230 0.897918
13 5.4500 2.4162 2.6778 0.254321 0.900924 0.234868 0.900160
14 5.4647 2.4141 2.7033 0.251296 0.902250 0.232293 0.901761
15 5.4907 2.4865 2.6429 0.248628 0.903522 0.230226 0.902482
16 5.5060 2.5033 2.6096 0.247345 0.904723 0.223580 0.905524
17 5.4450 2.4436 2.6386 0.242956 0.906190 0.217097 0.908327
18 5.5433 2.5027 2.6885 0.238449 0.907382 0.214117 0.910408
19 5.4089 2.4818 2.5710 0.235517 0.908761 0.211239 0.911529
20 5.5037 2.4464 2.7019 0.233019 0.909775 0.208252 0.913691
21 5.6234 2.6059 2.6647 0.230115 0.910958 0.206159 0.914412
22 5.6160 2.6054 2.6603 0.227128 0.912515 0.204675 0.913771
23 5.3894 2.4026 2.6486 0.224340 0.913858 0.202726 0.914251
24 5.3747 2.3947 2.5896 0.221682 0.914988 0.200648 0.915773
25 5.5294 2.4867 2.6859 0.219134 0.915762 0.198719 0.916974
26 5.5553 2.4956 2.7171 0.216704 0.916624 0.196998 0.916974
27 5.4197 2.3742 2.6865 0.214401 0.917745 0.195438 0.916894
28 5.4641 2.4533 2.6588 0.212222 0.918635 0.193965 0.918255
29 5.4639 2.4771 2.6331 0.210154 0.919506 0.192535 0.919856
30 5.4852 2.4531 2.6722 0.208180 0.920405 0.191134 0.920576
31 5.4308 2.4159 2.6649 0.206281 0.921321 0.189757 0.921297
32 5.3998 2.4260 2.6322 0.204431 0.922246 0.188393 0.922338
33 5.6162 2.5810 2.6757 0.202597 0.923011 0.187027 0.922498
34 5.5343 2.5258 2.6524 0.200732 0.923830 0.185631 0.922738
35 5.3632 2.3909 2.6217 0.198783 0.924719 0.184154 0.923299
36 5.5653 2.4977 2.7115 0.196704 0.925377 0.182474 0.924099
37 5.3795 2.3980 2.6292 0.194460 0.926356 0.180294 0.925701
38 5.6986 2.6889 2.6462 0.191952 0.927148 0.177291 0.928423
39 5.4674 2.4293 2.6880 0.189099 0.928162 0.173488 0.929464
40 5.5405 2.4485 2.7362 0.185524 0.929469 0.167862 0.932026
41 5.5124 2.4981 2.6604 0.179229 0.931017 0.162284 0.934748
42 5.4158 2.4408 2.6111 0.174442 0.932369 0.168529 0.931545
43 5.3942 2.4167 2.6294 0.170787 0.933303 0.173898 0.928823
44 5.4411 2.4419 2.6589 0.169221 0.933641 0.157181 0.936189
45 5.4734 2.4682 2.6533 0.165828 0.935153 0.158899 0.935629
46 5.5448 2.5775 2.6238 0.163304 0.935838 0.163125 0.934107
47 5.5630 2.4941 2.7051 0.161385 0.936141 0.162334 0.934508
48 5.4722 2.4910 2.6195 0.159877 0.936852 0.159129 0.935629
49 5.4796 2.4530 2.6403 0.158376 0.937795 0.170340 0.930745
