epoch time fwd_time bwd_time loss acc val_loss val_acc
0 5.5048 2.4591 2.6878 0.533826 0.824576 0.528723 0.819215
1 5.4087 2.4240 2.6414 0.507292 0.824576 0.500542 0.819215
2 5.3163 2.3422 2.6239 0.489958 0.824576 0.481569 0.819215
3 5.5676 2.4576 2.7489 0.484971 0.824576 0.475420 0.819215
4 5.4881 2.4302 2.6637 0.484381 0.824576 0.474200 0.819215
5 5.4765 2.5270 2.6004 0.484548 0.824576 0.474057 0.819215
6 5.3863 2.3986 2.6349 0.484687 0.824576 0.474059 0.819215
7 5.4638 2.5018 2.6210 0.484717 0.824576 0.474035 0.819215
8 5.5760 2.5027 2.7221 0.484660 0.824576 0.473966 0.819215
9 5.3260 2.3693 2.6085 0.484508 0.824576 0.473825 0.819215
10 5.3935 2.4431 2.5996 0.484224 0.824576 0.473574 0.819215
11 5.3582 2.4106 2.5967 0.483935 0.824576 0.473301 0.819215
12 5.4051 2.4547 2.6018 0.483744 0.824576 0.473093 0.819215
13 5.3241 2.3881 2.5865 0.483561 0.824576 0.472891 0.819215
14 5.3521 2.3846 2.6018 0.483320 0.824576 0.472646 0.819215
15 5.4205 2.4272 2.6411 0.482827 0.824576 0.472209 0.819215
16 5.4941 2.4994 2.6445 0.481650 0.824576 0.471224 0.819215
17 5.5055 2.4869 2.6711 0.480460 0.824576 0.470149 0.819215
18 5.4793 2.5064 2.6183 0.478949 0.824576 0.468774 0.819215
19 5.5171 2.5157 2.6601 0.476991 0.824576 0.466980 0.819215
20 5.5658 2.5652 2.6435 0.474475 0.824576 0.464648 0.819215
21 5.4514 2.4234 2.6814 0.471269 0.824576 0.461634 0.819215
22 5.3889 2.4216 2.6257 0.467214 0.824576 0.457760 0.819215
23 5.4459 2.4166 2.6851 0.462125 0.824576 0.452829 0.819215
24 5.4688 2.4391 2.6799 0.455829 0.824576 0.446644 0.819215
25 5.5110 2.5027 2.6547 0.448205 0.824576 0.439067 0.819215
26 5.4840 2.4824 2.6538 0.439254 0.824576 0.430079 0.819215
27 5.4919 2.4600 2.6852 0.429085 0.824576 0.419763 0.819215
28 5.4277 2.4566 2.6296 0.417710 0.824576 0.408032 0.819215
29 5.3674 2.4488 2.5745 0.400384 0.824576 0.387420 0.819215
30 5.4882 2.4522 2.6855 0.375783 0.824576 0.349174 0.819215
31 5.5426 2.5372 2.6601 0.359804 0.824576 0.336298 0.819215
32 5.4913 2.5367 2.6044 0.351015 0.824594 0.326847 0.819696
33 5.5695 2.4899 2.6835 0.342479 0.829059 0.318487 0.833627
34 5.3695 2.4363 2.5824 0.336417 0.842482 0.311134 0.845556
35 5.4502 2.4116 2.6848 0.326856 0.853459 0.303399 0.855484
36 5.4448 2.4226 2.6693 0.317616 0.860050 0.294591 0.864612
37 5.5707 2.5287 2.6924 0.307804 0.865530 0.285793 0.870056
38 5.4199 2.4630 2.6003 0.298950 0.871534 0.275996 0.878143
39 5.3649 2.3808 2.6339 0.293196 0.877352 0.267222 0.883827
40 5.4514 2.4630 2.6364 0.285584 0.882306 0.259299 0.887670
41 5.4546 2.4178 2.6334 0.281800 0.889067 0.251217 0.895516
42 5.3916 2.3935 2.6426 0.279095 0.897197 0.243768 0.900560
43 5.4152 2.4026 2.6616 0.277011 0.900044 0.240924 0.903203
44 5.4131 2.4417 2.6169 0.270921 0.902116 0.237174 0.904243
45 5.5411 2.4983 2.6857 0.267056 0.903193 0.234232 0.905364
46 5.3204 2.3591 2.6228 0.264087 0.904055 0.231722 0.906085
47 5.3674 2.3924 2.6207 0.261714 0.904669 0.229530 0.906165
48 5.4346 2.4004 2.6745 0.259766 0.905221 0.227587 0.907206
49 5.5210 2.4610 2.7033 0.258122 0.905683 0.225844 0.907206
