epoch time fwd_time bwd_time loss acc val_loss val_acc
0 5.5309 2.4923 2.6378 0.716682 0.175700 0.714812 0.178303
1 5.5214 2.4626 2.7059 0.569420 0.745550 0.570867 0.821697
2 5.3866 2.4554 2.5851 0.504431 0.824300 0.507728 0.821697
3 5.5579 2.4984 2.7124 0.477983 0.824300 0.482490 0.821697
4 5.5455 2.5751 2.5779 0.468124 0.824300 0.473401 0.821697
5 5.3452 2.4391 2.5669 0.464699 0.824300 0.470447 0.821697
6 5.4330 2.4682 2.6165 0.463575 0.824300 0.469597 0.821697
7 5.4667 2.4642 2.6550 0.463200 0.824300 0.469376 0.821697
8 5.5853 2.6311 2.6095 0.463044 0.824300 0.469305 0.821697
9 5.5548 2.5580 2.6426 0.462940 0.824300 0.469250 0.821697
10 5.5338 2.4937 2.6868 0.462828 0.824300 0.469174 0.821697
11 5.5703 2.5299 2.6884 0.462666 0.824300 0.469052 0.821697
12 5.5271 2.5580 2.6281 0.462378 0.824300 0.468820 0.821697
13 5.4463 2.4909 2.6031 0.461687 0.824300 0.468223 0.821697
14 5.5523 2.6082 2.5971 0.458486 0.824300 0.465150 0.821697
15 5.5715 2.5795 2.6394 0.410216 0.824300 0.410524 0.821697
16 5.5335 2.5804 2.6122 0.394417 0.824300 0.392570 0.821697
17 5.4052 2.4533 2.6059 0.381116 0.824300 0.382699 0.821697
18 5.4796 2.4668 2.6596 0.375951 0.824300 0.376417 0.821697
19 5.6201 2.5882 2.6777 0.372833 0.824300 0.372195 0.821697
20 5.5233 2.5187 2.6582 0.370143 0.824300 0.369047 0.821697
21 5.5169 2.5324 2.6376 0.367839 0.824300 0.366529 0.821697
22 5.4543 2.4873 2.6164 0.365841 0.824300 0.364418 0.821697
23 5.5220 2.5645 2.6087 0.364047 0.824300 0.362553 0.821697
24 5.5429 2.5238 2.6777 0.362320 0.824300 0.360790 0.821697
25 5.4879 2.5170 2.6271 0.360710 0.824300 0.359189 0.821697
26 5.5078 2.5343 2.6211 0.359333 0.824300 0.357801 0.821697
27 5.6066 2.5399 2.7260 0.358079 0.824300 0.356515 0.821697
28 5.5087 2.5010 2.6535 0.356844 0.824300 0.355269 0.821697
29 5.5231 2.5256 2.6032 0.355585 0.824300 0.354023 0.821697
30 5.5150 2.4967 2.6712 0.354285 0.824300 0.352754 0.821697
31 5.5329 2.4785 2.7124 0.352921 0.824300 0.351441 0.821697
32 5.6548 2.6337 2.6693 0.351461 0.824300 0.350060 0.821697
33 5.5821 2.5686 2.6632 0.349869 0.824300 0.348590 0.821697
34 5.5731 2.5568 2.6687 0.348110 0.824300 0.347016 0.821697
35 5.5704 2.5159 2.7049 0.346160 0.824300 0.345325 0.821697
36 5.5468 2.5188 2.6694 0.343993 0.824300 0.343486 0.821697
37 5.4132 2.4454 2.6093 0.341585 0.824300 0.341417 0.821697
38 5.4013 2.4565 2.5992 0.338894 0.824300 0.338971 0.821697
39 5.5189 2.5269 2.6524 0.335838 0.824398 0.336064 0.822178
40 5.5951 2.6213 2.6228 0.332115 0.824950 0.332625 0.823058
41 5.6226 2.5776 2.6948 0.326670 0.826657 0.328270 0.827862
42 5.6334 2.6218 2.6586 0.319260 0.830749 0.322830 0.835629
43 5.4747 2.4796 2.6409 0.309255 0.838577 0.314933 0.846597
44 5.5234 2.5324 2.6513 0.295270 0.851849 0.305438 0.863411
45 5.4653 2.4974 2.6146 0.277068 0.867407 0.292248 0.873979
46 5.5597 2.5472 2.6613 0.262617 0.877636 0.281089 0.878463
47 5.4762 2.4680 2.6555 0.254430 0.881328 0.273872 0.881425
48 5.6391 2.6153 2.6692 0.249046 0.884032 0.268769 0.884067
49 5.6481 2.5954 2.6941 0.244945 0.885580 0.264554 0.885829
