epoch time fwd_time bwd_time loss acc val_loss val_acc
0 5.4946 2.5132 2.6303 0.483481 0.824576 0.472716 0.819215
1 5.4047 2.4160 2.6344 0.481142 0.824576 0.470313 0.819215
2 5.4595 2.3991 2.7101 0.370809 0.825679 0.324959 0.876541
3 5.5148 2.5122 2.6637 0.301288 0.887768 0.279232 0.891113
4 5.3681 2.4050 2.6247 0.295914 0.891984 0.266799 0.894235
5 5.5277 2.5464 2.6126 0.291177 0.893559 0.260028 0.895516
6 5.3804 2.4129 2.6115 0.287371 0.894573 0.254594 0.895917
7 5.3531 2.4187 2.5839 0.284766 0.895658 0.249643 0.897438
8 5.2889 2.3511 2.5777 0.283455 0.896752 0.245543 0.898879
9 5.5250 2.5007 2.6747 0.281530 0.898007 0.242906 0.900881
10 5.4174 2.4016 2.6674 0.278122 0.898949 0.240381 0.900560
11 5.4486 2.4249 2.6763 0.274515 0.899732 0.237654 0.900560
12 5.3981 2.3916 2.6616 0.271281 0.900257 0.235083 0.901121
13 5.4108 2.4356 2.6189 0.268350 0.900889 0.232770 0.901601
14 5.4368 2.4219 2.6602 0.265605 0.901485 0.230662 0.901441
15 5.4673 2.4432 2.6635 0.262991 0.902045 0.228713 0.902482
16 5.4177 2.4469 2.6188 0.260479 0.902534 0.226897 0.902802
17 5.5125 2.4856 2.6799 0.258043 0.902908 0.225182 0.903923
18 5.4738 2.4431 2.6806 0.255661 0.903513 0.223543 0.905204
19 5.4658 2.4318 2.6817 0.253320 0.904207 0.221955 0.905845
20 5.5010 2.4700 2.6469 0.251019 0.904972 0.220401 0.906805
21 5.4419 2.4232 2.6759 0.248763 0.905452 0.218866 0.907046
22 5.4696 2.4042 2.7181 0.246559 0.905834 0.217337 0.907366
23 5.4262 2.4033 2.6773 0.244417 0.906110 0.215805 0.907926
24 5.5197 2.4624 2.6745 0.242345 0.906840 0.214264 0.908487
25 5.4076 2.3997 2.6558 0.240355 0.907436 0.212712 0.909367
26 5.3947 2.4032 2.6460 0.238457 0.908094 0.211149 0.910328
27 5.4781 2.4297 2.7018 0.236667 0.908636 0.209579 0.910969
28 5.4900 2.4592 2.6767 0.235004 0.909143 0.208005 0.911049
29 5.4677 2.4865 2.6312 0.233483 0.909864 0.206427 0.911769
30 5.3637 2.3678 2.6494 0.232100 0.910522 0.204830 0.913291
31 5.6037 2.5725 2.6756 0.230759 0.911412 0.203189 0.914011
32 5.4009 2.4259 2.6196 0.229158 0.912506 0.201525 0.914732
33 5.3637 2.3973 2.6219 0.226774 0.913387 0.200079 0.915612
34 5.4321 2.4362 2.6519 0.223552 0.914356 0.199261 0.915933
35 5.3422 2.3985 2.5935 0.220672 0.915308 0.198630 0.916813
36 5.3685 2.4183 2.6041 0.218831 0.916171 0.197243 0.917614
37 5.4262 2.4027 2.6703 0.217697 0.916909 0.195022 0.919135
38 5.3830 2.4062 2.6302 0.216562 0.917576 0.192243 0.919295
39 5.3618 2.3814 2.6371 0.214971 0.918252 0.189621 0.920576
40 5.4723 2.4972 2.6170 0.213173 0.919035 0.187270 0.921938
41 5.3880 2.4043 2.6274 0.211447 0.919951 0.185058 0.923459
42 5.6305 2.5983 2.6629 0.209890 0.920983 0.182856 0.924339
43 5.3561 2.3777 2.6278 0.208451 0.921846 0.180625 0.925460
44 5.3752 2.3876 2.6333 0.207067 0.922860 0.178401 0.926581
45 5.5874 2.6099 2.6153 0.205701 0.923821 0.176243 0.927622
46 5.5277 2.5091 2.6648 0.204316 0.924550 0.174210 0.928263
47 5.2848 2.3265 2.6120 0.202860 0.925271 0.172353 0.928823
48 5.4131 2.4178 2.6454 0.201282 0.925956 0.170705 0.929944
49 5.4509 2.4133 2.6341 0.199550 0.926792 0.169267 0.930985
