epoch time fwd_time bwd_time loss acc val_loss val_acc
0 5.3590 2.3921 2.6073 0.484769 0.824576 0.474093 0.819215
1 5.4240 2.4073 2.6644 0.483938 0.824576 0.473247 0.819215
2 5.3558 2.4124 2.6028 0.480856 0.824576 0.470337 0.819215
3 5.6698 2.6521 2.6621 0.453251 0.824576 0.439929 0.819215
4 5.4533 2.4252 2.6782 0.387214 0.824576 0.382249 0.819215
5 5.3817 2.4114 2.6178 0.363749 0.824576 0.351471 0.819215
6 5.3980 2.4255 2.6203 0.325535 0.828597 0.301807 0.841233
7 5.4354 2.4115 2.6651 0.265470 0.886976 0.244870 0.900320
8 5.6261 2.5774 2.6891 0.256778 0.901538 0.226752 0.905604
9 5.4369 2.4276 2.6403 0.247371 0.905087 0.218333 0.909848
10 5.5486 2.5358 2.6589 0.234269 0.908450 0.213419 0.911609
11 5.4544 2.5268 2.5726 0.228524 0.912364 0.211220 0.912330
12 5.3717 2.3885 2.6226 0.213986 0.914178 0.202063 0.917694
13 5.3425 2.3832 2.6082 0.202073 0.917665 0.208193 0.913691
14 5.4387 2.4062 2.6896 0.195667 0.919933 0.201695 0.917934
15 5.5354 2.4430 2.6901 0.188838 0.922798 0.196560 0.920096
16 5.4481 2.4594 2.6382 0.183255 0.925208 0.188894 0.922978
17 5.4650 2.4447 2.6803 0.181576 0.927032 0.179936 0.927062
18 5.4303 2.4318 2.6557 0.175870 0.929282 0.175621 0.928983
19 5.4675 2.4340 2.6881 0.175218 0.930723 0.166907 0.931865
20 5.6657 2.6431 2.6643 0.169310 0.932520 0.164386 0.932826
21 5.3545 2.3846 2.6101 0.167214 0.934202 0.159739 0.935228
22 5.4833 2.5073 2.6252 0.163984 0.935554 0.155509 0.936910
23 5.4447 2.4248 2.6661 0.161738 0.936835 0.150937 0.938110
24 5.3899 2.3923 2.6339 0.160982 0.938356 0.146601 0.940272
25 5.4988 2.4793 2.6700 0.159272 0.939556 0.142998 0.941633
26 5.6085 2.5243 2.7276 0.158128 0.940917 0.139097 0.943635
27 5.4916 2.4848 2.6607 0.156967 0.942163 0.136177 0.944115
28 5.4211 2.4075 2.6622 0.138404 0.942954 0.135499 0.944996
29 5.3394 2.3995 2.5951 0.143656 0.944369 0.134103 0.944996
30 5.3006 2.3698 2.5895 0.135873 0.945107 0.131840 0.945556
31 5.4889 2.5266 2.6187 0.146222 0.946237 0.126641 0.948519
32 5.3631 2.3892 2.6264 0.125400 0.946815 0.125440 0.947878
33 5.4376 2.4757 2.6215 0.130233 0.947847 0.136887 0.944676
34 5.4952 2.4481 2.6928 0.135289 0.947856 0.122271 0.949720
35 5.4833 2.4396 2.6951 0.124052 0.949208 0.142223 0.942514
36 5.5099 2.4883 2.6428 0.132587 0.949066 0.120758 0.949880
37 5.4607 2.4764 2.6189 0.137294 0.950266 0.120788 0.949800
38 5.4358 2.4138 2.6691 0.134521 0.950604 0.118020 0.951481
39 5.3626 2.3718 2.6335 0.121637 0.951183 0.136872 0.944275
40 5.4931 2.5020 2.6376 0.135604 0.950231 0.116637 0.951721
41 5.4091 2.4341 2.6245 0.136339 0.951939 0.117168 0.951801
42 5.4117 2.4422 2.6205 0.133169 0.951796 0.116927 0.951801
43 5.4113 2.3906 2.6766 0.132589 0.952090 0.116063 0.952202
44 5.3613 2.3862 2.6220 0.133241 0.952544 0.115666 0.952282
45 5.4864 2.5180 2.6055 0.133560 0.952775 0.115901 0.951882
46 5.3916 2.4231 2.6230 0.136361 0.953166 0.115246 0.952122
47 5.5176 2.4879 2.6782 0.135212 0.953300 0.114772 0.952362
48 5.3409 2.3923 2.5914 0.136555 0.953495 0.114546 0.952442
49 5.3390 2.3838 2.6068 0.133910 0.953575 0.114437 0.952042
