epoch time fwd_time bwd_time loss acc val_loss val_acc
0 5.3083 2.3486 2.6031 0.482282 0.824576 0.471661 0.819215
1 5.4910 2.4596 2.6788 0.396804 0.824576 0.370701 0.819215
2 5.3623 2.3828 2.6385 0.384997 0.824567 0.354947 0.818895
3 5.5330 2.5470 2.6042 0.376660 0.824434 0.343958 0.818815
4 5.5372 2.5520 2.6246 0.361463 0.826230 0.330213 0.825941
5 5.5206 2.5045 2.6678 0.318719 0.841086 0.292461 0.855645
6 5.4042 2.4040 2.6513 0.235100 0.893479 0.233479 0.905124
7 5.4162 2.4285 2.6378 0.236525 0.909481 0.212326 0.917374
8 5.5819 2.5521 2.6711 0.215763 0.913235 0.205296 0.920576
9 5.3678 2.4162 2.6004 0.213585 0.916215 0.198801 0.922498
10 5.3999 2.3702 2.6822 0.205657 0.918955 0.194670 0.923299
11 5.4303 2.4655 2.6136 0.198975 0.920529 0.192449 0.923058
12 5.4517 2.5059 2.5906 0.193155 0.921837 0.191866 0.922098
13 5.4241 2.4572 2.6104 0.189266 0.923100 0.189567 0.922018
14 5.2789 2.3573 2.5776 0.187851 0.923999 0.185033 0.924179
15 5.3688 2.4354 2.5817 0.186500 0.925395 0.181751 0.925460
16 5.5327 2.5330 2.6545 0.184994 0.926658 0.179577 0.926101
17 5.5162 2.4665 2.6852 0.183430 0.927592 0.178081 0.926421
18 5.3872 2.4505 2.5902 0.181929 0.928500 0.176896 0.926661
19 5.4732 2.4499 2.6789 0.180545 0.929318 0.175737 0.927382
20 5.4595 2.4635 2.6465 0.179270 0.929950 0.174372 0.927382
21 5.4129 2.4251 2.6376 0.178050 0.930635 0.172604 0.928102
22 5.4088 2.3989 2.6549 0.176796 0.931551 0.170352 0.930024
23 5.4658 2.4520 2.6560 0.175382 0.932351 0.167788 0.931385
24 5.4139 2.3893 2.6667 0.173709 0.933179 0.165222 0.932506
25 5.4430 2.4166 2.6627 0.171777 0.934104 0.162772 0.933867
26 5.4991 2.4669 2.6704 0.169637 0.935002 0.160413 0.934508
27 5.4533 2.4402 2.6764 0.167325 0.935936 0.158152 0.935548
28 5.3206 2.4015 2.5698 0.164876 0.936879 0.156023 0.936749
29 5.4892 2.4524 2.6842 0.162334 0.938000 0.154058 0.938271
30 5.5925 2.5796 2.6717 0.159754 0.938978 0.152273 0.938831
31 5.5201 2.5353 2.6306 0.157196 0.940028 0.150665 0.939231
32 5.4953 2.4946 2.6090 0.154721 0.941104 0.149213 0.940512
33 5.3813 2.4196 2.6070 0.152376 0.942012 0.147890 0.940913
34 5.4254 2.4076 2.6710 0.150200 0.942946 0.146658 0.940993
35 5.4475 2.4331 2.6577 0.148218 0.943693 0.145468 0.941793
36 5.4374 2.4256 2.6656 0.146445 0.944529 0.144259 0.942434
37 5.3562 2.3894 2.6124 0.144884 0.945436 0.142969 0.942834
38 5.4272 2.4398 2.6345 0.143520 0.946344 0.141560 0.943395
39 5.4600 2.5007 2.6066 0.142324 0.947055 0.140029 0.944195
40 5.5585 2.5188 2.6324 0.141254 0.947642 0.138404 0.944676
41 5.3871 2.3872 2.6516 0.140266 0.948381 0.136725 0.945076
42 5.4283 2.3791 2.6911 0.139321 0.948932 0.135035 0.946117
43 5.6022 2.5624 2.6927 0.138391 0.949742 0.133370 0.946517
44 5.4223 2.4280 2.6482 0.137451 0.950560 0.131757 0.947558
45 5.4118 2.4004 2.6614 0.136483 0.951165 0.130211 0.948279
46 5.5067 2.5160 2.6437 0.135476 0.951645 0.128737 0.948919
47 5.5833 2.5210 2.7116 0.134417 0.952197 0.127331 0.949480
48 5.3749 2.4019 2.6285 0.133299 0.952864 0.125984 0.949720
49 5.4842 2.4573 2.6642 0.132118 0.953442 0.124686 0.950200
