epoch time fwd_time bwd_time loss acc val_loss val_acc
0 5.3993 2.3676 2.6719 0.483671 0.824576 0.473108 0.819215
1 5.4673 2.4296 2.6932 0.477456 0.824576 0.466731 0.819215
2 5.5282 2.4761 2.6981 0.391898 0.824878 0.361236 0.819456
3 5.3247 2.3735 2.6129 0.296984 0.858645 0.294625 0.860689
4 5.4955 2.4868 2.6505 0.277672 0.883196 0.254493 0.896237
5 5.4703 2.4553 2.6605 0.271966 0.891771 0.254868 0.890472
6 5.3580 2.3961 2.6143 0.264249 0.893390 0.248570 0.892714
7 5.4111 2.4438 2.6140 0.254082 0.895738 0.239783 0.896317
8 5.6200 2.6206 2.6415 0.258940 0.898113 0.228333 0.902402
9 5.4152 2.4073 2.6657 0.254368 0.900382 0.224882 0.904884
10 5.5686 2.5767 2.6515 0.250479 0.901814 0.221810 0.906485
11 5.4504 2.4730 2.6292 0.246602 0.902952 0.218926 0.907846
12 5.5842 2.5470 2.6819 0.242805 0.904011 0.216230 0.909367
13 5.5402 2.5209 2.6748 0.239093 0.905247 0.213729 0.910488
14 5.4521 2.4347 2.6597 0.235405 0.906502 0.211445 0.911449
15 5.4936 2.4853 2.6654 0.231702 0.907462 0.209425 0.912730
16 5.5032 2.4568 2.6942 0.228045 0.908459 0.207704 0.914011
17 5.3259 2.3839 2.5871 0.224590 0.909339 0.206261 0.914732
18 5.3289 2.3721 2.6082 0.221493 0.910291 0.205013 0.914572
19 5.3702 2.4337 2.5768 0.218832 0.911412 0.203862 0.914812
20 5.4106 2.3777 2.6616 0.216621 0.912239 0.202756 0.915452
21 5.4820 2.4355 2.6919 0.214922 0.913075 0.201662 0.916093
22 5.4410 2.4521 2.6281 0.214039 0.913876 0.200370 0.916813
23 5.3917 2.4142 2.5951 0.214741 0.915130 0.197593 0.917614
24 5.4930 2.4911 2.6513 0.215515 0.916126 0.190777 0.920897
25 5.5874 2.5611 2.6645 0.212268 0.916900 0.193744 0.919856
26 5.4038 2.4245 2.6299 0.211622 0.918217 0.184458 0.923539
27 5.5309 2.5770 2.5907 0.209378 0.920209 0.181679 0.925140
28 5.4433 2.4219 2.6710 0.199503 0.921446 0.179019 0.926501
29 5.4743 2.4264 2.6980 0.212794 0.923154 0.178559 0.926661
30 5.4468 2.4425 2.6506 0.205563 0.924488 0.176719 0.927222
31 5.4738 2.4582 2.6369 0.198063 0.925315 0.177474 0.926821
32 5.4283 2.4496 2.6254 0.197053 0.926009 0.174566 0.927462
33 5.4437 2.4573 2.6290 0.197920 0.926667 0.172642 0.928183
34 5.4385 2.4064 2.6825 0.197498 0.927726 0.172370 0.927862
35 5.4747 2.4575 2.6722 0.195484 0.928348 0.172310 0.928503
36 5.3618 2.3921 2.6221 0.192242 0.929282 0.171955 0.928503
37 5.4300 2.3967 2.6794 0.188191 0.929870 0.170910 0.927862
38 5.4696 2.4426 2.6690 0.183273 0.930759 0.169599 0.928663
39 5.5039 2.4936 2.6601 0.176847 0.931782 0.168680 0.929384
40 5.3407 2.3614 2.6338 0.168846 0.932734 0.168770 0.929143
41 5.3976 2.3917 2.6603 0.156770 0.934362 0.153836 0.937710
42 5.3852 2.3914 2.6522 0.157454 0.934958 0.144365 0.940913
43 5.5340 2.4804 2.7013 0.147596 0.936746 0.139591 0.943155
44 5.4208 2.4771 2.5944 0.150798 0.934691 0.136737 0.943475
45 5.4139 2.4609 2.6083 0.160233 0.938213 0.132985 0.945717
46 5.4131 2.4502 2.6065 0.135004 0.939957 0.128152 0.947958
47 5.3830 2.4101 2.6276 0.130559 0.941949 0.122892 0.950681
48 5.4355 2.4598 2.6196 0.145217 0.945917 0.130163 0.945556
49 5.4550 2.4721 2.6193 0.139677 0.948274 0.120974 0.949480
