epoch time fwd_time bwd_time loss acc val_loss val_acc
0 5.4467 2.3959 2.6972 0.484154 0.785232 0.473364 0.819215
1 5.6392 2.6491 2.6108 0.480378 0.824576 0.469377 0.819215
2 5.4278 2.4646 2.6110 0.468421 0.824576 0.456889 0.819215
3 5.4904 2.5080 2.6218 0.424145 0.824576 0.407346 0.819215
4 5.4868 2.4419 2.6888 0.389462 0.824576 0.351676 0.819215
5 5.4851 2.5016 2.6381 0.377717 0.824576 0.338620 0.819215
6 5.3968 2.4005 2.6426 0.361208 0.824576 0.326254 0.819215
7 5.3912 2.3937 2.6518 0.348966 0.825937 0.314326 0.826821
8 5.3847 2.4379 2.5994 0.326382 0.835731 0.306768 0.843155
9 5.3646 2.3950 2.6251 0.300779 0.847873 0.291689 0.855725
10 5.4465 2.4108 2.6568 0.277835 0.864142 0.267701 0.873979
11 5.5063 2.5633 2.5927 0.255607 0.881853 0.251015 0.891113
12 5.3944 2.4246 2.6184 0.238602 0.895338 0.235817 0.902162
13 5.4400 2.3918 2.6929 0.232848 0.902614 0.228870 0.906325
14 5.4218 2.4432 2.6329 0.228619 0.906119 0.223025 0.909608
15 5.6145 2.5908 2.6603 0.226045 0.908957 0.218326 0.912570
16 5.3969 2.4126 2.6355 0.224264 0.910967 0.214451 0.914572
17 5.3837 2.4126 2.6138 0.222662 0.912568 0.211004 0.915853
18 5.4441 2.4396 2.6569 0.221340 0.914267 0.207863 0.917294
19 5.4132 2.3965 2.6728 0.220445 0.915183 0.204996 0.917934
20 5.4715 2.5253 2.5902 0.219954 0.916651 0.202307 0.919376
21 5.3487 2.3523 2.6453 0.219608 0.917683 0.199588 0.920897
22 5.4290 2.4535 2.6284 0.218425 0.919133 0.196368 0.922258
23 5.4331 2.4539 2.6259 0.215832 0.920583 0.192325 0.923539
24 5.4752 2.4687 2.6490 0.207450 0.921766 0.189039 0.924660
25 5.4071 2.4121 2.6388 0.210046 0.922024 0.189920 0.924099
26 5.4450 2.4368 2.6617 0.208211 0.923020 0.187932 0.924580
27 5.4030 2.4641 2.5895 0.206771 0.923758 0.186079 0.926021
28 5.4521 2.4571 2.6398 0.205795 0.924123 0.184172 0.926902
29 5.4061 2.4231 2.6439 0.204941 0.924933 0.182346 0.927622
30 5.4627 2.4320 2.6765 0.204058 0.925751 0.180672 0.928583
31 5.4670 2.4266 2.6946 0.203125 0.926160 0.179134 0.928903
32 5.4760 2.5084 2.6197 0.202148 0.926792 0.177697 0.929624
33 5.4435 2.4653 2.6184 0.201132 0.927379 0.176335 0.930264
34 5.4849 2.4494 2.6840 0.200083 0.927806 0.175032 0.930665
35 5.4036 2.4667 2.6007 0.199004 0.928331 0.173776 0.931305
36 5.4657 2.4139 2.7000 0.197899 0.928793 0.172562 0.931625
37 5.3675 2.3875 2.6268 0.196774 0.929451 0.171383 0.932186
38 5.5048 2.4845 2.6615 0.195633 0.930012 0.170236 0.932666
39 5.5353 2.4909 2.6624 0.194482 0.930590 0.169118 0.933387
40 5.5246 2.4633 2.6973 0.193326 0.931044 0.168029 0.933707
41 5.3701 2.3753 2.6488 0.192169 0.931337 0.166966 0.933707
42 5.6265 2.6062 2.6647 0.191014 0.931862 0.165928 0.934428
43 5.4119 2.4354 2.6264 0.189867 0.932280 0.164915 0.934588
44 5.2825 2.3653 2.5752 0.188728 0.932707 0.163927 0.934908
45 5.4292 2.4196 2.6641 0.187602 0.933045 0.162961 0.935388
46 5.5082 2.4789 2.6796 0.186489 0.933552 0.162016 0.935709
47 5.5371 2.4633 2.6829 0.185368 0.933846 0.160990 0.936349
48 5.4374 2.4332 2.6591 0.182361 0.934424 0.160177 0.935789
49 5.4465 2.4822 2.6106 0.180438 0.934842 0.159721 0.935629
