epoch time fwd_time bwd_time loss acc val_loss val_acc
0 5.4882 2.5215 2.6009 0.484823 0.819114 0.474098 0.819215
1 5.3976 2.4113 2.6408 0.484733 0.824576 0.474014 0.819215
2 5.5481 2.5691 2.6275 0.483077 0.824576 0.472435 0.819215
3 5.4769 2.4397 2.6803 0.471682 0.824576 0.460728 0.819215
4 5.4302 2.4207 2.6644 0.429424 0.824576 0.412666 0.819215
5 5.3824 2.4152 2.6209 0.393270 0.824576 0.357580 0.819215
6 5.4066 2.4303 2.6348 0.375278 0.825376 0.336596 0.827302
7 5.4907 2.4372 2.6949 0.343386 0.838604 0.312478 0.854444
8 5.4855 2.5268 2.6113 0.285220 0.870867 0.259841 0.892874
9 5.4504 2.3992 2.6971 0.262578 0.895738 0.240190 0.894476
10 5.5426 2.5561 2.6257 0.250144 0.901191 0.225314 0.903763
11 5.3767 2.3861 2.6433 0.235384 0.905968 0.218247 0.910408
12 5.4458 2.4418 2.6498 0.232560 0.909953 0.208378 0.914412
13 5.3706 2.4098 2.6191 0.228050 0.912301 0.202757 0.916093
14 5.4693 2.4537 2.6746 0.222107 0.914089 0.198345 0.918175
15 5.4748 2.4903 2.5907 0.215389 0.915922 0.194745 0.919055
16 5.3490 2.4162 2.5839 0.208763 0.917567 0.191461 0.920817
17 5.4632 2.5120 2.5965 0.202878 0.919533 0.188103 0.921537
18 5.3643 2.4408 2.5799 0.197697 0.921294 0.184666 0.923058
19 5.5044 2.5092 2.6535 0.193117 0.923029 0.181193 0.925620
20 5.3547 2.3946 2.6114 0.189197 0.924488 0.178024 0.926821
21 5.3465 2.4171 2.5856 0.185663 0.926000 0.175189 0.928183
22 5.5065 2.4892 2.6666 0.182405 0.927317 0.172591 0.929624
23 5.4994 2.4794 2.6280 0.179527 0.928517 0.170149 0.931225
24 5.4454 2.4525 2.6426 0.177111 0.929798 0.167839 0.931545
25 5.4691 2.4821 2.6432 0.175255 0.931053 0.165641 0.933307
26 5.3736 2.3792 2.6475 0.174095 0.931978 0.163420 0.934828
27 5.4260 2.4251 2.6418 0.173633 0.933241 0.161036 0.935468
28 5.2822 2.3379 2.6054 0.173375 0.933846 0.158794 0.936910
29 5.4236 2.4095 2.6678 0.172661 0.934388 0.157602 0.936509
30 5.4840 2.4587 2.6808 0.170702 0.934886 0.157732 0.937150
31 5.3743 2.4149 2.6046 0.168246 0.935518 0.157750 0.937390
32 5.3969 2.3884 2.6641 0.166146 0.936185 0.156980 0.937310
33 5.5721 2.5857 2.6190 0.164609 0.936719 0.155881 0.937710
34 5.2865 2.3594 2.5850 0.163443 0.937164 0.154796 0.937790
35 5.5357 2.5223 2.6563 0.162482 0.937653 0.153780 0.938351
36 5.4416 2.4363 2.6664 0.161658 0.937715 0.152825 0.938671
37 5.5119 2.4675 2.6957 0.160969 0.937920 0.151942 0.938671
38 5.4276 2.4101 2.6794 0.160306 0.938213 0.151102 0.939231
39 5.4447 2.4242 2.6770 0.159698 0.938471 0.150314 0.939872
40 5.5716 2.5123 2.6988 0.159153 0.938774 0.149596 0.940272
41 5.3535 2.3942 2.5979 0.158666 0.939121 0.148947 0.940512
42 5.4312 2.4248 2.6529 0.158220 0.939379 0.148359 0.940913
43 5.4954 2.4698 2.6775 0.157798 0.939601 0.147823 0.941473
44 5.4625 2.4150 2.6666 0.157387 0.939672 0.147328 0.941713
45 5.3910 2.3928 2.6555 0.156978 0.939850 0.146871 0.941393
46 5.5016 2.4858 2.6640 0.156570 0.940019 0.146440 0.941233
47 5.3966 2.3803 2.6676 0.156164 0.940170 0.146037 0.941473
48 5.6123 2.5730 2.6906 0.155765 0.940348 0.145655 0.941713
49 5.4123 2.4031 2.6646 0.155372 0.940517 0.145291 0.941873
