epoch time fwd_time bwd_time loss acc val_loss val_acc
0 5.4126 2.3916 2.6768 0.484569 0.824576 0.473914 0.819215
1 5.3318 2.3908 2.5819 0.484386 0.824576 0.473786 0.819215
2 5.5615 2.5556 2.6514 0.482409 0.824576 0.471836 0.819215
3 5.4297 2.4597 2.6218 0.437398 0.824576 0.420315 0.819215
4 5.3817 2.3985 2.6285 0.378861 0.824291 0.333611 0.819536
5 5.5518 2.5145 2.6883 0.282688 0.877930 0.256839 0.892634
6 5.4116 2.4089 2.6604 0.284842 0.897162 0.241301 0.897198
7 5.5509 2.5268 2.6840 0.265802 0.901840 0.225989 0.905044
8 5.4903 2.5354 2.6028 0.256622 0.904127 0.223823 0.906565
9 5.6122 2.6184 2.6495 0.252036 0.905550 0.221354 0.907606
10 5.4330 2.4111 2.6707 0.248556 0.906688 0.221404 0.906485
11 5.3655 2.3713 2.6462 0.238709 0.907960 0.221618 0.905925
12 5.3376 2.3955 2.5931 0.231104 0.909873 0.217445 0.907046
13 5.4466 2.4397 2.6617 0.225387 0.911572 0.211604 0.909608
14 5.4906 2.4395 2.6974 0.220352 0.912897 0.206289 0.911529
15 5.4031 2.4632 2.5933 0.216055 0.914392 0.201932 0.914011
16 5.4907 2.4598 2.6757 0.212497 0.916073 0.197739 0.915773
17 5.3590 2.3873 2.6192 0.209460 0.917372 0.192022 0.919135
18 5.4829 2.4618 2.6338 0.204629 0.919284 0.183920 0.922738
19 5.4953 2.4275 2.7133 0.200484 0.920716 0.179631 0.925140
20 5.4854 2.4451 2.6845 0.195515 0.921944 0.176173 0.926741
21 5.4691 2.4721 2.6469 0.190396 0.923136 0.173431 0.928503
22 5.5084 2.4740 2.6817 0.186202 0.924612 0.174731 0.927702
23 5.4404 2.4550 2.6276 0.183368 0.925947 0.180280 0.925300
24 5.4385 2.4745 2.6034 0.194181 0.928766 0.166371 0.931225
25 5.4356 2.4376 2.6489 0.194816 0.928420 0.162849 0.933147
26 5.5035 2.4876 2.6728 0.185646 0.930172 0.157163 0.935148
27 5.4409 2.4099 2.6791 0.181781 0.931826 0.164784 0.929303
28 5.4597 2.4552 2.6525 0.170421 0.932796 0.159256 0.931225
29 5.4346 2.4782 2.6038 0.166259 0.933312 0.152846 0.935388
30 5.6041 2.5909 2.6516 0.162740 0.936621 0.144762 0.944115
31 5.3832 2.4293 2.5990 0.157000 0.937884 0.136757 0.945556
32 5.4728 2.4417 2.6769 0.189888 0.939637 0.134765 0.946357
33 5.3455 2.3822 2.6025 0.173284 0.941887 0.135910 0.947718
34 5.5969 2.5317 2.7076 0.145390 0.942883 0.156842 0.936669
35 5.5319 2.5317 2.6495 0.153063 0.944449 0.134175 0.944035
36 5.4505 2.4497 2.6491 0.132995 0.947091 0.115166 0.951801
37 5.5112 2.5245 2.6339 0.129001 0.947616 0.129355 0.945476
38 5.4814 2.4623 2.6690 0.128194 0.948905 0.114501 0.951321
39 5.4370 2.3925 2.6875 0.124114 0.951111 0.120068 0.949400
40 5.4106 2.4226 2.6412 0.117885 0.950427 0.135742 0.940592
41 5.5310 2.5197 2.6544 0.115992 0.952481 0.141506 0.936990
42 5.3629 2.4058 2.6066 0.114563 0.953415 0.135166 0.939071
43 5.4772 2.4587 2.6767 0.132326 0.953495 0.105594 0.955725
44 5.4563 2.4545 2.6502 0.121842 0.953184 0.108013 0.955404
45 5.4049 2.4606 2.5831 0.116700 0.953495 0.115663 0.950921
46 5.4360 2.4735 2.6108 0.121604 0.952579 0.112568 0.952762
47 5.4970 2.4538 2.6472 0.116651 0.955034 0.106827 0.955725
48 5.4628 2.4770 2.6279 0.109725 0.955061 0.112670 0.952282
49 5.5145 2.4868 2.6741 0.123635 0.955764 0.104094 0.956125
