epoch time fwd_time bwd_time loss acc val_loss val_acc
0 5.5774 2.5139 2.7028 0.462484 0.824300 0.468861 0.821697
1 5.6160 2.6002 2.6588 0.457526 0.824300 0.464179 0.821697
2 5.4951 2.4761 2.6659 0.400920 0.824300 0.405399 0.821697
3 5.7236 2.6719 2.6953 0.368951 0.824300 0.364614 0.821697
4 5.4953 2.4799 2.6618 0.358168 0.824300 0.356846 0.821697
5 5.6625 2.6233 2.6912 0.350091 0.824354 0.347551 0.822178
6 5.6655 2.6311 2.6802 0.308003 0.830989 0.316892 0.846998
7 5.5396 2.5071 2.6801 0.238483 0.866597 0.252361 0.891914
8 5.6832 2.5738 2.7450 0.212500 0.896147 0.218728 0.908327
9 5.5541 2.5101 2.6827 0.192302 0.904518 0.205070 0.910649
10 5.5294 2.5165 2.6205 0.185507 0.908530 0.199322 0.912890
11 5.5317 2.5276 2.6452 0.180594 0.911314 0.195306 0.914892
12 5.5169 2.5555 2.5989 0.176780 0.913422 0.192408 0.916813
13 5.6458 2.5587 2.7314 0.173558 0.914721 0.190058 0.917694
14 5.7041 2.6432 2.7109 0.170595 0.916020 0.187548 0.919055
15 5.5321 2.5594 2.6125 0.167731 0.917318 0.185148 0.920977
16 5.4012 2.4607 2.5841 0.167284 0.917630 0.183421 0.922258
17 5.4674 2.4906 2.6201 0.162295 0.919311 0.180791 0.922658
18 5.5818 2.5348 2.6858 0.159963 0.920378 0.178060 0.924740
19 5.5219 2.5801 2.5963 0.157683 0.921214 0.175953 0.925140
20 5.6066 2.5626 2.6921 0.155306 0.921926 0.173322 0.926341
21 5.7986 2.7497 2.6997 0.152933 0.922691 0.170827 0.927622
22 5.5485 2.5520 2.6371 0.151428 0.923216 0.170121 0.927782
23 5.5349 2.5149 2.6639 0.149582 0.924452 0.167604 0.928343
24 5.5379 2.4902 2.6857 0.147782 0.924764 0.165772 0.929303
25 5.5632 2.5154 2.6982 0.146398 0.925422 0.164371 0.930024
26 5.5740 2.5990 2.6227 0.144693 0.926107 0.162405 0.931705
27 5.6140 2.5721 2.6847 0.143546 0.926480 0.161295 0.931385
28 5.6808 2.6063 2.7045 0.142379 0.927067 0.159908 0.932586
29 5.6151 2.5765 2.6731 0.140850 0.927628 0.158731 0.933387
30 5.5952 2.5514 2.6793 0.140137 0.928019 0.157543 0.934027
31 5.6246 2.5263 2.6970 0.139183 0.928340 0.156535 0.934187
32 5.4997 2.4922 2.6491 0.138461 0.928855 0.155611 0.934267
33 5.5172 2.5418 2.6091 0.137622 0.929371 0.154780 0.935228
34 5.7432 2.7293 2.6616 0.136902 0.929887 0.154087 0.935548
35 5.6299 2.5645 2.7026 0.136276 0.930208 0.153487 0.936029
36 5.5146 2.5084 2.6485 0.135924 0.930688 0.152826 0.936829
37 5.5911 2.5537 2.6864 0.135412 0.931115 0.152363 0.936749
38 5.5199 2.4725 2.6903 0.258622 0.876364 0.285314 0.876301
39 5.6048 2.5550 2.6799 0.138718 0.921926 0.158148 0.936829
40 5.6061 2.6246 2.6210 0.134893 0.933312 0.154575 0.937310
41 5.5881 2.5280 2.7018 0.134356 0.932760 0.154440 0.936589
42 5.5901 2.5906 2.6389 0.136323 0.933285 0.152025 0.937150
43 5.6287 2.6229 2.6413 0.135715 0.933205 0.151695 0.937710
44 5.6172 2.5614 2.6989 0.134975 0.933561 0.151643 0.937790
45 5.5312 2.5312 2.6296 0.134158 0.933712 0.151608 0.937470
46 5.5466 2.5942 2.5940 0.133439 0.933997 0.151447 0.937390
47 5.4373 2.4957 2.5978 0.132806 0.934326 0.151227 0.937310
48 5.6603 2.6154 2.6724 0.132249 0.934513 0.150978 0.937550
49 5.7227 2.5925 2.7636 0.131759 0.934789 0.150717 0.937550
