epoch time fwd_time bwd_time loss acc val_loss val_acc
0 5.4649 2.4448 2.6653 0.441463 0.807488 0.417642 0.819215
1 5.4448 2.4100 2.6891 0.405699 0.824576 0.366928 0.819215
2 5.4406 2.4735 2.6229 0.377088 0.824576 0.362514 0.819215
3 5.4764 2.4326 2.6896 0.311192 0.846183 0.299398 0.864852
4 5.5913 2.5638 2.6720 0.304076 0.866882 0.270482 0.872058
5 5.4482 2.4668 2.6427 0.295457 0.881426 0.251526 0.898078
6 5.5321 2.5116 2.6737 0.262753 0.891842 0.242388 0.899279
7 5.3735 2.3552 2.6687 0.241294 0.896183 0.238221 0.895436
8 5.6072 2.5765 2.6758 0.239550 0.900284 0.219934 0.907686
9 5.4876 2.4239 2.7176 0.232538 0.901236 0.214844 0.909528
10 5.5866 2.5082 2.7210 0.232898 0.907293 0.213899 0.909367
11 5.5750 2.5208 2.7022 0.227075 0.909570 0.210808 0.910408
12 5.5685 2.5591 2.6534 0.215074 0.909633 0.199707 0.916894
13 5.5075 2.4675 2.6887 0.215957 0.915023 0.198721 0.917694
14 5.4378 2.4757 2.6153 0.209027 0.913369 0.190670 0.923139
15 5.5238 2.4803 2.6724 0.229339 0.919604 0.190223 0.919776
16 5.5102 2.5020 2.6526 0.206859 0.921134 0.217561 0.909047
17 5.2654 2.3511 2.5612 0.211013 0.920058 0.191679 0.917454
18 5.4238 2.3981 2.6653 0.192602 0.925111 0.179103 0.926581
19 5.4242 2.4069 2.6533 0.197105 0.923856 0.191551 0.919696
20 5.4598 2.4132 2.6874 0.199524 0.926863 0.183906 0.922658
21 5.6102 2.5153 2.6899 0.188114 0.929113 0.167389 0.930905
22 5.4104 2.4574 2.5973 0.180565 0.930759 0.160564 0.936509
23 5.4475 2.4482 2.6579 0.178828 0.930795 0.152886 0.938991
24 5.4012 2.3892 2.6674 0.174359 0.932218 0.153204 0.938751
25 5.4019 2.3960 2.6428 0.169109 0.933623 0.147125 0.941073
26 5.5136 2.4358 2.7333 0.163022 0.932974 0.146764 0.942114
27 5.3709 2.4131 2.6052 0.160809 0.934575 0.144976 0.942594
28 5.4344 2.4103 2.6679 0.159270 0.935509 0.141954 0.943795
29 5.4398 2.4292 2.6274 0.156583 0.936256 0.139890 0.944596
30 5.4317 2.5113 2.5675 0.153200 0.936372 0.139000 0.945556
31 5.4462 2.4523 2.6507 0.151320 0.937288 0.136808 0.946837
32 5.4814 2.4844 2.6418 0.149174 0.937493 0.135620 0.947238
33 5.3822 2.4196 2.6152 0.147508 0.938373 0.134210 0.948279
34 5.3631 2.3706 2.6452 0.145745 0.938783 0.133265 0.948599
35 5.4737 2.5185 2.5919 0.144296 0.939672 0.132274 0.948999
36 5.4178 2.4123 2.6540 0.142830 0.940037 0.131578 0.949880
37 5.4562 2.4442 2.6649 0.141538 0.940482 0.131026 0.950280
38 5.3962 2.4476 2.5858 0.140454 0.940677 0.131271 0.950600
39 5.3355 2.3869 2.5896 0.139090 0.940250 0.130198 0.950841
40 5.4004 2.3938 2.6522 0.140576 0.940206 0.131126 0.950681
41 5.4282 2.4891 2.5872 0.138485 0.941006 0.131645 0.950280
42 5.4066 2.4244 2.6297 0.137071 0.941184 0.129758 0.951241
43 5.3678 2.4037 2.6106 0.136009 0.941994 0.129089 0.951481
44 5.4719 2.4999 2.6215 0.135097 0.942937 0.128655 0.951801
45 5.4967 2.4623 2.6918 0.134316 0.943488 0.129493 0.951721
46 5.4416 2.4411 2.6605 0.133273 0.944378 0.130228 0.952042
47 5.4977 2.4480 2.7017 0.132345 0.945027 0.130306 0.952282
48 5.3383 2.3700 2.6177 0.131383 0.945668 0.130398 0.951801
49 5.4268 2.4323 2.6507 0.130458 0.946112 0.129532 0.952602
