epoch time fwd_time bwd_time loss acc val_loss val_acc
0 5.4261 2.4179 2.6571 0.484443 0.764355 0.473856 0.819215
1 5.3771 2.4647 2.5647 0.476587 0.824576 0.465915 0.819215
2 5.4727 2.4801 2.6366 0.394014 0.824576 0.365204 0.819215
3 5.4477 2.4967 2.5992 0.369554 0.824576 0.335871 0.819215
4 5.5313 2.5029 2.6743 0.324147 0.831532 0.308455 0.839632
5 5.5090 2.4198 2.6916 0.299108 0.868634 0.290951 0.876061
6 5.4314 2.4375 2.6431 0.284096 0.882475 0.265869 0.888551
7 5.4058 2.3961 2.6648 0.283961 0.886256 0.255797 0.893275
8 5.4427 2.4503 2.6360 0.261792 0.891771 0.254240 0.895116
9 5.4744 2.4973 2.6336 0.257988 0.895231 0.247431 0.898319
10 5.3807 2.3828 2.6400 0.255012 0.897028 0.237455 0.900320
11 5.3445 2.3878 2.6149 0.248725 0.898193 0.232629 0.901521
12 5.3759 2.3849 2.6311 0.243270 0.901867 0.227736 0.905284
13 5.4122 2.4056 2.6210 0.239346 0.903326 0.226628 0.904243
14 5.3688 2.4018 2.6139 0.236755 0.904376 0.221572 0.906725
15 5.5005 2.4867 2.6555 0.231770 0.906626 0.220731 0.907686
16 5.4857 2.4510 2.6899 0.228605 0.907311 0.215865 0.909127
17 5.5136 2.4835 2.6863 0.225956 0.909161 0.212666 0.911209
18 5.4683 2.4456 2.6713 0.223425 0.910175 0.209363 0.913371
19 5.4673 2.4560 2.6574 0.221107 0.911661 0.205825 0.915853
20 5.5213 2.4919 2.6767 0.221268 0.913280 0.201326 0.918094
21 5.3947 2.4273 2.6155 0.218770 0.914507 0.202483 0.915132
22 5.5430 2.5497 2.6383 0.215655 0.915895 0.205283 0.912170
23 5.4617 2.4480 2.6556 0.213010 0.916891 0.205214 0.912250
24 5.3684 2.3862 2.6341 0.212581 0.917932 0.203477 0.914492
25 5.4810 2.4791 2.6568 0.208151 0.919302 0.198531 0.916413
26 5.4315 2.4199 2.6572 0.206154 0.920236 0.189725 0.921697
27 5.4341 2.4410 2.6433 0.204334 0.922486 0.191298 0.921057
28 5.3372 2.3682 2.6169 0.200416 0.922664 0.187331 0.922738
29 5.4955 2.5072 2.6371 0.199354 0.923589 0.179923 0.927542
30 5.4860 2.4612 2.6842 0.196161 0.924443 0.184290 0.924099
31 5.4027 2.4146 2.6306 0.191802 0.925715 0.175337 0.928903
32 5.4182 2.4019 2.6723 0.196424 0.926934 0.187160 0.921938
33 5.4625 2.4167 2.6880 0.190137 0.925991 0.176839 0.927622
34 5.4816 2.4918 2.6422 0.186277 0.927744 0.173754 0.929784
35 5.4572 2.4836 2.6220 0.182652 0.928980 0.171749 0.930584
36 5.4458 2.4261 2.6676 0.179586 0.930092 0.170564 0.931225
37 5.4292 2.4536 2.6274 0.177033 0.931284 0.169798 0.931305
38 5.5041 2.4935 2.6244 0.174828 0.932236 0.169318 0.931545
39 5.3027 2.3741 2.5806 0.172860 0.933090 0.169122 0.931785
40 5.5057 2.4931 2.6629 0.171073 0.933712 0.169204 0.931625
41 5.4651 2.4306 2.6850 0.169444 0.934246 0.169547 0.931785
42 5.4503 2.4331 2.6726 0.167988 0.934611 0.170115 0.931465
43 5.4360 2.4160 2.6614 0.166784 0.935011 0.170823 0.931145
44 5.4664 2.5102 2.6078 0.166042 0.935669 0.171411 0.930985
45 5.3520 2.3817 2.6122 0.166251 0.936585 0.170900 0.931625
46 5.5462 2.5068 2.6870 0.167879 0.937413 0.166468 0.932826
47 5.4532 2.4146 2.6907 0.168258 0.938418 0.157012 0.937630
48 5.3458 2.3835 2.6168 0.164972 0.939005 0.150263 0.938831
49 5.4154 2.4182 2.6455 0.166152 0.939432 0.146910 0.940993
