epoch time fwd_time bwd_time loss acc val_loss val_acc
0 5.4400 2.4250 2.6607 0.483265 0.824576 0.472484 0.819215
1 5.5193 2.5104 2.6631 0.384276 0.824576 0.358391 0.819215
2 5.3837 2.3632 2.6745 0.361122 0.824576 0.332747 0.819215
3 5.3847 2.4036 2.6378 0.346126 0.828383 0.308843 0.838191
4 5.5386 2.5613 2.6143 0.304340 0.851102 0.281157 0.867334
5 5.4120 2.4524 2.5690 0.256670 0.883685 0.248866 0.895276
6 5.3031 2.3881 2.5820 0.253185 0.898905 0.231913 0.903363
7 5.5024 2.4688 2.6898 0.244014 0.904767 0.225957 0.905044
8 5.4352 2.4739 2.6112 0.233012 0.907507 0.215006 0.910969
9 5.4768 2.4628 2.6478 0.225389 0.911074 0.206461 0.914251
10 5.3841 2.3868 2.6496 0.216614 0.914080 0.201264 0.914812
11 5.3555 2.3756 2.6219 0.209255 0.916785 0.195814 0.918415
12 5.4333 2.4623 2.6169 0.205042 0.918866 0.190815 0.920416
13 5.4771 2.5192 2.6015 0.202113 0.920716 0.188077 0.921377
14 5.5156 2.5325 2.6303 0.198946 0.922620 0.185407 0.922658
15 5.5536 2.4535 2.7492 0.193895 0.924586 0.181724 0.924580
16 5.4443 2.4630 2.6296 0.189890 0.926836 0.179936 0.925380
17 5.4806 2.4984 2.6365 0.185740 0.928855 0.180449 0.924980
18 5.3921 2.4093 2.6349 0.182771 0.930635 0.181348 0.924820
19 5.5290 2.4122 2.7630 0.178523 0.932547 0.184860 0.922738
20 5.3290 2.3741 2.6163 0.174693 0.934237 0.186282 0.923219
21 5.4880 2.4340 2.7005 0.173730 0.936879 0.168753 0.931225
22 5.4508 2.4367 2.6633 0.170198 0.939992 0.150444 0.938591
23 5.3722 2.3872 2.6372 0.154281 0.942572 0.141874 0.942834
24 5.3776 2.4048 2.6257 0.155290 0.943008 0.147726 0.939952
25 5.3085 2.3933 2.5657 0.144554 0.944929 0.141440 0.942754
26 5.3936 2.3953 2.6031 0.137558 0.946521 0.136355 0.945236
27 5.3548 2.3813 2.6262 0.139398 0.946308 0.134142 0.946517
28 5.4463 2.4758 2.6249 0.132441 0.947865 0.134605 0.946918
29 5.5497 2.4662 2.7312 0.133268 0.949590 0.128822 0.949239
30 5.5161 2.5751 2.5851 0.127289 0.950862 0.120921 0.952522
31 5.5459 2.5150 2.6717 0.135585 0.951636 0.153834 0.939632
32 5.4901 2.4508 2.6901 0.123531 0.952446 0.118221 0.953563
33 5.3953 2.3689 2.6806 0.121189 0.953558 0.121798 0.951721
34 5.5393 2.5369 2.6436 0.120362 0.953068 0.116016 0.954283
35 5.3998 2.4262 2.6201 0.117555 0.953994 0.123302 0.951321
36 5.5700 2.5677 2.6417 0.117868 0.954830 0.124377 0.951081
37 5.4866 2.4525 2.6884 0.124063 0.951014 0.123992 0.949480
38 5.5473 2.5255 2.6674 0.113497 0.956146 0.117618 0.954043
39 5.5000 2.4496 2.7066 0.115533 0.956520 0.124041 0.951401
40 5.4254 2.4707 2.6026 0.108340 0.956822 0.129241 0.948759
41 5.4107 2.4149 2.6596 0.109114 0.957276 0.120540 0.951882
42 5.3704 2.3878 2.6361 0.106441 0.957294 0.121987 0.951161
43 5.5481 2.5436 2.6372 0.108071 0.958165 0.110207 0.955004
44 5.3959 2.3998 2.6428 0.101710 0.957507 0.114876 0.953883
45 5.4037 2.4131 2.6258 0.103269 0.958948 0.100017 0.958527
46 5.5717 2.5888 2.6346 0.100584 0.958592 0.105577 0.956765
47 5.4055 2.4147 2.6514 0.102182 0.959731 0.094628 0.960929
48 5.4096 2.4066 2.6621 0.100607 0.959357 0.096345 0.959808
49 5.4780 2.4368 2.6792 0.100594 0.959651 0.094577 0.960689
