epoch time fwd_time bwd_time loss acc val_loss val_acc
0 5.4687 2.4280 2.6868 0.484366 0.729138 0.473736 0.819215
1 5.3489 2.3921 2.6138 0.448926 0.824576 0.434767 0.819215
2 5.4249 2.4234 2.6481 0.394977 0.824576 0.360690 0.819215
3 5.4736 2.4692 2.6553 0.364565 0.824576 0.330979 0.819215
4 5.5119 2.5128 2.6387 0.320623 0.835464 0.299466 0.851161
5 5.4413 2.4180 2.6664 0.282523 0.878170 0.268964 0.891033
6 5.3232 2.3569 2.6240 0.269830 0.892660 0.245034 0.900400
7 5.4721 2.4836 2.6393 0.261468 0.899848 0.233504 0.904083
8 5.5223 2.5262 2.6324 0.249462 0.903104 0.234159 0.904083
9 5.4504 2.4141 2.6510 0.254062 0.906350 0.236035 0.905524
10 5.5368 2.4929 2.6853 0.239782 0.906288 0.215144 0.910088
11 5.4985 2.4617 2.6837 0.241491 0.910825 0.218098 0.911049
12 5.4406 2.4236 2.6651 0.223590 0.913929 0.202341 0.919215
13 5.5334 2.4819 2.6729 0.228032 0.917674 0.194404 0.923699
14 5.4814 2.4187 2.7139 0.239061 0.923509 0.186886 0.926261
15 5.4463 2.4402 2.6533 0.232507 0.925342 0.192592 0.923779
16 5.4395 2.4826 2.6076 0.216100 0.927681 0.171574 0.931385
17 5.4575 2.4454 2.6588 0.207574 0.928855 0.168509 0.932506
18 5.4444 2.4606 2.6475 0.202109 0.930608 0.165782 0.934508
19 5.4168 2.4127 2.6582 0.175789 0.932903 0.169733 0.930665
20 5.4485 2.4582 2.6362 0.171780 0.935340 0.177618 0.926021
21 5.5163 2.4508 2.7045 0.162831 0.937181 0.156386 0.939712
22 5.4687 2.4638 2.6567 0.157478 0.938898 0.150021 0.943235
23 5.4719 2.4464 2.6786 0.174644 0.939752 0.146398 0.946277
24 5.3902 2.4188 2.6159 0.157786 0.941522 0.142009 0.948279
25 5.4035 2.4494 2.5939 0.149503 0.941442 0.134519 0.950360
26 5.3971 2.4008 2.6402 0.141179 0.944511 0.132670 0.952442
27 5.4964 2.4674 2.6701 0.141733 0.945463 0.130331 0.953243
28 5.4686 2.4717 2.6515 0.143134 0.945347 0.174643 0.925220
29 5.3287 2.3664 2.6188 0.132989 0.945107 0.139817 0.941713
30 5.4356 2.4272 2.6543 0.133363 0.949252 0.130877 0.947958
31 5.5042 2.4383 2.7105 0.143650 0.950818 0.120761 0.954123
32 5.4741 2.4489 2.6722 0.138776 0.951974 0.115373 0.956285
33 5.4723 2.4478 2.6775 0.136819 0.953291 0.114029 0.957006
34 5.4800 2.4827 2.6484 0.123649 0.955248 0.119807 0.950440
35 5.5194 2.5163 2.6439 0.109556 0.957534 0.104507 0.959648
36 5.3984 2.3920 2.6602 0.105758 0.956386 0.102581 0.960288
37 5.4159 2.4513 2.6044 0.111750 0.958210 0.102163 0.960528
38 5.4852 2.4584 2.6332 0.112249 0.958993 0.102964 0.959167
39 5.4671 2.4114 2.7063 0.105450 0.959251 0.097006 0.964932
40 5.4927 2.4573 2.6791 0.106993 0.958939 0.108628 0.954283
41 5.5047 2.4955 2.6628 0.097684 0.959651 0.120473 0.948599
42 5.4987 2.4714 2.6784 0.097049 0.960585 0.112879 0.952522
43 5.3264 2.4005 2.5681 0.091209 0.961288 0.111271 0.952282
44 5.5245 2.5124 2.6602 0.092434 0.961003 0.102591 0.956845
45 5.4440 2.4170 2.6747 0.086570 0.961234 0.115703 0.951161
46 5.5421 2.5244 2.6290 0.085588 0.961777 0.113411 0.952362
47 5.4882 2.4490 2.6933 0.093097 0.962729 0.108922 0.953163
48 5.3811 2.3903 2.6548 0.084741 0.961359 0.110563 0.952842
49 5.3652 2.3958 2.6271 0.083547 0.961359 0.098302 0.959488
