epoch time fwd_time bwd_time loss acc val_loss val_acc
0 5.4133 2.4559 2.6067 0.484649 0.772494 0.474019 0.819215
1 5.3380 2.3875 2.6017 0.484455 0.824576 0.473930 0.819215
2 5.5304 2.4731 2.7144 0.484441 0.824576 0.473909 0.819215
3 5.4084 2.4275 2.6393 0.484445 0.824576 0.473898 0.819215
4 5.3885 2.4201 2.6060 0.484414 0.824576 0.473857 0.819215
5 5.6073 2.5849 2.6640 0.448738 0.824576 0.434323 0.819215
6 5.4564 2.4188 2.6918 0.409217 0.824576 0.361219 0.819215
7 5.4154 2.4239 2.6414 0.400054 0.824576 0.353814 0.819215
8 5.5609 2.5171 2.6886 0.377856 0.824576 0.340876 0.819215
9 5.4645 2.4510 2.6687 0.361366 0.825999 0.326445 0.827062
10 5.4166 2.4058 2.6610 0.329583 0.835553 0.318316 0.845476
11 5.4564 2.4232 2.6802 0.301967 0.849163 0.289953 0.863731
12 5.4302 2.4263 2.6622 0.263819 0.875261 0.256743 0.886629
13 5.4928 2.5042 2.6317 0.240559 0.889965 0.237634 0.894315
14 5.4422 2.4616 2.6408 0.230320 0.898941 0.224149 0.905124
15 5.3871 2.4126 2.6174 0.223134 0.905834 0.215956 0.910488
16 5.4593 2.5338 2.5808 0.220654 0.909820 0.207771 0.912410
17 5.3813 2.4251 2.5982 0.217222 0.912755 0.203012 0.913691
18 5.4346 2.4075 2.6723 0.213947 0.914721 0.199224 0.915853
19 5.5750 2.5516 2.6550 0.211558 0.916349 0.196034 0.916653
20 5.4514 2.4024 2.6924 0.209981 0.918074 0.192893 0.919055
21 5.4819 2.4579 2.6290 0.208896 0.919462 0.190155 0.920897
22 5.3505 2.3877 2.6186 0.208072 0.920378 0.187855 0.922338
23 5.4332 2.4358 2.6422 0.207359 0.921446 0.185868 0.923459
24 5.4951 2.4347 2.6945 0.206690 0.922077 0.184092 0.924820
25 5.5060 2.5040 2.6473 0.206039 0.922744 0.182472 0.925620
26 5.3700 2.3781 2.6332 0.205391 0.923394 0.180978 0.926341
27 5.4911 2.4882 2.6522 0.204734 0.923856 0.179590 0.926982
28 5.4336 2.4423 2.6356 0.204057 0.924346 0.178293 0.927942
29 5.4771 2.4363 2.6911 0.203357 0.924808 0.177074 0.928183
30 5.3944 2.4353 2.6146 0.202629 0.925208 0.175925 0.928583
31 5.3659 2.3728 2.6415 0.201872 0.925635 0.174838 0.928823
32 5.3936 2.4211 2.6180 0.201088 0.926125 0.173809 0.929303
33 5.4994 2.5167 2.6349 0.200277 0.926525 0.172834 0.929784
34 5.4267 2.4031 2.6779 0.199441 0.927236 0.171908 0.929784
35 5.4731 2.4418 2.6739 0.198583 0.927628 0.171030 0.930184
36 5.4301 2.4027 2.6730 0.197706 0.928055 0.170195 0.930665
37 5.4707 2.4835 2.6257 0.196813 0.928420 0.169403 0.931145
38 5.5008 2.4933 2.6470 0.195907 0.928749 0.168649 0.931385
39 5.4016 2.4194 2.6285 0.194990 0.929149 0.167932 0.931465
40 5.5151 2.5020 2.6503 0.194066 0.929594 0.167249 0.931946
41 5.4421 2.4081 2.6843 0.193136 0.930065 0.166599 0.932346
42 5.4493 2.4290 2.6440 0.192202 0.930403 0.165978 0.932906
43 5.3618 2.4223 2.5891 0.191266 0.930697 0.165383 0.933547
44 5.4467 2.4347 2.6692 0.190329 0.931070 0.164815 0.933307
45 5.3661 2.3881 2.6289 0.189393 0.931488 0.164268 0.933947
46 5.5359 2.4478 2.6876 0.188459 0.931889 0.163741 0.934107
47 5.5193 2.5442 2.6265 0.187527 0.932200 0.163230 0.933947
48 5.3676 2.3837 2.6346 0.186602 0.932538 0.162731 0.933947
49 5.4475 2.4444 2.6424 0.185683 0.932778 0.162240 0.934187
