epoch time fwd_time bwd_time loss acc val_loss val_acc
0 8.4793 4.0552 4.0737 0.538217 0.750425 0.464853 0.824980
1 8.0915 3.5998 4.1274 0.520548 0.823935 0.464485 0.824980
2 8.0972 3.6500 4.0960 0.523621 0.823935 0.463124 0.824980
3 8.1050 3.6592 4.0940 0.391307 0.823935 0.359384 0.824980
4 8.1745 3.6174 4.2050 0.329949 0.831363 0.314998 0.845076
5 8.1620 3.6708 4.1333 0.277942 0.863075 0.271831 0.878463
6 8.0563 3.6263 4.0746 0.256295 0.887528 0.264588 0.883347
7 8.1993 3.7404 4.1102 0.245920 0.895454 0.237915 0.897598
8 7.9829 3.5742 4.0546 0.239733 0.895978 0.235117 0.898479
9 8.1320 3.6233 4.1552 0.236749 0.898425 0.230705 0.900080
10 9.3860 4.2720 4.7371 0.230715 0.899839 0.227580 0.901121
11 8.3294 3.7311 4.2365 0.226972 0.901396 0.224991 0.901041
12 8.1110 3.6256 4.1320 0.227653 0.902588 0.223669 0.900801
13 8.0537 3.6035 4.0903 0.218666 0.904118 0.219840 0.903443
14 8.4838 3.8272 4.2956 0.218661 0.905354 0.216474 0.904724
15 8.3410 3.7500 4.2346 0.212029 0.906813 0.212615 0.905925
16 8.6398 3.8960 4.3444 0.204838 0.909713 0.205071 0.910008
17 8.4226 3.8202 4.2412 0.194546 0.912835 0.207212 0.908327
18 8.4252 3.7849 4.2754 0.194440 0.915406 0.201777 0.912330
19 8.1524 3.6840 4.1026 0.177808 0.918217 0.196358 0.916653
20 8.3391 3.7570 4.2280 0.171950 0.921677 0.177905 0.922258
21 8.0795 3.6173 4.1022 0.176514 0.923527 0.186565 0.918175
22 8.2142 3.6170 4.2468 0.159391 0.927361 0.168776 0.926741
23 8.1561 3.5752 4.2370 0.146985 0.930074 0.166730 0.928663
24 8.2422 3.7761 4.1117 0.178369 0.935847 0.143033 0.937390
25 8.1334 3.6262 4.1531 0.161315 0.942367 0.128934 0.944436
26 8.1086 3.6677 4.0888 0.158562 0.948674 0.114519 0.951161
27 8.2508 3.7322 4.1612 0.114165 0.952650 0.125917 0.946597
28 8.0767 3.6327 4.0874 0.105091 0.956191 0.119712 0.949560
29 8.2231 3.7009 4.1616 0.099818 0.957018 0.123009 0.948839
30 8.2341 3.7383 4.1389 0.096221 0.958308 0.124093 0.948359
31 8.0358 3.6352 4.0505 0.094295 0.959224 0.121344 0.949560
32 8.1639 3.6935 4.1168 0.093358 0.959740 0.118037 0.950841
33 8.0579 3.5849 4.1174 0.090883 0.960452 0.114871 0.952362
34 8.1386 3.6308 4.1564 0.087413 0.961190 0.114735 0.952842
35 8.1439 3.6358 4.1449 0.087323 0.961795 0.112921 0.953963
36 8.1420 3.5803 4.2046 0.088469 0.962248 0.107415 0.956685
37 8.1049 3.5498 4.2005 0.088242 0.962738 0.102552 0.958607
38 8.2041 3.6867 4.1553 0.087437 0.963022 0.098756 0.960288
39 8.1900 3.6607 4.1665 0.086684 0.963494 0.094897 0.961329
40 8.1360 3.6024 4.1828 0.086252 0.963796 0.093078 0.962450
41 8.1108 3.5574 4.2073 0.086171 0.964010 0.090866 0.963010
42 8.2132 3.6865 4.1630 0.085418 0.964285 0.087360 0.963811
43 8.2583 3.7298 4.1587 0.083360 0.965157 0.085448 0.964131
44 8.0521 3.6169 4.0810 0.081104 0.965664 0.084749 0.964371
45 8.1192 3.5879 4.1399 0.080879 0.965815 0.084386 0.964852
46 8.1949 3.6440 4.1951 0.080843 0.965691 0.084063 0.965012
47 8.1354 3.6663 4.1051 0.080749 0.965789 0.083772 0.965412
48 8.0076 3.5656 4.0846 0.080813 0.965851 0.083505 0.965172
49 8.1407 3.6801 4.1007 0.080801 0.966064 0.083274 0.965252
