epoch time fwd_time bwd_time loss acc val_loss val_acc
0 8.8233 4.2564 4.2412 0.551083 0.822272 0.514614 0.824980
1 8.0784 3.6288 4.1280 0.517525 0.823935 0.466712 0.824980
2 8.0437 3.7087 4.0062 0.520071 0.823935 0.464606 0.824980
3 7.9870 3.6252 4.0405 0.520851 0.823935 0.464398 0.824980
4 8.1284 3.6658 4.1227 0.520224 0.823935 0.464037 0.824980
5 8.0582 3.6107 4.1191 0.518203 0.823935 0.462883 0.824980
6 8.1210 3.6767 4.1211 0.511006 0.823935 0.465252 0.824980
7 8.0829 3.6454 4.1093 0.409813 0.823935 0.383855 0.824980
8 8.1302 3.6683 4.1368 0.372241 0.823935 0.348045 0.824980
9 7.9765 3.5509 4.1031 0.342635 0.831372 0.323759 0.847398
10 8.0715 3.5889 4.1535 0.301918 0.867131 0.285175 0.877582
11 8.0861 3.6560 4.1078 0.279627 0.886309 0.266180 0.891513
12 8.0740 3.6317 4.1160 0.265313 0.895178 0.257143 0.894235
13 8.0493 3.6353 4.0981 0.252859 0.899528 0.267864 0.881025
14 8.0579 3.6043 4.1285 0.248702 0.900471 0.242525 0.901601
15 8.0907 3.6058 4.1567 0.241276 0.904135 0.233976 0.904003
16 7.9739 3.6066 4.0371 0.234586 0.906466 0.227756 0.906565
17 8.1955 3.6751 4.1386 0.228805 0.908343 0.222696 0.907846
18 8.1987 3.6383 4.2367 0.223582 0.909793 0.218029 0.908887
19 8.0814 3.5512 4.2056 0.218870 0.911269 0.213853 0.910729
20 7.9315 3.5591 4.0492 0.214520 0.912221 0.210221 0.912330
21 8.1974 3.7392 4.1437 0.210495 0.913129 0.206944 0.913371
22 8.1214 3.6786 4.1093 0.206742 0.914676 0.203905 0.914331
23 7.9410 3.5706 4.0459 0.203179 0.915993 0.201045 0.916013
24 7.9214 3.5793 4.0206 0.199671 0.917096 0.198313 0.917374
25 8.1174 3.6238 4.1661 0.196206 0.918288 0.195664 0.918735
26 8.0307 3.5916 4.1147 0.192892 0.919275 0.193099 0.920096
27 8.0904 3.6549 4.1125 0.189747 0.920236 0.190642 0.920817
28 8.0588 3.5932 4.1356 0.186746 0.921072 0.188311 0.921297
29 8.0471 3.6656 4.0509 0.183873 0.922051 0.186090 0.921938
30 7.9604 3.5710 4.0631 0.181122 0.922833 0.183952 0.923139
31 8.0452 3.5902 4.1322 0.178487 0.923536 0.181876 0.924259
32 7.9657 3.5574 4.0779 0.175963 0.924185 0.179854 0.924900
33 8.0033 3.6259 4.0595 0.173547 0.924924 0.177889 0.926021
34 7.9646 3.5749 4.0668 0.171234 0.925876 0.175984 0.926661
35 8.0123 3.5638 4.1266 0.169020 0.926605 0.174142 0.927302
36 8.1809 3.7283 4.1183 0.166897 0.927201 0.172366 0.927862
37 8.0567 3.6814 4.0412 0.164853 0.927975 0.170652 0.928823
38 8.0295 3.6184 4.0818 0.162874 0.928589 0.168997 0.928903
39 8.1313 3.6582 4.1411 0.160946 0.929380 0.167402 0.929464
40 8.0446 3.6181 4.1015 0.159066 0.929976 0.165864 0.929784
41 8.0789 3.6417 4.1070 0.157229 0.930554 0.164380 0.929944
42 8.0259 3.6624 4.0428 0.155435 0.931115 0.162948 0.930825
43 7.9995 3.6101 4.0654 0.153685 0.931782 0.161564 0.931225
44 8.0590 3.6226 4.1055 0.151982 0.932147 0.160224 0.931865
45 8.0390 3.6067 4.1048 0.150327 0.932752 0.158924 0.932826
46 8.0664 3.6533 4.0902 0.148725 0.933081 0.157657 0.932906
47 7.9840 3.5963 4.0513 0.147183 0.933454 0.156415 0.933307
48 8.1157 3.6377 4.1376 0.145572 0.934015 0.154866 0.934187
49 8.0995 3.6914 4.0782 0.144043 0.934406 0.153488 0.934267
