epoch time fwd_time bwd_time loss acc val_loss val_acc
0 8.7885 4.2202 4.1988 0.524761 0.823935 0.479423 0.824980
1 8.3332 3.7546 4.2393 0.519544 0.823935 0.464632 0.824980
2 8.7118 4.0560 4.3144 0.518827 0.823935 0.463240 0.824980
3 8.0192 3.6210 4.0756 0.427372 0.823935 0.397334 0.824980
4 8.1895 3.6488 4.2144 0.381841 0.823935 0.365208 0.824980
5 8.1125 3.6020 4.1851 0.348497 0.833453 0.339245 0.860849
6 7.9681 3.6340 4.0171 0.321252 0.870120 0.296411 0.876061
7 7.9720 3.5917 4.0518 0.293419 0.887225 0.277922 0.890472
8 8.1753 3.7424 4.1057 0.277652 0.891175 0.264892 0.894956
9 8.1361 3.7771 4.0219 0.269556 0.895551 0.258697 0.895757
10 8.0226 3.6166 4.0689 0.259964 0.896895 0.258861 0.891994
11 8.0981 3.6324 4.1348 0.252963 0.898451 0.250706 0.895837
12 8.1404 3.7318 4.0839 0.247847 0.899990 0.247094 0.896878
13 8.0106 3.5639 4.1253 0.241051 0.901236 0.238489 0.900080
14 8.1670 3.6792 4.1490 0.238809 0.902641 0.239775 0.897758
15 8.0240 3.6251 4.0627 0.230880 0.903095 0.233120 0.901041
16 8.1474 3.7043 4.1150 0.231387 0.905310 0.225393 0.905524
17 7.9520 3.5776 4.0460 0.222605 0.907338 0.228418 0.903283
18 8.1483 3.7079 4.1041 0.224274 0.909206 0.216225 0.909768
19 8.1484 3.6091 4.2138 0.219554 0.911100 0.211586 0.912650
20 8.1328 3.5856 4.2201 0.212134 0.913084 0.206853 0.913451
21 8.0660 3.6075 4.1042 0.209384 0.914285 0.204670 0.915292
22 8.0161 3.5970 4.0894 0.209048 0.915468 0.208334 0.911930
23 8.1834 3.6160 4.2363 0.203337 0.916740 0.198323 0.914812
24 8.2060 3.6577 4.2179 0.199598 0.917638 0.195269 0.917454
25 8.2483 3.7039 4.1763 0.197860 0.918973 0.192530 0.918335
26 8.1234 3.5736 4.2229 0.195580 0.919978 0.189932 0.920496
27 8.2164 3.6943 4.1953 0.193904 0.921232 0.187568 0.921217
28 8.1575 3.6533 4.1775 0.191441 0.922157 0.185551 0.922578
29 8.0608 3.6697 4.0583 0.189734 0.923260 0.183744 0.922738
30 8.0579 3.5853 4.1319 0.187185 0.924177 0.181571 0.924500
31 8.0995 3.6824 4.0837 0.184492 0.924853 0.180650 0.924500
32 7.9843 3.5857 4.0628 0.182162 0.925778 0.177666 0.925620
33 8.0314 3.6411 4.0622 0.181368 0.926605 0.177052 0.925460
34 8.0488 3.6202 4.0954 0.179442 0.927379 0.174528 0.926661
35 8.1434 3.6574 4.1586 0.181067 0.928740 0.172602 0.927462
36 7.9969 3.5939 4.0727 0.178274 0.928731 0.170730 0.929143
37 8.3423 3.7799 4.2204 0.179178 0.930101 0.168949 0.929624
38 8.2718 3.7070 4.2334 0.175436 0.930279 0.167426 0.930104
39 8.0187 3.5791 4.1018 0.175574 0.931266 0.166608 0.929944
40 8.0054 3.5794 4.0937 0.169874 0.931222 0.164267 0.932106
41 7.9826 3.6143 4.0375 0.166972 0.931853 0.163192 0.932186
42 8.0183 3.5616 4.1137 0.163857 0.932307 0.161798 0.932826
43 8.0381 3.5842 4.1258 0.161345 0.932858 0.160512 0.933787
44 8.0494 3.6108 4.1001 0.159444 0.933383 0.160016 0.935068
45 8.1802 3.6450 4.2023 0.157019 0.933668 0.158436 0.935148
46 8.0188 3.5761 4.1093 0.155423 0.934121 0.158053 0.936109
47 8.0532 3.6156 4.1098 0.153488 0.934504 0.156212 0.936269
48 8.2277 3.6654 4.2322 0.151903 0.934860 0.155398 0.936990
49 8.0952 3.6697 4.0932 0.150368 0.935465 0.154028 0.937550
