epoch time fwd_time bwd_time loss acc val_loss val_acc
0 8.5437 4.1063 4.0737 0.562148 0.823046 0.514633 0.824980
1 8.2737 3.6859 4.2505 0.517432 0.823935 0.470406 0.824980
2 8.1372 3.6642 4.1429 0.520498 0.823935 0.464658 0.824980
3 8.0570 3.6235 4.0953 0.521167 0.823935 0.464571 0.824980
4 8.1214 3.6997 4.0921 0.521005 0.823935 0.464517 0.824980
5 8.1354 3.6177 4.1653 0.431803 0.823935 0.407058 0.824980
6 8.0993 3.5764 4.1914 0.325629 0.836878 0.322110 0.862770
7 8.1653 3.6356 4.1787 0.281524 0.885286 0.272857 0.892074
8 8.1921 3.6420 4.1862 0.264506 0.896405 0.254415 0.897598
9 8.0071 3.6012 4.0744 0.249470 0.899545 0.248953 0.898239
10 8.1687 3.6745 4.1574 0.245302 0.901751 0.241339 0.900240
11 8.0148 3.5745 4.1039 0.237357 0.903415 0.234643 0.902402
12 8.1330 3.6776 4.1240 0.232616 0.904829 0.230740 0.904243
13 7.9975 3.5659 4.0988 0.225441 0.906324 0.227232 0.906886
14 8.0469 3.6306 4.0762 0.222197 0.908396 0.220932 0.908567
15 7.9951 3.5646 4.0880 0.219426 0.908663 0.216495 0.909768
16 8.0888 3.6475 4.1076 0.216988 0.911269 0.212705 0.910729
17 8.1388 3.7457 4.0469 0.214177 0.913911 0.207856 0.913691
18 8.0860 3.6435 4.1074 0.209457 0.915486 0.204128 0.915132
19 7.9926 3.5576 4.0963 0.205932 0.916909 0.200033 0.917454
20 8.0698 3.6399 4.0929 0.200664 0.918528 0.195691 0.920176
21 8.1668 3.6278 4.1998 0.199122 0.921028 0.191903 0.921537
22 8.1079 3.6478 4.1093 0.209698 0.923340 0.199464 0.918415
23 8.0973 3.6173 4.1454 0.190108 0.926036 0.182261 0.924980
24 8.1795 3.6835 4.1578 0.185863 0.926009 0.182551 0.924420
25 8.0792 3.6146 4.1241 0.181718 0.927067 0.179788 0.924740
26 8.1328 3.6519 4.1363 0.178000 0.928162 0.176591 0.926101
27 8.0961 3.6452 4.1084 0.175047 0.929060 0.172782 0.927222
28 7.9836 3.5644 4.0774 0.172468 0.930332 0.169196 0.929143
29 8.1555 3.7363 4.0919 0.170544 0.931586 0.166404 0.930264
30 8.0543 3.6318 4.0787 0.168877 0.932342 0.165362 0.930825
31 7.9887 3.5579 4.0986 0.167357 0.932938 0.162575 0.932426
32 8.0459 3.6148 4.0926 0.166352 0.933312 0.168243 0.928503
33 8.0565 3.5610 4.1163 0.168398 0.933659 0.169201 0.928663
34 8.1965 3.6688 4.1843 0.170118 0.934006 0.168350 0.929544
35 8.0578 3.6208 4.1032 0.163149 0.935144 0.163551 0.931465
36 8.0011 3.5564 4.1061 0.163493 0.935411 0.163864 0.931865
37 8.3244 3.7915 4.1855 0.162077 0.936007 0.162896 0.932426
38 8.1176 3.5784 4.2025 0.160503 0.936461 0.162177 0.932906
39 8.0003 3.6081 4.0566 0.159177 0.936888 0.161709 0.933387
40 7.9949 3.6237 4.0436 0.158051 0.937466 0.161431 0.933147
41 8.1361 3.6694 4.1321 0.157232 0.937946 0.161341 0.933147
42 8.0613 3.6352 4.0805 0.156651 0.938471 0.161390 0.932986
43 8.0591 3.5552 4.1798 0.156200 0.938845 0.161508 0.933227
44 8.1080 3.6721 4.0974 0.155783 0.939192 0.161625 0.933066
45 7.9782 3.6008 4.0370 0.155376 0.939539 0.161721 0.933227
46 8.0431 3.5704 4.1290 0.155011 0.939886 0.161807 0.933867
47 8.0944 3.6083 4.1464 0.154702 0.940357 0.161903 0.933467
48 8.2289 3.6372 4.2567 0.154459 0.940731 0.162026 0.933307
49 8.1503 3.5928 4.2214 0.154345 0.941158 0.162224 0.933307
