epoch time fwd_time bwd_time loss acc val_loss val_acc
0 8.4873 4.0603 4.0866 0.516286 0.685916 0.468730 0.824980
1 8.0582 3.6252 4.0978 0.520569 0.823935 0.464336 0.824980
2 8.1899 3.6093 4.2445 0.519724 0.823935 0.463977 0.824980
3 8.1363 3.7125 4.0754 0.517030 0.823935 0.462679 0.824980
4 8.0592 3.6210 4.0995 0.435475 0.823935 0.401327 0.824980
5 8.0755 3.6476 4.0854 0.389556 0.823935 0.360976 0.824980
6 8.0747 3.6414 4.0916 0.364062 0.823935 0.341254 0.825060
7 8.2323 3.6414 4.2492 0.296186 0.848140 0.287551 0.891994
8 8.0424 3.5858 4.1023 0.272580 0.892669 0.270348 0.887990
9 8.0789 3.6272 4.1091 0.253695 0.897669 0.254805 0.894155
10 8.0307 3.5754 4.1152 0.244874 0.899777 0.244433 0.899440
11 8.2193 3.6892 4.1900 0.236086 0.903611 0.238378 0.900400
12 8.1724 3.6868 4.1125 0.233278 0.905585 0.231494 0.903042
13 7.9966 3.5681 4.0915 0.227879 0.905559 0.225937 0.904884
14 8.0517 3.5945 4.1139 0.223913 0.907587 0.221792 0.905604
15 8.1220 3.6073 4.1728 0.220091 0.909188 0.217939 0.906245
16 8.2016 3.7080 4.1491 0.216013 0.910558 0.214077 0.907286
17 8.1251 3.6486 4.1395 0.211354 0.912426 0.209979 0.909688
18 8.1911 3.7073 4.1382 0.206333 0.913840 0.205861 0.910889
19 8.0849 3.5958 4.1526 0.201271 0.915957 0.201873 0.913050
20 8.1087 3.6329 4.1356 0.195691 0.918021 0.197893 0.915532
21 8.1985 3.6689 4.1824 0.190255 0.919613 0.194274 0.917854
22 8.0539 3.5453 4.1609 0.186497 0.921019 0.191192 0.918495
23 8.0845 3.6197 4.1134 0.183489 0.922593 0.187918 0.919135
24 8.1743 3.7144 4.1069 0.186905 0.923767 0.183243 0.922338
25 8.0632 3.6435 4.0712 0.183379 0.925271 0.179703 0.923939
26 8.0989 3.6223 4.1309 0.173026 0.926943 0.180809 0.923058
27 8.0654 3.5965 4.1196 0.170758 0.928420 0.178270 0.924179
28 8.2370 3.6783 4.2124 0.169056 0.929380 0.174697 0.925380
29 8.1942 3.6855 4.1556 0.169702 0.931133 0.165804 0.928263
30 8.0882 3.6434 4.0915 0.165880 0.933010 0.161789 0.930344
31 8.1059 3.6329 4.1082 0.160874 0.934717 0.158609 0.931305
32 8.0978 3.6402 4.1058 0.151302 0.936674 0.151526 0.933707
33 8.0639 3.6280 4.0794 0.152536 0.939530 0.147184 0.935949
34 8.0514 3.6068 4.0868 0.140546 0.941629 0.145071 0.937150
35 8.1236 3.6616 4.1068 0.142634 0.942901 0.140932 0.938831
36 8.0294 3.5776 4.1064 0.134462 0.945196 0.140244 0.940512
37 8.0955 3.6416 4.0690 0.135140 0.947224 0.138786 0.940993
38 8.0753 3.6364 4.0832 0.149560 0.948932 0.124079 0.945797
39 8.1145 3.5765 4.1823 0.149381 0.950569 0.120136 0.947078
40 8.0746 3.6075 4.1174 0.147270 0.951885 0.119501 0.946437
41 8.2199 3.6744 4.1957 0.141683 0.952979 0.121444 0.946677
42 8.0067 3.5501 4.0998 0.136241 0.953887 0.122679 0.946357
43 7.9987 3.5600 4.0821 0.132386 0.954776 0.124464 0.945637
44 8.1529 3.5716 4.2302 0.129845 0.955408 0.124982 0.944836
45 8.2863 3.7490 4.1883 0.127953 0.956057 0.120208 0.947318
46 8.1798 3.6167 4.2134 0.125876 0.956511 0.118445 0.948359
47 8.1189 3.6148 4.1475 0.124069 0.957214 0.115139 0.950200
48 8.0303 3.5942 4.0867 0.122657 0.957694 0.113160 0.951081
49 8.1445 3.6167 4.1274 0.121110 0.958094 0.110462 0.952522
