epoch time fwd_time bwd_time loss acc val_loss val_acc
0 8.6356 4.1089 4.1733 0.522159 0.823935 0.464392 0.824980
1 8.0817 3.6076 4.1256 0.475792 0.823935 0.422147 0.824980
2 8.0705 3.5953 4.1146 0.339899 0.829219 0.319356 0.834187
3 8.1313 3.6623 4.1130 0.280653 0.846894 0.284888 0.873659
4 7.9898 3.5809 4.0513 0.243815 0.885099 0.249133 0.888391
5 8.1684 3.6896 4.1134 0.220912 0.903619 0.225508 0.903843
6 8.0123 3.6114 4.0476 0.212741 0.904313 0.228843 0.905444
7 8.1383 3.6402 4.1388 0.197367 0.911358 0.210768 0.908327
8 8.0603 3.5731 4.1316 0.194105 0.912079 0.205639 0.909448
9 8.0510 3.6001 4.0945 0.192188 0.914374 0.211131 0.905685
10 8.1155 3.7087 4.0534 0.184813 0.916402 0.211093 0.906325
11 8.0643 3.6236 4.0824 0.185037 0.919035 0.199028 0.911849
12 8.0310 3.5943 4.0845 0.179766 0.920672 0.194985 0.914171
13 7.9876 3.5870 4.0428 0.181292 0.921686 0.193534 0.915773
14 8.1007 3.6402 4.1035 0.169330 0.923714 0.173420 0.926341
15 8.1742 3.6337 4.1813 0.161797 0.927663 0.175240 0.925861
16 8.0842 3.5826 4.1464 0.168127 0.928980 0.173428 0.926501
17 8.1294 3.5873 4.1902 0.152622 0.930457 0.165211 0.928343
18 8.0885 3.5785 4.1461 0.141572 0.932885 0.157594 0.932906
19 8.1972 3.6788 4.1688 0.146488 0.935616 0.156295 0.932586
20 8.0604 3.5763 4.1249 0.159591 0.936754 0.147600 0.935949
21 8.1156 3.6330 4.1201 0.154623 0.939236 0.136555 0.942834
22 8.2097 3.7083 4.1508 0.129931 0.940224 0.135487 0.942514
23 8.1307 3.6370 4.1356 0.119392 0.948621 0.123084 0.946998
24 8.0521 3.5780 4.1184 0.115057 0.949590 0.154008 0.936269
25 8.1382 3.5686 4.2205 0.123010 0.952392 0.116216 0.950360
26 8.1981 3.6884 4.1454 0.130078 0.956458 0.111464 0.952442
27 8.1235 3.6415 4.1247 0.111428 0.958228 0.098548 0.956525
28 8.1789 3.6977 4.0834 0.140915 0.959598 0.117193 0.951321
29 8.0442 3.6275 4.0639 0.109435 0.960683 0.100174 0.957246
30 8.1148 3.6267 4.1292 0.107552 0.960114 0.141183 0.941473
31 8.1433 3.6617 4.1206 0.107705 0.960781 0.134618 0.944355
32 8.1759 3.6292 4.1532 0.102560 0.961893 0.095571 0.958927
33 8.0782 3.6270 4.0901 0.107030 0.961599 0.139207 0.942834
34 8.1504 3.6526 4.1253 0.099919 0.961910 0.156540 0.936829
35 8.0693 3.5863 4.1203 0.099473 0.961750 0.143337 0.940993
36 8.1377 3.6868 4.0994 0.098911 0.962835 0.135655 0.943074
37 8.1386 3.6761 4.0852 0.096837 0.963414 0.146596 0.940592
38 8.1344 3.6781 4.0916 0.097138 0.963218 0.139391 0.942274
39 8.0515 3.5698 4.1290 0.096768 0.964072 0.134781 0.943635
40 8.1352 3.6918 4.0887 0.095836 0.964410 0.136257 0.943795
41 8.0668 3.6044 4.1091 0.095548 0.964490 0.131687 0.945637
42 8.1605 3.6119 4.1886 0.094960 0.964917 0.131481 0.946117
43 7.9485 3.5582 4.0371 0.094420 0.965130 0.126725 0.947798
44 8.2280 3.7190 4.1490 0.094484 0.965522 0.126498 0.947558
45 8.1580 3.6831 4.1143 0.093522 0.965842 0.122831 0.949079
46 8.0519 3.6131 4.0766 0.093186 0.965931 0.120598 0.950360
47 8.6470 3.8976 4.3797 0.092441 0.966180 0.118086 0.951161
48 8.1584 3.5937 4.2060 0.091679 0.966207 0.116799 0.951561
49 8.1229 3.5641 4.1984 0.090885 0.966305 0.115166 0.952522
