epoch time fwd_time bwd_time loss acc val_loss val_acc
0 8.4954 4.0686 4.0856 0.527152 0.823935 0.477825 0.824980
1 8.1073 3.6363 4.1314 0.518811 0.823935 0.465070 0.824980
2 8.0406 3.5968 4.1007 0.520531 0.823935 0.464333 0.824980
3 8.1482 3.6025 4.2117 0.520261 0.823935 0.463964 0.824980
4 8.0241 3.6145 4.0371 0.502039 0.823935 0.450707 0.824980
5 8.2543 3.7608 4.1475 0.438378 0.823935 0.404171 0.824980
6 8.0243 3.5686 4.1157 0.395199 0.823935 0.372404 0.824980
7 8.0099 3.5794 4.0873 0.367374 0.823935 0.351325 0.824980
8 8.2575 3.7155 4.1940 0.341257 0.823935 0.321409 0.838991
9 8.1895 3.6661 4.1759 0.308828 0.867576 0.289505 0.875180
10 8.1184 3.6433 4.1329 0.287101 0.888382 0.281990 0.879664
11 8.0720 3.6205 4.1118 0.268645 0.895187 0.261463 0.892954
12 8.0227 3.5870 4.1086 0.257359 0.897998 0.271072 0.882946
13 7.9482 3.5205 4.0979 0.251938 0.901938 0.260313 0.889912
14 8.1386 3.6306 4.1619 0.244322 0.904198 0.243654 0.900400
15 8.1401 3.7237 4.0763 0.237750 0.907800 0.235630 0.904323
16 8.2070 3.8245 4.0380 0.232267 0.909668 0.231397 0.906886
17 8.0804 3.6155 4.1220 0.224825 0.912106 0.228798 0.907926
18 8.1517 3.7153 4.0918 0.219732 0.914089 0.228924 0.906485
19 8.2379 3.6654 4.2364 0.218774 0.915361 0.219854 0.911129
20 8.3479 3.8012 4.2008 0.208073 0.917425 0.223326 0.906725
21 8.0814 3.6150 4.1234 0.204627 0.918492 0.220583 0.906725
22 8.1137 3.6181 4.1566 0.202209 0.917941 0.214957 0.910248
23 8.0916 3.6402 4.1116 0.199707 0.920316 0.213866 0.909367
24 8.1840 3.6855 4.1604 0.196245 0.920094 0.207646 0.912970
25 8.1155 3.5938 4.1764 0.198018 0.920681 0.208569 0.911049
26 8.1348 3.6307 4.1604 0.193138 0.922682 0.199322 0.915212
27 8.0814 3.6933 4.0350 0.194268 0.922460 0.198670 0.916013
28 7.9534 3.5889 4.0190 0.189583 0.923029 0.201544 0.914972
29 7.9812 3.5888 4.0491 0.185471 0.924675 0.190448 0.920657
30 8.1155 3.6928 4.0824 0.183786 0.924417 0.191943 0.919215
31 8.1918 3.6443 4.2083 0.180704 0.925733 0.190038 0.920256
32 8.0910 3.6045 4.1464 0.173196 0.926738 0.183784 0.923619
33 8.1566 3.6815 4.0863 0.170747 0.927032 0.183529 0.923058
34 8.0743 3.6151 4.1180 0.167106 0.928980 0.188849 0.918895
35 8.3000 3.7928 4.1680 0.164703 0.929434 0.187242 0.920256
36 8.0621 3.5981 4.1277 0.162120 0.930296 0.187159 0.920817
37 8.0771 3.6155 4.1189 0.159261 0.930821 0.185132 0.921217
38 7.9779 3.5416 4.0895 0.156830 0.931373 0.182558 0.921457
39 8.0099 3.5756 4.0993 0.154762 0.931924 0.180393 0.922098
40 8.1989 3.6522 4.2059 0.152853 0.932467 0.178069 0.922818
41 8.2628 3.6621 4.2137 0.151174 0.932938 0.175623 0.923539
42 8.0302 3.5975 4.0981 0.149592 0.933294 0.172878 0.924820
43 8.1912 3.6382 4.2154 0.148115 0.933783 0.170111 0.925941
44 8.0030 3.5641 4.0900 0.146989 0.934353 0.167803 0.926661
45 8.0718 3.6415 4.0927 0.146357 0.934869 0.166138 0.927142
46 7.9908 3.5718 4.0780 0.145960 0.935313 0.164886 0.927702
47 8.0083 3.5663 4.1060 0.145515 0.935865 0.163716 0.928663
48 8.0782 3.6284 4.1037 0.145044 0.936470 0.162563 0.928823
49 8.1273 3.6833 4.1029 0.144659 0.937190 0.161414 0.930184
