epoch time fwd_time bwd_time loss acc val_loss val_acc
0 8.7298 4.1491 4.2062 0.524733 0.800585 0.464589 0.824980
1 8.1759 3.6660 4.1263 0.511537 0.823935 0.456444 0.824980
2 8.1172 3.6657 4.0761 0.371884 0.823935 0.346471 0.824980
3 8.1115 3.6762 4.0625 0.292735 0.840899 0.292791 0.863411
4 8.1598 3.6887 4.0924 0.242895 0.882502 0.258333 0.887670
5 8.2032 3.6841 4.1427 0.234466 0.898985 0.238674 0.897758
6 8.0860 3.5904 4.1329 0.223121 0.903495 0.221091 0.903603
7 8.1270 3.6414 4.0803 0.214427 0.906048 0.213562 0.905845
8 8.0882 3.5786 4.1400 0.208100 0.909446 0.207638 0.908567
9 8.0225 3.5990 4.0502 0.198037 0.911865 0.202161 0.913050
10 8.0911 3.6578 4.0602 0.173855 0.917114 0.194084 0.918014
11 8.1330 3.6650 4.0591 0.167655 0.926721 0.163291 0.928263
12 8.0553 3.5887 4.0952 0.147665 0.930590 0.172381 0.928183
13 8.0882 3.6276 4.0853 0.136256 0.937929 0.144010 0.940913
14 8.1670 3.6243 4.1626 0.147323 0.945596 0.144019 0.938271
15 8.1431 3.6167 4.0991 0.313124 0.949092 0.182100 0.927142
16 8.1146 3.6236 4.1081 0.113042 0.933766 0.121539 0.948759
17 8.1170 3.6566 4.0832 0.112423 0.954919 0.118980 0.949880
18 8.1617 3.6622 4.1264 0.106966 0.956742 0.116813 0.950360
19 8.1230 3.6585 4.0932 0.102029 0.958068 0.122573 0.949159
20 8.1336 3.5972 4.1549 0.106761 0.957472 0.106572 0.956605
21 8.1285 3.6504 4.0967 0.101003 0.958761 0.105940 0.956765
22 8.2109 3.6630 4.1652 0.099092 0.960078 0.103806 0.957646
23 8.1880 3.6867 4.1208 0.099035 0.961448 0.102247 0.958447
24 8.1703 3.6194 4.1699 0.098208 0.961813 0.100955 0.958367
25 8.2083 3.7073 4.1271 0.101558 0.961928 0.103511 0.957086
26 8.7778 3.9608 4.4163 0.103037 0.962320 0.103346 0.957646
27 8.2753 3.6453 4.2574 0.104075 0.962622 0.104927 0.956285
28 8.0765 3.5984 4.1086 0.107307 0.963004 0.103671 0.956765
29 8.1356 3.6435 4.1147 0.117141 0.963049 0.100046 0.958447
30 8.1669 3.6698 4.1171 0.094837 0.962711 0.100330 0.958287
31 8.1662 3.6531 4.1293 0.095913 0.963512 0.098977 0.959408
32 8.1553 3.6177 4.1537 0.098644 0.963832 0.097111 0.960849
33 8.2272 3.7082 4.1448 0.099622 0.963858 0.111036 0.951801
34 8.2809 3.7554 4.1477 0.089974 0.963467 0.104557 0.954684
35 8.1191 3.6029 4.1509 0.088910 0.962346 0.112815 0.950681
36 8.1274 3.6022 4.1064 0.087856 0.964828 0.110088 0.952762
37 8.2755 3.7563 4.1405 0.086137 0.964828 0.099301 0.958607
38 8.0521 3.6315 4.0376 0.085400 0.964819 0.103534 0.957086
39 8.1557 3.6623 4.1145 0.090216 0.964401 0.103467 0.955965
40 8.2690 3.6785 4.2107 0.082307 0.965726 0.090542 0.963731
41 8.0771 3.6523 4.0503 0.082644 0.965237 0.096106 0.960929
42 8.1296 3.6601 4.0869 0.092011 0.963725 0.095460 0.960208
43 8.0791 3.5897 4.1099 0.082388 0.965931 0.095759 0.960769
44 8.1527 3.7129 4.0611 0.092218 0.964490 0.093167 0.961249
45 8.1690 3.6163 4.1727 0.091164 0.965211 0.093327 0.961569
46 8.1671 3.7443 4.0424 0.088821 0.965486 0.094251 0.961249
47 8.3093 3.6906 4.2442 0.087964 0.965646 0.094711 0.961249
48 8.0785 3.6008 4.0982 0.086700 0.965815 0.095472 0.961489
49 8.1688 3.5980 4.1901 0.086095 0.965976 0.095873 0.961249
