epoch time fwd_time bwd_time loss acc val_loss val_acc
0 8.6501 4.1849 4.1049 0.519476 0.823935 0.464471 0.824980
1 8.0586 3.5693 4.1333 0.375185 0.823935 0.349064 0.824980
2 8.1283 3.6922 4.0819 0.272739 0.844528 0.277248 0.865572
3 8.6491 3.9544 4.3403 0.248249 0.884966 0.242106 0.894396
4 8.1871 3.6897 4.1326 0.224669 0.897170 0.224019 0.900480
5 7.9995 3.5679 4.0738 0.218007 0.902508 0.230322 0.895356
6 8.0786 3.5829 4.1390 0.210276 0.905817 0.209232 0.909127
7 8.1650 3.6655 4.1427 0.204599 0.909570 0.212402 0.904964
8 8.0480 3.5993 4.0921 0.199815 0.913164 0.196522 0.914812
9 8.0947 3.6154 4.1216 0.182264 0.915948 0.190992 0.917454
10 8.0912 3.6188 4.1120 0.190393 0.916020 0.209963 0.908167
11 8.0646 3.6225 4.0880 0.188847 0.917541 0.204374 0.910408
12 8.0508 3.5928 4.1085 0.189669 0.916046 0.203103 0.910969
13 8.0732 3.6055 4.1082 0.173641 0.918048 0.185159 0.919696
14 8.1351 3.6795 4.0998 0.173200 0.922380 0.174167 0.924339
15 8.0546 3.5796 4.1188 0.161943 0.923225 0.183785 0.921457
16 8.1229 3.7160 4.0534 0.154068 0.927646 0.172096 0.925701
17 8.0471 3.5990 4.0877 0.213117 0.923776 0.193158 0.922018
18 8.0419 3.6096 4.0828 0.173859 0.924239 0.172740 0.924580
19 8.1606 3.6859 4.1124 0.148351 0.928455 0.172901 0.926341
20 8.1960 3.7322 4.0652 0.149717 0.927379 0.161940 0.930665
21 8.0151 3.6092 4.0518 0.136601 0.930448 0.156064 0.933147
22 8.0818 3.6016 4.1205 0.150296 0.930804 0.151386 0.933467
23 8.1329 3.6631 4.1020 0.216144 0.924577 0.229437 0.919776
24 8.0786 3.6092 4.1303 0.210879 0.926543 0.263548 0.891994
25 8.1355 3.6990 4.0657 0.118240 0.939281 0.141882 0.938831
26 8.2619 3.7498 4.1521 0.129180 0.943711 0.157473 0.936990
27 8.1302 3.6249 4.1463 0.111859 0.947589 0.115624 0.951882
28 8.0737 3.6291 4.0880 0.112146 0.949350 0.108075 0.953403
29 8.0563 3.6288 4.0717 0.109839 0.953495 0.129507 0.945637
30 8.1963 3.5849 4.2563 0.153872 0.952891 0.129443 0.944115
31 8.0945 3.6336 4.1062 0.100900 0.954830 0.128950 0.941073
32 8.1553 3.6937 4.1040 0.095357 0.957988 0.097982 0.959247
33 8.0322 3.5865 4.0964 0.094347 0.961323 0.094422 0.960528
34 8.1640 3.6929 4.1135 0.095130 0.961537 0.096390 0.960048
35 8.0840 3.6080 4.1251 0.094104 0.961039 0.092264 0.962530
36 8.1861 3.6051 4.2286 0.117376 0.962328 0.092360 0.962050
37 8.0158 3.5697 4.0882 0.117250 0.961225 0.091769 0.963251
38 8.1820 3.5874 4.2403 0.100968 0.963147 0.085861 0.964932
39 8.2177 3.7460 4.1169 0.103973 0.961599 0.128117 0.945316
40 8.0884 3.6531 4.0851 0.100188 0.961297 0.131951 0.943155
41 8.1044 3.6514 4.0944 0.109764 0.961839 0.114032 0.952682
42 8.0435 3.5820 4.0996 0.097313 0.961786 0.111153 0.952442
43 8.1990 3.5918 4.2581 0.094449 0.962133 0.109532 0.953483
44 8.1359 3.6777 4.1033 0.094754 0.962266 0.107278 0.954363
45 8.0625 3.6073 4.1052 0.092941 0.962853 0.104490 0.955484
46 8.2294 3.6699 4.2022 0.089235 0.963218 0.088638 0.963090
47 7.9716 3.5648 4.0554 0.089514 0.963743 0.089140 0.962770
48 8.0709 3.6240 4.0831 0.089529 0.963565 0.094834 0.960689
49 8.1369 3.6439 4.0944 0.087143 0.962604 0.117390 0.947958
