epoch time fwd_time bwd_time loss acc val_loss val_acc
0 8.6024 4.1088 4.1326 0.535152 0.716872 0.464647 0.824980
1 8.0311 3.5665 4.1121 0.520140 0.823935 0.464266 0.824980
2 8.1364 3.5635 4.2125 0.503104 0.823935 0.451124 0.824980
3 8.2597 3.6766 4.1836 0.307677 0.834565 0.300563 0.869095
4 8.0866 3.5932 4.1384 0.238372 0.888195 0.237321 0.898559
5 8.1500 3.5732 4.2018 0.227297 0.898149 0.229559 0.900080
6 8.1513 3.6367 4.1543 0.229273 0.902597 0.228178 0.899680
7 8.0879 3.5783 4.1084 0.214647 0.905701 0.216220 0.906245
8 8.1729 3.6185 4.2015 0.203681 0.906893 0.216303 0.907046
9 8.1224 3.6385 4.1221 0.192777 0.910869 0.202427 0.911609
10 8.1751 3.6682 4.1445 0.195275 0.914739 0.201447 0.910168
11 8.1248 3.6701 4.0989 0.190736 0.914036 0.205616 0.907286
12 8.0714 3.6620 4.0498 0.201717 0.918590 0.190793 0.919215
13 8.0677 3.6259 4.0814 0.176895 0.922326 0.181225 0.921857
14 8.0049 3.5554 4.0915 0.183489 0.925253 0.196746 0.915773
15 8.1608 3.7040 4.1121 0.309499 0.928882 0.191727 0.914251
16 8.0354 3.5958 4.0840 0.170774 0.931373 0.155358 0.932986
17 8.0503 3.5824 4.1175 0.135094 0.941807 0.141277 0.940993
18 8.0940 3.6822 4.0551 0.121179 0.946513 0.132199 0.947798
19 8.1749 3.7068 4.1114 0.109092 0.951423 0.125793 0.949480
20 8.1003 3.6300 4.1131 0.098839 0.956377 0.111437 0.955805
21 8.1243 3.6238 4.1404 0.110879 0.957561 0.113249 0.952842
22 8.1177 3.6220 4.1433 0.207279 0.950871 0.164832 0.939952
23 8.1579 3.6284 4.1705 0.127454 0.956386 0.111973 0.953643
24 8.0731 3.6448 4.0685 0.127322 0.959491 0.108652 0.955244
25 8.2201 3.7583 4.0987 0.120301 0.960523 0.106733 0.956125
26 8.2047 3.6748 4.1713 0.102428 0.961190 0.109561 0.953243
27 8.1691 3.6959 4.1163 0.090879 0.962924 0.122988 0.946357
28 8.1031 3.5850 4.1671 0.095269 0.963227 0.114061 0.951882
29 8.1012 3.6195 4.1186 0.092081 0.964001 0.119923 0.947318
30 8.0791 3.6468 4.0635 0.090376 0.964045 0.116652 0.949560
31 8.0122 3.5824 4.0746 0.089680 0.964641 0.105123 0.955484
32 8.1298 3.7288 4.0493 0.088579 0.963325 0.112361 0.951962
33 8.0370 3.5949 4.0753 0.088852 0.964348 0.111199 0.952922
34 8.0767 3.6245 4.0905 0.087338 0.965086 0.113699 0.951001
35 8.0778 3.6110 4.1107 0.087975 0.964819 0.108909 0.953563
36 8.0608 3.5948 4.0753 0.088169 0.965006 0.105878 0.955084
37 8.0997 3.6340 4.1015 0.088241 0.965308 0.103757 0.955965
38 8.0135 3.5458 4.1099 0.088305 0.965620 0.102286 0.956765
39 8.4947 3.9082 4.2130 0.088511 0.965691 0.100869 0.957486
40 9.3532 4.3803 4.5734 0.088900 0.965869 0.099340 0.958046
41 8.2787 3.7079 4.2131 0.089490 0.965993 0.097692 0.958367
42 8.1304 3.5983 4.1677 0.090248 0.966207 0.096047 0.959648
43 8.2186 3.7279 4.1392 0.091141 0.966447 0.094498 0.959888
44 8.1363 3.6567 4.1026 0.092201 0.966571 0.093060 0.960208
45 8.1402 3.6258 4.1310 0.093616 0.966714 0.091671 0.961009
46 8.1389 3.6741 4.0903 0.095803 0.966767 0.090242 0.962370
47 8.1007 3.6070 4.1102 0.099228 0.966838 0.088892 0.962610
48 8.2566 3.7082 4.1764 0.101435 0.967221 0.088914 0.962690
49 8.1349 3.6184 4.1375 0.108776 0.967141 0.088381 0.962930
