epoch time fwd_time bwd_time loss acc val_loss val_acc
0 8.7228 4.1153 4.2421 0.506778 0.823935 0.450097 0.824980
1 8.1988 3.6465 4.1706 0.372596 0.823935 0.345221 0.824980
2 8.0867 3.5912 4.1218 0.314138 0.823989 0.300578 0.848679
3 8.1318 3.6211 4.1287 0.229389 0.877885 0.244735 0.892154
4 8.1845 3.5914 4.2191 0.221173 0.899385 0.234505 0.901681
5 8.1146 3.6423 4.1006 0.207305 0.905754 0.213057 0.907766
6 8.3075 3.7166 4.1770 0.218485 0.907302 0.222095 0.899520
7 8.1159 3.6750 4.0585 0.272196 0.910042 0.223874 0.904243
8 8.2895 3.7178 4.1802 0.180075 0.914160 0.203651 0.911049
9 8.1580 3.6067 4.1730 0.173217 0.919382 0.179031 0.925540
10 8.0796 3.6094 4.1011 0.161629 0.921890 0.172496 0.927302
11 8.1381 3.5967 4.1702 0.171765 0.925564 0.169584 0.926661
12 8.0791 3.5880 4.1133 0.166989 0.928411 0.172117 0.925060
13 8.0893 3.5730 4.1413 0.151339 0.929878 0.162657 0.929784
14 8.2848 3.6550 4.2467 0.124086 0.936532 0.149965 0.933947
15 8.5625 3.8317 4.3471 0.103591 0.948941 0.111781 0.954123
16 8.1936 3.6592 4.1521 0.119828 0.952624 0.107612 0.954363
17 8.1319 3.6670 4.0710 0.140265 0.957303 0.099364 0.957966
18 8.1749 3.6918 4.0664 0.090793 0.960585 0.095512 0.958287
19 8.0276 3.5420 4.1014 0.086803 0.961777 0.092060 0.958847
20 8.2003 3.5944 4.2274 0.087597 0.961163 0.097064 0.958607
21 8.1695 3.5775 4.2120 0.088433 0.962604 0.092235 0.960528
22 8.0702 3.5914 4.1108 0.092979 0.962364 0.093133 0.960689
23 8.2187 3.6041 4.2391 0.085848 0.962311 0.100378 0.956765
24 8.1385 3.6451 4.1082 0.092659 0.963369 0.092138 0.961489
25 8.0981 3.6215 4.0979 0.086411 0.963058 0.099735 0.957086
26 8.3082 3.7337 4.2000 0.090967 0.963841 0.092342 0.961890
27 8.1226 3.6753 4.0671 0.088686 0.963485 0.098097 0.957966
28 8.2435 3.6571 4.2034 0.098454 0.963574 0.096772 0.957646
29 8.2726 3.6932 4.1933 0.098205 0.964045 0.093286 0.960288
30 8.1898 3.6694 4.1357 0.100909 0.964019 0.092272 0.960689
31 8.1910 3.5844 4.2345 0.103700 0.964196 0.091027 0.961970
32 8.0862 3.5997 4.1043 0.105309 0.964179 0.089594 0.962610
33 8.1444 3.6278 4.1359 0.105006 0.964259 0.088783 0.963090
34 8.3229 3.6837 4.2479 0.102617 0.964348 0.089014 0.963010
35 8.0918 3.6243 4.0437 0.101563 0.964259 0.089107 0.963090
36 8.2627 3.7263 4.1577 0.102001 0.964410 0.088735 0.963411
37 8.0440 3.6230 4.0428 0.101841 0.964615 0.088562 0.963411
38 8.2084 3.6485 4.1831 0.101922 0.964659 0.088282 0.963811
39 8.1585 3.6133 4.1631 0.101786 0.964748 0.088039 0.963811
40 8.1766 3.6879 4.1153 0.101551 0.964801 0.087803 0.963731
41 8.1343 3.6509 4.1133 0.101158 0.964846 0.087596 0.964131
42 8.1674 3.5933 4.1916 0.100628 0.964908 0.087420 0.964291
43 8.1798 3.6120 4.1904 0.099962 0.964997 0.087279 0.964452
44 8.0470 3.6154 4.0481 0.099168 0.965157 0.087175 0.964692
45 8.1440 3.5916 4.1654 0.098224 0.965255 0.087120 0.964692
46 8.2496 3.7367 4.1323 0.097085 0.965299 0.087132 0.965012
47 8.1469 3.6452 4.1185 0.095651 0.965362 0.087235 0.965012
48 8.0764 3.6291 4.0674 0.093776 0.965540 0.087436 0.964612
49 8.1073 3.5916 4.1276 0.091352 0.965495 0.087649 0.964291
