epoch time fwd_time bwd_time loss acc val_loss val_acc
0 8.5911 4.0809 4.1245 0.527432 0.792793 0.465030 0.824980
1 8.1635 3.5879 4.1964 0.519371 0.823935 0.464294 0.824980
2 8.1594 3.6576 4.1268 0.387973 0.823935 0.352682 0.824980
3 8.1193 3.6839 4.0591 0.346298 0.823962 0.310281 0.829384
4 8.1476 3.6388 4.1248 0.262466 0.868999 0.267952 0.879984
5 8.1507 3.6692 4.1010 0.240789 0.891326 0.235673 0.900560
6 8.0580 3.6352 4.0501 0.234403 0.900435 0.225608 0.903523
7 8.0271 3.5959 4.0531 0.219679 0.902908 0.217781 0.906245
8 8.1052 3.6065 4.1196 0.211296 0.905959 0.212190 0.908167
9 8.1108 3.6233 4.1079 0.204766 0.908423 0.207578 0.909608
10 8.1265 3.6355 4.1115 0.199785 0.910104 0.203442 0.911930
11 8.0756 3.5768 4.1239 0.196741 0.912337 0.199530 0.913451
12 8.1827 3.6474 4.1534 0.195018 0.914436 0.196030 0.915532
13 8.1206 3.6372 4.1019 0.187135 0.917345 0.200698 0.916013
14 8.1806 3.6924 4.1144 0.181451 0.919951 0.187537 0.920737
15 8.1263 3.6487 4.1070 0.176266 0.920449 0.186625 0.920897
16 8.2097 3.6276 4.2133 0.183383 0.921588 0.179897 0.922498
17 8.1637 3.6540 4.1261 0.166722 0.923732 0.175374 0.924179
18 8.1601 3.6156 4.1590 0.169631 0.924861 0.172001 0.925941
19 8.2170 3.6848 4.1195 0.164988 0.926614 0.165465 0.929464
20 8.0081 3.5892 4.0515 0.161967 0.927388 0.182247 0.921537
21 8.1678 3.6093 4.1814 0.163349 0.929140 0.160590 0.931946
22 8.1129 3.6461 4.0977 0.160790 0.928936 0.191615 0.918655
23 8.2144 3.6613 4.1750 0.151154 0.931311 0.152732 0.933227
24 8.1181 3.6322 4.1062 0.157040 0.930928 0.184798 0.920737
25 8.0865 3.6251 4.0863 0.146541 0.933748 0.148411 0.937470
26 8.1503 3.6253 4.1477 0.213287 0.939325 0.131220 0.944115
27 8.2511 3.6741 4.1613 0.118906 0.942385 0.156894 0.931705
28 8.1063 3.6297 4.1032 0.126736 0.948594 0.165060 0.929944
29 8.0956 3.5803 4.1209 0.102281 0.951005 0.105245 0.956926
30 8.2849 3.7673 4.1335 0.106373 0.955097 0.126736 0.947558
31 8.1879 3.6764 4.1346 0.093776 0.957641 0.136673 0.942194
32 8.0272 3.6071 4.0419 0.086200 0.959010 0.142128 0.939231
33 8.0765 3.6482 4.0501 0.099073 0.958664 0.109468 0.954844
34 8.1219 3.5790 4.1716 0.080265 0.962720 0.094908 0.961489
35 8.0817 3.6549 4.0504 0.078848 0.962578 0.088156 0.963651
36 8.1884 3.6184 4.1881 0.080229 0.962871 0.095430 0.961569
37 8.0128 3.6060 4.0314 0.076982 0.962738 0.087793 0.964692
38 8.1031 3.6000 4.1141 0.076647 0.965113 0.098619 0.960048
39 8.0329 3.6171 4.0366 0.088158 0.963858 0.099212 0.960288
40 7.9840 3.5640 4.0410 0.081535 0.964277 0.101110 0.959408
41 8.1463 3.5664 4.2085 0.078142 0.964846 0.093638 0.962130
42 8.2452 3.6520 4.2239 0.091207 0.965291 0.087677 0.964772
43 8.1954 3.6659 4.1468 0.096912 0.964801 0.084829 0.965813
44 8.0919 3.5781 4.1373 0.077679 0.965593 0.092124 0.962290
45 8.2619 3.6568 4.2241 0.074298 0.965815 0.090529 0.963651
46 8.0746 3.5812 4.1105 0.071179 0.966011 0.083784 0.965012
47 8.0826 3.5843 4.1133 0.078522 0.965451 0.084988 0.964692
48 8.1061 3.6154 4.1135 0.106585 0.966091 0.087814 0.963891
49 8.2507 3.6793 4.1900 0.078622 0.965611 0.084259 0.965893
