epoch time fwd_time bwd_time loss acc val_loss val_acc
0 8.6671 4.0873 4.2127 0.495519 0.823935 0.418712 0.824980
1 8.2106 3.7174 4.1189 0.272190 0.836771 0.271305 0.883427
2 8.1191 3.5934 4.1088 0.241533 0.884930 0.243216 0.890953
3 8.1921 3.6579 4.1638 0.225990 0.897019 0.223599 0.902082
4 8.4107 3.7469 4.2770 0.219780 0.901840 0.213085 0.907126
5 8.5269 3.8386 4.3135 0.207043 0.905914 0.203690 0.910248
6 8.1516 3.6193 4.1471 0.205221 0.911590 0.212219 0.906966
7 8.1355 3.6580 4.1058 0.192565 0.911714 0.180098 0.921377
8 8.1401 3.6779 4.0860 0.169401 0.921686 0.194678 0.916253
9 8.1124 3.6170 4.1203 0.154935 0.924639 0.176702 0.925620
10 8.3148 3.7226 4.1728 0.182407 0.929629 0.188392 0.920496
11 8.2842 3.6425 4.2628 0.130541 0.935002 0.139553 0.942194
12 8.0559 3.6009 4.0801 0.117185 0.948265 0.142590 0.939872
13 8.0354 3.5809 4.0668 0.111192 0.951992 0.119380 0.949880
14 8.1592 3.6939 4.0944 0.116115 0.956217 0.129095 0.946517
15 8.2051 3.6509 4.1717 0.090437 0.953495 0.100320 0.958687
16 8.1188 3.6266 4.1174 0.095526 0.959900 0.104119 0.959568
17 8.2760 3.6401 4.2515 0.103224 0.960745 0.108734 0.956445
18 8.2881 3.7055 4.2002 0.129293 0.961555 0.103887 0.955965
19 8.1733 3.6165 4.1765 0.088914 0.962070 0.086471 0.965092
20 8.0941 3.6572 4.0558 0.089757 0.962275 0.114935 0.952602
21 8.1354 3.6935 4.0673 0.088250 0.963156 0.106595 0.956765
22 8.3306 3.7311 4.2261 0.139453 0.963351 0.115278 0.948359
23 8.1931 3.6762 4.1358 0.104820 0.961697 0.090845 0.962930
24 8.2979 3.7515 4.1589 0.132198 0.963876 0.103867 0.954283
25 8.2060 3.6802 4.1379 0.124101 0.963565 0.105835 0.954444
26 8.2655 3.6963 4.1927 0.092578 0.963769 0.092981 0.961489
27 8.3953 3.8057 4.2138 0.113532 0.963805 0.105457 0.955404
28 8.4847 3.7508 4.3452 0.085283 0.964463 0.107710 0.954684
29 8.1453 3.5887 4.1671 0.073582 0.964170 0.086544 0.964291
30 8.1810 3.6439 4.1523 0.104281 0.963609 0.122747 0.950841
31 8.1459 3.6310 4.1007 0.159055 0.963627 0.136732 0.935068
32 8.1226 3.6144 4.1312 0.105258 0.961955 0.092498 0.961329
33 8.0498 3.5848 4.0814 0.117486 0.964881 0.101529 0.956525
34 8.0649 3.6198 4.0687 0.111217 0.965264 0.097551 0.958287
35 8.2618 3.7182 4.1621 0.085906 0.966056 0.091728 0.960769
36 8.1144 3.6208 4.1118 0.076172 0.965691 0.083516 0.965492
37 8.1947 3.6915 4.1250 0.110008 0.965237 0.088518 0.962770
38 8.1581 3.6373 4.1540 0.128156 0.966073 0.091799 0.962290
39 8.2049 3.6970 4.1235 0.089028 0.965798 0.079076 0.967654
40 8.1479 3.6373 4.1196 0.113268 0.966394 0.085581 0.965092
41 8.2474 3.6998 4.1632 0.071985 0.965718 0.083522 0.965973
42 8.2051 3.6383 4.1870 0.076546 0.966269 0.095995 0.959247
43 8.1025 3.6546 4.0614 0.077218 0.966349 0.087651 0.963651
44 8.0322 3.6159 4.0387 0.098914 0.966883 0.081299 0.965332
45 8.2617 3.8127 4.0703 0.070119 0.966821 0.082720 0.966293
46 8.1642 3.6453 4.1425 0.098000 0.967105 0.078061 0.967734
47 8.1900 3.6819 4.1260 0.075635 0.967603 0.092680 0.961729
48 8.3167 3.7245 4.2104 0.097955 0.967941 0.080975 0.967174
49 8.1642 3.6855 4.0971 0.090035 0.967203 0.077080 0.968054
