epoch time fwd_time bwd_time loss acc val_loss val_acc
0 9.8942 4.7556 4.7485 0.524508 0.823935 0.463816 0.824980
1 8.1082 3.5923 4.1295 0.391388 0.823935 0.352852 0.824980
2 8.1614 3.6343 4.1050 0.332117 0.823935 0.307555 0.824980
3 8.1790 3.5889 4.2231 0.280066 0.859677 0.250448 0.895036
4 8.2582 3.6336 4.2362 0.238278 0.892776 0.238179 0.895276
5 8.1420 3.5910 4.1707 0.211840 0.900364 0.220426 0.900721
6 8.3341 3.7303 4.2256 0.233556 0.904447 0.228673 0.899920
7 8.2268 3.6097 4.2380 0.198910 0.909188 0.209467 0.907126
8 8.2581 3.6580 4.2124 0.194789 0.912675 0.203630 0.908647
9 8.0862 3.5996 4.1089 0.227060 0.913894 0.257211 0.889031
10 8.3389 3.7299 4.2288 0.250697 0.916722 0.195610 0.917694
11 8.1917 3.5880 4.2233 0.183631 0.918635 0.198564 0.912170
12 8.0747 3.5875 4.1007 0.211455 0.919809 0.176433 0.921697
13 8.1189 3.6318 4.1052 0.191812 0.919711 0.186228 0.918975
14 8.1040 3.6154 4.1205 0.186977 0.924194 0.170164 0.924259
15 8.2312 3.6468 4.2176 0.170768 0.927210 0.180405 0.922658
16 8.0938 3.6449 4.0727 0.166345 0.928179 0.166793 0.927862
17 8.1969 3.6352 4.1779 0.163228 0.926427 0.167184 0.927382
18 8.0959 3.6457 4.0760 0.193881 0.930581 0.164890 0.928823
19 8.2359 3.6686 4.1899 0.179529 0.929905 0.158919 0.932506
20 8.0803 3.6203 4.0806 0.151905 0.931488 0.175201 0.926501
21 8.2335 3.6675 4.1835 0.178730 0.927530 0.160392 0.932986
22 8.2953 3.6783 4.2341 0.160873 0.937502 0.163146 0.930584
23 8.2520 3.6528 4.1925 0.188133 0.935571 0.144466 0.939311
24 8.1627 3.6108 4.1685 0.153434 0.937261 0.146786 0.937630
25 8.1670 3.5700 4.2144 0.169018 0.933792 0.158908 0.931385
26 8.0957 3.5833 4.1315 0.141176 0.937377 0.203000 0.907686
27 8.2824 3.6920 4.1994 0.136436 0.940820 0.181220 0.920657
28 8.1846 3.6421 4.1594 0.141401 0.940224 0.130258 0.945476
29 8.1239 3.6307 4.1156 0.157328 0.947625 0.150774 0.933707
30 8.1643 3.6309 4.1307 0.100537 0.948710 0.144252 0.933547
31 8.1219 3.6422 4.1000 0.129134 0.953647 0.122564 0.945717
32 8.2018 3.6852 4.1356 0.109319 0.954358 0.126801 0.942914
33 8.1280 3.6095 4.1435 0.113676 0.954118 0.141622 0.935548
34 8.2287 3.6370 4.2187 0.108351 0.954314 0.114482 0.951161
35 8.2866 3.7836 4.1141 0.100591 0.956529 0.100627 0.956525
36 8.1049 3.6251 4.0948 0.096627 0.958165 0.122821 0.947238
37 8.1428 3.6444 4.1215 0.100999 0.958477 0.105182 0.956285
38 8.1478 3.6781 4.0882 0.097012 0.959491 0.113528 0.952282
39 8.1350 3.6265 4.1338 0.096498 0.960540 0.114460 0.951081
40 8.1403 3.6455 4.1074 0.093475 0.960914 0.097310 0.959087
41 8.2085 3.6714 4.1615 0.094782 0.961092 0.118066 0.948919
42 8.1727 3.6490 4.1448 0.096712 0.960932 0.109143 0.952202
43 8.2561 3.7029 4.1758 0.093633 0.961732 0.094985 0.958687
44 8.0162 3.5995 4.0421 0.091183 0.962159 0.087895 0.962370
45 8.1533 3.6419 4.1273 0.095796 0.962426 0.090623 0.960288
46 8.1860 3.5944 4.2208 0.093552 0.962586 0.090144 0.960208
47 8.1752 3.6663 4.1278 0.087369 0.963173 0.083980 0.964131
48 8.1163 3.5842 4.1534 0.086077 0.963289 0.083741 0.963731
49 8.1424 3.6326 4.1235 0.085586 0.963529 0.083564 0.963651
