epoch time fwd_time bwd_time loss acc val_loss val_acc
0 8.5983 4.0872 4.1457 0.520748 0.777333 0.465251 0.824980
1 8.2041 3.5912 4.2333 0.520564 0.823935 0.464632 0.824980
2 8.1499 3.6695 4.1042 0.520455 0.823935 0.464632 0.824980
3 8.0755 3.6262 4.0676 0.520343 0.823935 0.464602 0.824980
4 8.1498 3.6500 4.1153 0.518992 0.823935 0.463804 0.824980
5 8.0994 3.6078 4.1142 0.362547 0.824167 0.339437 0.826661
6 8.1846 3.6568 4.1567 0.277827 0.836851 0.274829 0.879504
7 7.9869 3.5823 4.0339 0.256474 0.867024 0.261949 0.883987
8 8.0938 3.6045 4.1091 0.228825 0.894190 0.257987 0.887270
9 8.0832 3.5908 4.1103 0.222565 0.899723 0.225248 0.901841
10 8.2588 3.7280 4.1531 0.227092 0.904518 0.215647 0.905604
11 7.9953 3.5805 4.0264 0.221004 0.907124 0.205977 0.907526
12 8.1706 3.7021 4.0928 0.212607 0.909419 0.199876 0.910729
13 8.2978 3.7186 4.1948 0.201129 0.911865 0.193021 0.915372
14 8.1598 3.6784 4.1012 0.191595 0.911848 0.201938 0.913771
15 8.3311 3.7089 4.2359 0.175669 0.917754 0.189578 0.918575
16 8.1392 3.6682 4.0972 0.175552 0.917114 0.179503 0.920336
17 8.0822 3.6074 4.0918 0.178233 0.910576 0.184450 0.919295
18 8.0365 3.5737 4.0849 0.182620 0.925537 0.174523 0.925620
19 8.1117 3.6103 4.0833 0.183381 0.922033 0.183646 0.921217
20 8.0995 3.6447 4.0792 0.159555 0.926107 0.161973 0.930825
21 8.1071 3.6691 4.0588 0.168333 0.926222 0.160269 0.929624
22 8.0934 3.6500 4.0639 0.207545 0.929603 0.161584 0.931705
23 8.0718 3.6352 4.0695 0.155788 0.929291 0.163391 0.928183
24 8.0962 3.6660 4.0528 0.154787 0.931426 0.164024 0.927942
25 8.1224 3.6077 4.1431 0.153772 0.931186 0.166866 0.926581
26 8.0781 3.6287 4.0744 0.154163 0.924417 0.147202 0.937790
27 8.1530 3.6461 4.1380 0.146402 0.936087 0.140561 0.939392
28 8.0562 3.5854 4.0958 0.141511 0.942225 0.136981 0.943875
29 8.1364 3.6037 4.1605 0.147860 0.936292 0.151228 0.935629
30 8.0994 3.5907 4.1223 0.152172 0.940775 0.148960 0.938831
31 8.1733 3.6494 4.1353 0.139542 0.940144 0.137567 0.942274
32 8.0372 3.5883 4.0725 0.142177 0.941496 0.149269 0.939392
33 8.1382 3.6322 4.1283 0.144427 0.939699 0.161236 0.931465
34 8.1036 3.6110 4.1169 0.166672 0.940615 0.133829 0.945556
35 8.1444 3.6287 4.1324 0.140202 0.942536 0.131232 0.944275
36 8.1554 3.6538 4.1166 0.150148 0.943026 0.139647 0.941553
37 8.1670 3.6440 4.1385 0.137395 0.945854 0.131966 0.942914
38 8.2014 3.6246 4.1951 0.145794 0.940366 0.174365 0.921297
39 8.1300 3.6091 4.1406 0.143191 0.939868 0.138972 0.942114
40 8.1716 3.5724 4.1911 0.119257 0.951334 0.122876 0.947558
41 8.1663 3.5896 4.1998 0.112697 0.951627 0.107274 0.959728
42 8.2368 3.6340 4.2331 0.107767 0.958913 0.095756 0.963251
43 8.1541 3.6363 4.1500 0.098747 0.953833 0.128321 0.943635
44 8.1136 3.6029 4.0963 0.150322 0.955906 0.098761 0.961009
45 8.0728 3.5782 4.1090 0.158124 0.956484 0.102408 0.957966
46 8.2348 3.6558 4.2064 0.144394 0.958744 0.097630 0.959167
47 8.0907 3.5649 4.1569 0.131835 0.959918 0.093861 0.961249
48 8.0346 3.6005 4.0617 0.122704 0.960674 0.091800 0.962050
49 8.0512 3.5674 4.1065 0.116722 0.961056 0.090958 0.961729
