epoch time fwd_time bwd_time loss acc val_loss val_acc
0 8.6238 4.0999 4.1393 0.422107 0.823935 0.379788 0.824980
1 8.2311 3.6850 4.1630 0.328910 0.826506 0.314430 0.840272
2 8.1667 3.6477 4.1348 0.264041 0.869346 0.252819 0.884628
3 8.2661 3.7259 4.1554 0.227471 0.888524 0.228688 0.894155
4 8.2188 3.6632 4.1766 0.213685 0.897081 0.225236 0.895196
5 8.1871 3.6423 4.1709 0.206525 0.907347 0.224925 0.908407
6 8.0326 3.5477 4.0998 0.182790 0.911723 0.203049 0.909928
7 8.1980 3.6258 4.1904 0.193523 0.918163 0.203362 0.911129
8 8.1985 3.5852 4.2322 0.174096 0.922282 0.170868 0.929143
9 8.2119 3.7000 4.1271 0.173028 0.925342 0.165123 0.930344
10 8.1137 3.6323 4.0901 0.199400 0.937537 0.137351 0.942114
11 8.1976 3.5777 4.2309 0.145331 0.944387 0.128939 0.946597
12 8.3078 3.7121 4.2202 0.163042 0.949332 0.120912 0.948999
13 8.1427 3.5848 4.1712 0.128608 0.951716 0.114604 0.952442
14 8.1055 3.6266 4.0691 0.126185 0.956520 0.102700 0.956685
15 8.2648 3.7142 4.1579 0.107916 0.958930 0.095030 0.959167
16 8.1042 3.5832 4.1444 0.131443 0.958023 0.098814 0.958607
17 8.1533 3.6316 4.1458 0.123132 0.956671 0.126536 0.946998
18 8.2179 3.6536 4.1814 0.115314 0.960665 0.109665 0.956685
19 8.1460 3.6073 4.1547 0.214482 0.960371 0.097785 0.959808
20 8.2391 3.6937 4.1498 0.178023 0.961128 0.098173 0.958447
21 8.1462 3.5750 4.1993 0.108314 0.961599 0.108301 0.953002
22 8.2645 3.6915 4.1876 0.113949 0.962747 0.104283 0.955725
23 8.1091 3.5962 4.1319 0.098390 0.960363 0.096044 0.959167
24 8.0507 3.5875 4.0838 0.147449 0.962711 0.115829 0.951721
25 8.0416 3.5826 4.0762 0.101659 0.962471 0.104946 0.953803
26 8.2373 3.7374 4.1062 0.093223 0.962800 0.087029 0.963251
27 8.2138 3.6970 4.1304 0.156264 0.963734 0.091852 0.961729
28 8.1446 3.5736 4.1883 0.130754 0.962426 0.106609 0.953963
29 8.1956 3.6161 4.1860 0.114226 0.960870 0.093477 0.960929
30 8.2095 3.6480 4.1792 0.092678 0.963938 0.094510 0.960288
31 8.1867 3.6938 4.1123 0.087274 0.964552 0.089816 0.961729
32 8.1062 3.6661 4.0583 0.101435 0.964988 0.099456 0.956445
33 8.1098 3.6148 4.1133 0.089386 0.963067 0.086051 0.963090
34 8.1026 3.6657 4.0610 0.093388 0.960434 0.096776 0.958927
35 8.1259 3.5928 4.1434 0.100130 0.965157 0.090266 0.962530
36 8.1213 3.6724 4.0665 0.083238 0.963832 0.089941 0.962050
37 8.1543 3.6286 4.1403 0.084004 0.965869 0.096257 0.959247
38 8.1064 3.6220 4.0888 0.082460 0.965139 0.080901 0.965492
39 8.1934 3.6559 4.1258 0.176143 0.964864 0.091493 0.961009
40 8.2607 3.6702 4.2133 0.090804 0.963823 0.138140 0.944115
41 8.2149 3.7148 4.1183 0.084871 0.964552 0.097571 0.957886
42 8.1713 3.6509 4.1267 0.081828 0.965602 0.078701 0.966853
43 8.2215 3.5965 4.1841 0.097960 0.964632 0.082284 0.966213
44 8.0851 3.5703 4.1286 0.078193 0.967301 0.089944 0.962050
45 8.3461 3.7706 4.1821 0.083297 0.967452 0.078451 0.967174
46 8.2452 3.6280 4.2333 0.072725 0.966509 0.085549 0.963411
47 8.2642 3.6690 4.2211 0.110875 0.967176 0.102930 0.955645
48 8.2152 3.6376 4.1848 0.080283 0.966785 0.091404 0.961089
49 8.2164 3.6801 4.1508 0.076977 0.968288 0.077500 0.968695
