epoch time fwd_time bwd_time loss acc val_loss val_acc
0 8.6267 4.0660 4.1482 0.521900 0.823935 0.465160 0.824980
1 8.2954 3.6886 4.2088 0.377097 0.823935 0.344269 0.824980
2 8.2066 3.6930 4.0940 0.298510 0.835464 0.281243 0.882786
3 8.1119 3.5900 4.1089 0.244274 0.880278 0.240075 0.895757
4 8.2982 3.6431 4.2438 0.228382 0.896539 0.227095 0.898559
5 8.3326 3.6660 4.2246 0.230103 0.902303 0.215929 0.905604
6 8.0589 3.5443 4.1101 0.211463 0.905603 0.208021 0.909047
7 8.1652 3.6301 4.1237 0.205996 0.909499 0.201790 0.913211
8 8.1757 3.6539 4.1171 0.248913 0.914027 0.194791 0.914572
9 8.3058 3.6844 4.1954 0.191479 0.913822 0.189464 0.919616
10 8.1451 3.5961 4.1289 0.177527 0.919409 0.184026 0.920336
11 8.2028 3.6678 4.1218 0.192397 0.921481 0.175978 0.926501
12 8.2861 3.6791 4.1931 0.202568 0.925564 0.172634 0.925380
13 8.2599 3.7342 4.1044 0.161638 0.924239 0.167731 0.928743
14 8.2026 3.5948 4.1985 0.160208 0.928820 0.161846 0.931705
15 8.1862 3.5909 4.1959 0.148142 0.933392 0.157602 0.933707
16 8.1948 3.6587 4.1224 0.166205 0.930563 0.154254 0.934027
17 8.1841 3.6724 4.1067 0.154985 0.932440 0.162160 0.930665
18 8.1142 3.5948 4.1252 0.152731 0.933081 0.162392 0.931625
19 8.1908 3.7098 4.0728 0.176359 0.937039 0.147398 0.938591
20 8.1309 3.5700 4.1506 0.143661 0.936025 0.187312 0.915933
21 8.1541 3.5898 4.1509 0.142693 0.935420 0.152652 0.934267
22 8.1488 3.6712 4.0652 0.180292 0.931746 0.164838 0.932186
23 8.2543 3.6988 4.1426 0.145307 0.937769 0.138794 0.942514
24 8.1461 3.6426 4.0803 0.198642 0.936683 0.151877 0.938911
25 8.2931 3.7403 4.1507 0.147399 0.938418 0.137996 0.942434
26 8.2088 3.6844 4.0881 0.139998 0.939245 0.135202 0.943795
27 8.1947 3.6862 4.0920 0.188728 0.937760 0.165996 0.927542
28 8.2379 3.6299 4.1924 0.145100 0.939592 0.133393 0.945717
29 8.1386 3.5909 4.1510 0.138109 0.940926 0.162520 0.928743
30 8.2184 3.6176 4.1461 0.137578 0.939903 0.134979 0.943315
31 8.0857 3.5456 4.1244 0.139100 0.941487 0.131516 0.944275
32 8.2135 3.6215 4.1885 0.133962 0.941914 0.144146 0.937790
33 8.2252 3.6668 4.1440 0.133948 0.942207 0.155031 0.932266
34 8.2178 3.5970 4.1566 0.137570 0.941594 0.130016 0.946918
35 8.1286 3.5748 4.1307 0.137647 0.942065 0.161778 0.929624
36 8.1254 3.5652 4.1410 0.136158 0.941318 0.132939 0.943475
37 8.2987 3.6775 4.2089 0.131677 0.942643 0.160459 0.930104
38 8.3890 3.7555 4.2302 0.134446 0.942065 0.131442 0.944756
39 8.1793 3.5835 4.1891 0.132434 0.943088 0.161831 0.929384
40 8.2081 3.5604 4.2328 0.132045 0.942857 0.143084 0.938431
41 8.1779 3.5974 4.1695 0.131488 0.942519 0.131783 0.944756
42 8.4607 3.7994 4.2372 0.135710 0.943631 0.156462 0.931305
43 8.2171 3.6496 4.1484 0.131242 0.943070 0.144112 0.936990
44 8.2455 3.6898 4.1472 0.130757 0.943026 0.129488 0.944916
45 8.2356 3.6026 4.2254 0.130174 0.944155 0.146717 0.935629
46 8.2008 3.6497 4.1534 0.129991 0.942857 0.128733 0.945076
47 8.2189 3.6408 4.1672 0.131153 0.943888 0.128389 0.945556
48 8.1595 3.6305 4.1175 0.130951 0.943915 0.128436 0.945476
49 8.2253 3.5876 4.2204 0.130552 0.943924 0.127643 0.945877
