epoch time fwd_time bwd_time loss acc val_loss val_acc
0 8.7954 4.0905 4.3382 0.519120 0.823935 0.461378 0.824980
1 8.1709 3.5976 4.1459 0.365425 0.823935 0.336567 0.824980
2 8.1050 3.5870 4.1272 0.331381 0.823980 0.313504 0.828102
3 8.1672 3.6209 4.1663 0.268826 0.855407 0.266003 0.881345
4 8.5117 3.8306 4.2893 0.234348 0.886096 0.240890 0.897038
5 8.3084 3.7012 4.2225 0.212909 0.897491 0.217551 0.900881
6 8.2355 3.7569 4.0907 0.193890 0.913662 0.206657 0.914892
7 8.1278 3.5877 4.1499 0.219536 0.917905 0.185359 0.922018
8 8.2860 3.7266 4.1706 0.197517 0.920841 0.210945 0.903603
9 8.2511 3.6827 4.1820 0.171259 0.926756 0.174786 0.927622
10 8.2393 3.7082 4.1358 0.171238 0.927441 0.169300 0.929063
11 8.0860 3.5972 4.1118 0.194087 0.928259 0.160233 0.932346
12 8.1573 3.5977 4.1744 0.181983 0.930732 0.157524 0.933387
13 8.2027 3.6719 4.1508 0.190318 0.931844 0.153964 0.935949
14 8.1870 3.6019 4.2034 0.168385 0.931435 0.162252 0.930344
15 8.2003 3.5721 4.2421 0.176303 0.933356 0.153760 0.935869
16 8.1315 3.6070 4.1436 0.148352 0.933863 0.145781 0.939632
17 8.3601 3.7079 4.2628 0.153492 0.936657 0.164910 0.927942
18 8.1406 3.6460 4.1122 0.160441 0.935820 0.145798 0.938831
19 8.3199 3.6976 4.2369 0.143717 0.936799 0.142394 0.940432
20 8.1349 3.5882 4.1642 0.158400 0.938391 0.152383 0.935869
21 8.1467 3.6588 4.0970 0.142201 0.937493 0.141612 0.940753
22 8.1214 3.6318 4.0722 0.162441 0.939130 0.145505 0.938751
23 8.2763 3.7186 4.1558 0.142127 0.938284 0.138953 0.942034
24 8.3015 3.7244 4.1790 0.164370 0.939957 0.138499 0.942114
25 8.1099 3.5958 4.1320 0.142022 0.939343 0.139363 0.941713
26 8.1506 3.6333 4.0853 0.152045 0.940206 0.135220 0.943795
27 8.2167 3.6375 4.1881 0.138429 0.940606 0.138078 0.941553
28 8.0865 3.5950 4.1140 0.149050 0.940686 0.133631 0.945076
29 8.1110 3.6206 4.1126 0.138700 0.940962 0.134597 0.943795
30 8.2032 3.6542 4.1666 0.144208 0.941247 0.131720 0.944836
31 8.1077 3.5777 4.1428 0.141262 0.941389 0.131106 0.945316
32 8.3074 3.6522 4.2748 0.140840 0.941745 0.130779 0.945476
33 8.2577 3.6640 4.2141 0.139741 0.942003 0.130759 0.945156
34 8.2168 3.6393 4.1919 0.138720 0.942350 0.131066 0.944996
35 8.0895 3.5833 4.1120 0.137790 0.942403 0.131613 0.944436
36 8.1199 3.6054 4.1348 0.136930 0.942554 0.132334 0.944355
37 8.3383 3.8344 4.1089 0.136128 0.942608 0.133164 0.943395
38 8.2542 3.7476 4.1002 0.135323 0.942812 0.134183 0.943235
39 8.1727 3.6311 4.1388 0.134587 0.943026 0.135162 0.942754
40 8.2793 3.6324 4.2372 0.133943 0.943123 0.135946 0.941633
41 8.2379 3.6378 4.1911 0.133402 0.943212 0.136381 0.941393
42 8.3096 3.6877 4.2227 0.132878 0.943123 0.136684 0.941153
43 8.2533 3.5898 4.2532 0.131999 0.943150 0.138452 0.940192
44 8.3342 3.6753 4.2372 0.130814 0.943159 0.141981 0.938030
45 8.1626 3.5981 4.1574 0.130874 0.943284 0.142296 0.937950
46 8.2532 3.7369 4.1035 0.130907 0.943150 0.148296 0.935869
47 8.2472 3.5803 4.2672 0.134295 0.942928 0.143722 0.936749
48 8.2460 3.6370 4.1947 0.134495 0.943826 0.128697 0.945476
49 8.2641 3.6688 4.1765 0.128309 0.943693 0.125176 0.946998
