epoch time fwd_time bwd_time loss acc val_loss val_acc
0 8.7894 4.1408 4.2385 0.529528 0.816348 0.465677 0.824980
1 8.1896 3.5794 4.2100 0.430568 0.823935 0.377246 0.824980
2 8.1754 3.6174 4.1268 0.344156 0.823935 0.324331 0.824980
3 8.0131 3.5741 4.0416 0.303203 0.843487 0.321642 0.868695
4 8.1583 3.5975 4.1621 0.254475 0.875288 0.267914 0.889351
5 8.0978 3.6006 4.0433 0.250710 0.889681 0.245194 0.897438
6 8.1339 3.5884 4.1351 0.224364 0.897010 0.238503 0.899119
7 8.1639 3.6473 4.0965 0.233256 0.899216 0.221474 0.905364
8 8.2049 3.6392 4.1523 0.219630 0.902774 0.244686 0.900320
9 8.2070 3.6664 4.1235 0.232282 0.909962 0.227351 0.900961
10 8.1622 3.6051 4.1547 0.230701 0.909215 0.281409 0.892714
11 8.1580 3.6167 4.1233 0.185037 0.910851 0.204078 0.913291
12 8.1927 3.5802 4.2070 0.199587 0.915708 0.254488 0.893755
13 8.1326 3.6485 4.0720 0.195859 0.917176 0.191113 0.917054
14 8.1776 3.6218 4.1368 0.227751 0.920903 0.206879 0.910729
15 8.2459 3.6764 4.1393 0.191117 0.919062 0.201547 0.914812
16 8.2408 3.7000 4.1260 0.160960 0.925226 0.178753 0.924980
17 8.1427 3.6073 4.1336 0.203666 0.925804 0.164611 0.931545
18 8.0764 3.6192 4.0431 0.176754 0.926454 0.160127 0.934107
19 8.2565 3.6447 4.2050 0.173102 0.928509 0.157396 0.935709
20 8.1753 3.6961 4.0695 0.181854 0.924363 0.167258 0.927702
21 8.1791 3.6341 4.1354 0.152724 0.935118 0.152136 0.936349
22 8.0729 3.5925 4.0669 0.192621 0.932369 0.150279 0.936509
23 8.1718 3.6274 4.1429 0.196737 0.932262 0.148555 0.937870
24 8.1314 3.6747 4.0488 0.147680 0.935989 0.147345 0.939392
25 8.2327 3.6365 4.1927 0.158980 0.936061 0.171552 0.925781
26 8.0872 3.5895 4.0884 0.152259 0.938507 0.139191 0.942754
27 8.1373 3.5780 4.1510 0.168740 0.938222 0.147188 0.939472
28 8.2405 3.5918 4.2289 0.172435 0.938400 0.139462 0.941313
29 8.2494 3.6656 4.1695 0.175609 0.936132 0.144645 0.940592
30 8.1906 3.6095 4.1736 0.180319 0.940455 0.135657 0.943155
31 8.0930 3.5813 4.0923 0.170259 0.940473 0.132353 0.945797
32 8.3113 3.6938 4.1903 0.155828 0.940286 0.140992 0.940272
33 8.1707 3.6425 4.1137 0.151855 0.942830 0.143077 0.940352
34 8.2277 3.6326 4.1986 0.157175 0.938115 0.137146 0.942994
35 8.2054 3.6188 4.1791 0.135946 0.943488 0.130329 0.945236
36 8.1147 3.6246 4.0850 0.148318 0.939939 0.144643 0.939712
37 8.1566 3.6231 4.1151 0.175528 0.944387 0.132991 0.945637
38 8.2596 3.6767 4.1407 0.132640 0.940624 0.171081 0.922018
39 8.2938 3.6610 4.2313 0.165146 0.944751 0.134989 0.944436
40 8.3925 3.7519 4.2026 0.155889 0.939672 0.142146 0.939712
41 9.3126 4.3484 4.5399 0.144393 0.940695 0.133315 0.945316
42 8.6446 3.8445 4.3735 0.181168 0.943052 0.136837 0.944596
43 8.2071 3.5918 4.1893 0.136034 0.940731 0.172180 0.923139
44 8.2838 3.6934 4.1701 0.129569 0.942287 0.162777 0.928583
45 8.2706 3.6373 4.2306 0.169446 0.941282 0.139959 0.943395
46 8.2756 3.6974 4.1661 0.125799 0.942963 0.142622 0.937870
47 8.2262 3.6454 4.1568 0.136077 0.942963 0.134722 0.942914
48 8.4015 3.7162 4.2477 0.162915 0.942821 0.129646 0.947638
49 8.2491 3.7332 4.1030 0.170973 0.942554 0.136895 0.945396
