epoch time fwd_time bwd_time loss acc val_loss val_acc
0 8.5259 4.0761 4.0720 0.534703 0.799260 0.465110 0.824980
1 8.1818 3.7441 4.0613 0.408769 0.823935 0.387679 0.824980
2 8.1638 3.6183 4.1612 0.352782 0.823935 0.334218 0.824980
3 8.2581 3.6994 4.1661 0.302744 0.831603 0.288229 0.858607
4 8.0708 3.6261 4.0592 0.251425 0.863386 0.256366 0.892554
5 8.2735 3.6554 4.2381 0.244395 0.890143 0.236405 0.898879
6 8.1137 3.5670 4.1560 0.220091 0.898923 0.235580 0.898479
7 8.2281 3.6123 4.2318 0.225879 0.903539 0.226286 0.906325
8 8.1068 3.6648 4.0613 0.207877 0.906893 0.242581 0.898559
9 8.3455 3.7522 4.2028 0.202440 0.908725 0.237043 0.901521
10 8.2192 3.6324 4.2024 0.223874 0.911839 0.222680 0.904323
11 8.2493 3.6034 4.2577 0.242715 0.910914 0.196326 0.914812
12 8.6146 3.8647 4.3599 0.206048 0.912630 0.201672 0.916493
13 8.0802 3.6061 4.0890 0.201603 0.915166 0.191439 0.920016
14 8.1536 3.6453 4.1213 0.172965 0.921152 0.193109 0.916253
15 8.1126 3.6470 4.0806 0.170002 0.919951 0.204753 0.913931
16 8.2008 3.7002 4.1052 0.165049 0.924781 0.201186 0.915532
17 8.1692 3.6770 4.0971 0.172812 0.928322 0.170239 0.927622
18 8.6821 3.9271 4.3182 0.180809 0.926311 0.184389 0.921938
19 9.1676 4.2675 4.4962 0.172082 0.932316 0.160440 0.932506
20 8.1490 3.6053 4.1642 0.169625 0.929460 0.182440 0.924019
21 8.1449 3.6947 4.0600 0.158398 0.932591 0.150217 0.937950
22 8.1560 3.6261 4.1414 0.173455 0.937929 0.158662 0.934267
23 8.0482 3.5624 4.1022 0.153532 0.939138 0.139823 0.943235
24 8.1150 3.6285 4.1094 0.181604 0.929887 0.147197 0.940753
25 8.1693 3.6782 4.1094 0.181042 0.935909 0.145676 0.940352
26 8.2385 3.6511 4.1990 0.160520 0.942350 0.135216 0.944035
27 8.1047 3.5482 4.1790 0.138041 0.936087 0.138555 0.941553
28 8.1069 3.6508 4.0721 0.163224 0.943835 0.134010 0.944836
29 8.2249 3.7256 4.1150 0.135740 0.937484 0.135802 0.942674
30 8.1907 3.7195 4.0862 0.163309 0.944778 0.132188 0.945637
31 8.0583 3.6126 4.0571 0.152720 0.937404 0.138701 0.942434
32 8.2039 3.6572 4.1629 0.159739 0.945757 0.130213 0.945877
33 8.2956 3.6493 4.2610 0.140148 0.941825 0.128003 0.945957
34 8.2390 3.6210 4.2329 0.175218 0.936932 0.140157 0.942994
35 8.1244 3.6729 4.0704 0.188846 0.938124 0.142395 0.942914
36 8.1503 3.6826 4.0921 0.190414 0.938925 0.140470 0.943315
37 8.2272 3.6939 4.1402 0.134834 0.940402 0.129413 0.945316
38 8.1523 3.6644 4.1029 0.168669 0.943061 0.135407 0.944035
39 8.1385 3.5990 4.1456 0.158856 0.940321 0.140050 0.942514
40 8.1237 3.6520 4.0808 0.150411 0.941389 0.130959 0.946037
41 8.1956 3.6816 4.1313 0.178035 0.942892 0.134496 0.946277
42 8.3622 3.7903 4.1901 0.187964 0.940704 0.135999 0.944676
43 8.1478 3.6408 4.1130 0.136784 0.941424 0.129717 0.945877
44 8.1455 3.6166 4.1371 0.158071 0.943711 0.135757 0.944756
45 8.1426 3.6235 4.1410 0.133677 0.941682 0.175353 0.923379
46 8.1720 3.6412 4.1384 0.141221 0.943035 0.127176 0.947718
47 8.2278 3.7217 4.0778 0.178058 0.943399 0.145284 0.939952
48 8.1745 3.6705 4.1259 0.129929 0.942625 0.125560 0.947238
49 8.0895 3.5917 4.1168 0.182387 0.943479 0.140060 0.942994
