epoch time fwd_time bwd_time loss acc val_loss val_acc
0 5.3911 2.4629 2.6052 0.511139 0.824282 0.468203 0.821857
1 5.2814 2.3432 2.6285 0.419270 0.824282 0.368126 0.821857
2 5.2685 2.3735 2.5729 0.352913 0.827903 0.323994 0.851882
3 5.2571 2.3855 2.5633 0.324466 0.867202 0.286362 0.886149
4 5.3960 2.4472 2.6242 0.299317 0.880474 0.267674 0.888791
5 5.3815 2.4243 2.6375 0.289330 0.885482 0.260232 0.895196
6 5.4174 2.4236 2.6673 0.282831 0.889307 0.253414 0.897358
7 5.3742 2.4061 2.6474 0.279777 0.891371 0.249293 0.900000
8 5.3621 2.4101 2.6252 0.277288 0.892945 0.245931 0.900801
9 5.2843 2.3747 2.5942 0.275259 0.894128 0.243223 0.900881
10 5.3587 2.4217 2.6152 0.273294 0.895240 0.240849 0.901761
11 5.3923 2.4386 2.6269 0.271255 0.896263 0.238629 0.901841
12 5.2620 2.3603 2.5743 0.269152 0.897277 0.236497 0.903042
13 5.3317 2.4389 2.5720 0.267061 0.898078 0.234459 0.903603
14 5.4774 2.4787 2.6711 0.265061 0.898861 0.232514 0.904163
15 5.3608 2.4866 2.5576 0.263169 0.899590 0.230646 0.904564
16 5.3980 2.3951 2.6748 0.261354 0.900408 0.228838 0.904724
17 5.2636 2.3552 2.5812 0.259581 0.901236 0.227077 0.905204
18 5.2137 2.3663 2.5367 0.257834 0.902161 0.225353 0.906085
19 5.2703 2.4196 2.5300 0.256106 0.902908 0.223653 0.906805
20 5.2287 2.3602 2.5577 0.254389 0.903717 0.221967 0.906966
21 5.4253 2.4566 2.6469 0.252688 0.904340 0.220290 0.907686
22 5.3641 2.3880 2.6536 0.251022 0.904856 0.218626 0.908327
23 5.5020 2.5061 2.6267 0.249416 0.905826 0.216973 0.908887
24 5.3956 2.4338 2.6398 0.247875 0.906439 0.215314 0.909688
25 5.3772 2.3979 2.6578 0.246370 0.907213 0.213608 0.910729
26 5.2968 2.3688 2.6134 0.244825 0.908103 0.211798 0.911209
27 5.1984 2.3533 2.5309 0.243125 0.908636 0.209849 0.912010
28 5.3130 2.4347 2.5559 0.241147 0.909375 0.207790 0.912970
29 5.3678 2.3997 2.6604 0.238851 0.910140 0.205735 0.914091
30 5.2439 2.3477 2.5743 0.236368 0.910709 0.203798 0.915132
31 5.3814 2.4016 2.6556 0.234031 0.911180 0.202035 0.915212
32 5.2696 2.3686 2.5891 0.232290 0.911972 0.200455 0.915372
33 5.3955 2.4025 2.6789 0.232058 0.913075 0.199106 0.916093
34 5.3843 2.4033 2.6581 0.234757 0.913867 0.197435 0.916894
35 5.4026 2.4366 2.6472 0.237231 0.914988 0.192901 0.920256
36 5.2886 2.3897 2.5875 0.228619 0.916242 0.188024 0.922578
37 5.4800 2.5136 2.6408 0.218514 0.916820 0.187672 0.922898
38 5.3232 2.3855 2.6177 0.214514 0.917407 0.186730 0.923779
39 5.4292 2.4930 2.6158 0.211007 0.918030 0.186002 0.924259
40 5.4376 2.5033 2.6042 0.208223 0.918875 0.185037 0.925380
41 5.3395 2.4121 2.6068 0.205673 0.919560 0.184155 0.924900
42 5.3980 2.4084 2.6680 0.203323 0.920378 0.183334 0.925701
43 5.3313 2.4105 2.5959 0.201122 0.921188 0.182624 0.926181
44 5.3301 2.3846 2.6367 0.199062 0.921828 0.182017 0.926021
45 5.4065 2.4566 2.6326 0.197137 0.922424 0.181494 0.925941
46 5.3372 2.3931 2.6391 0.195338 0.922993 0.181031 0.925781
47 5.3349 2.4231 2.5971 0.193654 0.923741 0.180592 0.925701
48 5.5428 2.6147 2.5955 0.192066 0.924408 0.180145 0.925140
49 5.4334 2.4698 2.6473 0.190556 0.925128 0.179662 0.925380
