epoch time fwd_time bwd_time loss acc val_loss val_acc
0 5.3517 2.4090 2.6133 0.531059 0.824282 0.506863 0.821857
1 5.3010 2.3791 2.6034 0.510125 0.824282 0.478805 0.821857
2 5.4373 2.4810 2.6386 0.507653 0.824282 0.470876 0.821857
3 5.3124 2.3790 2.6132 0.508895 0.824282 0.469275 0.821857
4 5.4057 2.3979 2.6872 0.509586 0.824282 0.468851 0.821857
5 5.3647 2.4524 2.5881 0.509653 0.824282 0.468464 0.821857
6 5.2919 2.3654 2.6089 0.509516 0.824282 0.468027 0.821857
7 5.2745 2.3552 2.6103 0.509274 0.824282 0.467537 0.821857
8 5.3557 2.3913 2.6067 0.508912 0.824282 0.466981 0.821857
9 5.4049 2.4926 2.5802 0.508405 0.824282 0.466335 0.821857
10 5.3056 2.3473 2.6346 0.507724 0.824282 0.465570 0.821857
11 5.5417 2.5207 2.6942 0.506830 0.824282 0.464643 0.821857
12 5.4669 2.4226 2.6889 0.505656 0.824282 0.463486 0.821857
13 5.3977 2.4362 2.6486 0.504030 0.824282 0.461957 0.821857
14 5.3185 2.4520 2.5493 0.501014 0.824282 0.459417 0.821857
15 5.4010 2.4304 2.6534 0.490332 0.824282 0.450591 0.821857
16 5.2777 2.3643 2.5523 0.432819 0.824291 0.401099 0.822018
17 5.1994 2.3414 2.5395 0.404878 0.814302 0.373516 0.812250
18 5.3686 2.4476 2.5962 0.395929 0.821596 0.365286 0.821617
19 5.3566 2.4260 2.6139 0.391901 0.824603 0.360163 0.821777
20 5.3381 2.4121 2.6057 0.388290 0.823944 0.356858 0.820416
21 5.3245 2.3693 2.6341 0.386618 0.823170 0.354389 0.820176
22 5.3096 2.3794 2.6208 0.385525 0.822583 0.352362 0.819776
23 5.2439 2.3417 2.5888 0.384625 0.822699 0.350561 0.819055
24 5.2845 2.3734 2.5896 0.383752 0.822841 0.348845 0.819135
25 5.3150 2.3900 2.6056 0.382828 0.822904 0.347120 0.820016
26 5.2606 2.3439 2.5900 0.381711 0.823304 0.345266 0.820336
27 5.3285 2.3866 2.6193 0.378679 0.824131 0.341910 0.821537
28 5.3752 2.4676 2.5917 0.367060 0.831381 0.329881 0.836910
29 5.3038 2.3959 2.5897 0.353948 0.846841 0.311419 0.857006
30 5.2977 2.3816 2.5931 0.341747 0.860086 0.293977 0.866533
31 5.5211 2.6066 2.5826 0.333587 0.867994 0.284180 0.873098
32 5.3205 2.3822 2.6206 0.326774 0.872504 0.274322 0.880785
33 5.3063 2.3691 2.6126 0.323264 0.876347 0.269061 0.883907
34 5.3848 2.4344 2.6239 0.318987 0.879318 0.264214 0.886469
35 5.2844 2.3534 2.6130 0.314778 0.881826 0.259596 0.888231
36 5.2904 2.3557 2.6184 0.311034 0.884032 0.255729 0.890312
37 5.5553 2.6107 2.5864 0.307179 0.885998 0.252238 0.891193
38 5.3893 2.4191 2.6585 0.303549 0.887377 0.249108 0.892394
39 5.2908 2.3698 2.5998 0.300208 0.888738 0.246233 0.893595
40 5.2633 2.3613 2.5857 0.297132 0.889947 0.243609 0.895436
41 5.5157 2.5444 2.6125 0.294208 0.891184 0.241179 0.896077
42 5.3798 2.4167 2.6483 0.291328 0.892367 0.238882 0.898078
43 5.4106 2.4188 2.6677 0.288496 0.893363 0.236702 0.899359
44 5.3966 2.4729 2.5941 0.285739 0.894386 0.234636 0.900320
45 5.3722 2.4341 2.6269 0.283053 0.895347 0.232668 0.901361
46 5.3503 2.3988 2.6347 0.280369 0.896076 0.230757 0.902402
47 5.3645 2.4834 2.5630 0.277612 0.896850 0.228859 0.902642
48 5.2898 2.4008 2.5707 0.275024 0.897722 0.227037 0.903203
49 5.3184 2.4032 2.5596 0.272634 0.898425 0.225320 0.903603
