epoch time fwd_time bwd_time loss acc val_loss val_acc
0 5.4768 2.4410 2.6974 0.523057 0.824282 0.497508 0.821857
1 5.3120 2.3917 2.6151 0.510769 0.824282 0.479911 0.821857
2 5.4626 2.4585 2.6827 0.507404 0.824282 0.472303 0.821857
3 5.5959 2.5063 2.7681 0.507636 0.824282 0.469664 0.821857
4 5.6306 2.5526 2.7404 0.508614 0.824282 0.468948 0.821857
5 5.3326 2.4007 2.6123 0.509271 0.824282 0.468757 0.821857
6 5.3612 2.3892 2.6547 0.509219 0.824282 0.468445 0.821857
7 5.5776 2.6140 2.6346 0.506758 0.824282 0.466414 0.821857
8 5.3277 2.3957 2.6120 0.474450 0.824282 0.440245 0.821857
9 5.1669 2.3096 2.5426 0.429502 0.824282 0.398535 0.821857
10 5.3477 2.3787 2.6465 0.416208 0.824282 0.383748 0.821857
11 5.3188 2.3800 2.6138 0.409515 0.824282 0.373696 0.821857
12 5.2947 2.3854 2.5828 0.399038 0.824282 0.367981 0.821857
13 5.3280 2.4180 2.5897 0.364515 0.830358 0.327005 0.844275
14 5.3135 2.4051 2.5915 0.328268 0.858529 0.295657 0.869816
15 5.3892 2.4559 2.6122 0.317777 0.873287 0.278346 0.880544
16 5.2975 2.4071 2.5754 0.310314 0.878597 0.270361 0.886469
17 5.3088 2.3996 2.5594 0.301549 0.882840 0.263207 0.890472
18 5.3694 2.4043 2.6460 0.298637 0.885820 0.259610 0.891273
19 5.3577 2.4324 2.6120 0.295502 0.888044 0.256888 0.892394
20 5.3233 2.4259 2.5757 0.292057 0.889405 0.254422 0.893595
21 5.3300 2.4106 2.5907 0.288862 0.890339 0.252570 0.895116
22 5.3247 2.3694 2.6404 0.286555 0.891122 0.250937 0.896397
23 5.3294 2.3776 2.6315 0.284194 0.891895 0.249398 0.897438
24 5.4331 2.4414 2.6689 0.282141 0.892483 0.248000 0.897918
25 5.2369 2.3653 2.5553 0.280283 0.893079 0.246714 0.898559
26 5.3058 2.3535 2.6368 0.278580 0.893719 0.245503 0.898319
27 5.4539 2.5020 2.6388 0.277062 0.894351 0.244356 0.898719
28 5.3350 2.4553 2.5599 0.275716 0.894715 0.243267 0.898959
29 5.4084 2.5269 2.5613 0.274507 0.895036 0.242232 0.899760
30 5.4705 2.5192 2.6358 0.273402 0.895454 0.241244 0.900320
31 5.3489 2.3982 2.6328 0.272377 0.895845 0.240297 0.900560
32 5.3732 2.4162 2.6276 0.271415 0.896245 0.239387 0.901281
33 5.4587 2.4403 2.6927 0.270505 0.896485 0.238508 0.901601
34 5.3889 2.4137 2.6508 0.269637 0.896770 0.237658 0.901681
35 5.4195 2.4203 2.6690 0.268804 0.897073 0.236834 0.901761
36 5.4000 2.5112 2.5656 0.268002 0.897384 0.236034 0.902162
37 5.2613 2.3735 2.5689 0.267227 0.897740 0.235256 0.902082
38 5.3162 2.3594 2.6474 0.266475 0.897909 0.234498 0.902642
39 5.3004 2.3909 2.5853 0.265744 0.898140 0.233761 0.902962
40 5.4622 2.5153 2.6326 0.265031 0.898522 0.233042 0.903283
41 5.4104 2.4598 2.6260 0.264335 0.898896 0.232341 0.903683
42 5.3933 2.4359 2.6436 0.263655 0.899074 0.231657 0.903923
43 5.3351 2.3750 2.6462 0.262990 0.899332 0.230988 0.904323
44 5.2321 2.3575 2.5637 0.262338 0.899661 0.230336 0.904644
45 5.2889 2.3729 2.6065 0.261699 0.899830 0.229698 0.905204
46 5.3152 2.3958 2.5937 0.261072 0.900079 0.229073 0.905124
47 5.3069 2.3909 2.5918 0.260456 0.900221 0.228463 0.904884
48 5.3185 2.3772 2.6143 0.259852 0.900533 0.227865 0.904964
49 5.3571 2.3917 2.6452 0.259259 0.900782 0.227279 0.905044
