epoch time fwd_time bwd_time loss acc val_loss val_acc
0 5.3938 2.3970 2.6657 0.527541 0.496775 0.479138 0.821857
1 5.3528 2.4081 2.6256 0.510103 0.824282 0.468965 0.821857
2 5.4420 2.4655 2.6555 0.509220 0.824282 0.468338 0.821857
3 5.4237 2.4636 2.6371 0.506156 0.824282 0.465371 0.821857
4 5.3849 2.4321 2.6333 0.496238 0.824282 0.456331 0.821857
5 5.4412 2.4612 2.6607 0.402354 0.824282 0.357591 0.821857
6 5.4747 2.4274 2.6891 0.333936 0.863030 0.302841 0.883507
7 5.3082 2.3796 2.6183 0.297423 0.880456 0.269526 0.886229
8 5.3690 2.4509 2.6002 0.290720 0.887092 0.259768 0.889912
9 5.3736 2.4443 2.6083 0.288729 0.890188 0.252140 0.894075
10 5.4314 2.4927 2.6241 0.299150 0.892447 0.247077 0.900240
11 5.3456 2.4648 2.5701 0.298216 0.894413 0.245330 0.900480
12 5.4346 2.4972 2.6177 0.297803 0.896041 0.245094 0.899199
13 5.4322 2.4809 2.6301 0.294940 0.896895 0.243635 0.899760
14 5.4186 2.4458 2.6579 0.291927 0.897677 0.241878 0.900320
15 5.2679 2.3912 2.5613 0.289044 0.898594 0.240487 0.901121
16 5.3586 2.3769 2.6582 0.286318 0.899279 0.239209 0.901281
17 5.3637 2.3846 2.6652 0.283463 0.900008 0.238122 0.901441
18 5.3487 2.4061 2.6216 0.280136 0.900275 0.236983 0.901361
19 5.2461 2.3697 2.5648 0.276590 0.900871 0.235404 0.902322
20 5.3449 2.3865 2.6401 0.273459 0.901431 0.233458 0.902642
21 5.3003 2.3621 2.6310 0.270878 0.901929 0.231436 0.903042
22 5.4084 2.5179 2.5702 0.268743 0.902152 0.229480 0.903683
23 5.2485 2.3407 2.5983 0.266939 0.902508 0.227640 0.904804
24 5.3900 2.4057 2.6734 0.265376 0.902854 0.225932 0.905604
25 5.2853 2.3908 2.5837 0.263984 0.903228 0.224353 0.906085
26 5.3969 2.4602 2.6197 0.262715 0.903700 0.222892 0.907046
27 5.3097 2.3945 2.5921 0.261535 0.904207 0.221537 0.907526
28 5.2611 2.3534 2.5840 0.260416 0.904607 0.220272 0.907846
29 5.3990 2.4581 2.6228 0.259342 0.905167 0.219085 0.908167
30 5.3191 2.3795 2.6236 0.258301 0.905514 0.217962 0.908807
31 5.4619 2.4605 2.6396 0.257285 0.905834 0.216891 0.909207
32 5.3476 2.3837 2.6488 0.256292 0.906253 0.215861 0.909688
33 5.3376 2.3713 2.6413 0.255323 0.906635 0.214860 0.910649
34 5.2778 2.3699 2.5930 0.254375 0.907089 0.213879 0.910729
35 5.3355 2.4144 2.6022 0.253446 0.907516 0.212907 0.911129
36 5.2686 2.3626 2.5877 0.252532 0.908067 0.211930 0.911369
37 5.3819 2.4138 2.6472 0.251625 0.908485 0.210936 0.911369
38 5.4981 2.5648 2.6053 0.250718 0.909010 0.209911 0.911129
39 5.4239 2.4258 2.6802 0.249798 0.909393 0.208841 0.911369
40 5.3922 2.4009 2.6663 0.248855 0.909900 0.207715 0.911689
41 5.3144 2.4383 2.5588 0.247874 0.910415 0.206521 0.911769
42 5.4073 2.5024 2.5839 0.246844 0.910967 0.205249 0.912090
43 5.3364 2.4534 2.5701 0.245746 0.911474 0.203893 0.913531
44 5.4879 2.5415 2.6301 0.244564 0.912195 0.202451 0.914412
45 5.3811 2.4043 2.6549 0.243276 0.912524 0.200925 0.914972
46 5.3822 2.4200 2.6269 0.241865 0.912986 0.199330 0.915933
47 5.4033 2.4452 2.6370 0.240315 0.913556 0.197691 0.916573
48 5.3461 2.3804 2.6458 0.238624 0.914276 0.196050 0.916733
49 5.3772 2.4044 2.6515 0.236810 0.914819 0.194455 0.917614
