epoch time fwd_time bwd_time loss acc val_loss val_acc
0 5.4024 2.4165 2.6598 0.556008 0.492105 0.536785 0.821857
1 5.2653 2.3806 2.5616 0.509065 0.824282 0.469024 0.821857
2 5.3154 2.3947 2.6009 0.510316 0.824282 0.468984 0.821857
3 5.3559 2.3897 2.6536 0.510275 0.824282 0.468942 0.821857
4 5.5115 2.5520 2.6346 0.509793 0.824282 0.468648 0.821857
5 5.4534 2.4284 2.7048 0.498975 0.824282 0.459994 0.821857
6 5.3416 2.4268 2.5936 0.478765 0.824282 0.440548 0.821857
7 5.3528 2.4387 2.5858 0.446794 0.824282 0.410036 0.821857
8 5.3161 2.3750 2.6213 0.413836 0.824282 0.377801 0.821857
9 5.3355 2.3982 2.6118 0.392540 0.824282 0.357735 0.821857
10 5.4667 2.5394 2.6049 0.384550 0.824282 0.349633 0.821857
11 5.3838 2.4245 2.6425 0.378968 0.824282 0.343438 0.821857
12 5.4132 2.4775 2.6181 0.373072 0.824282 0.337434 0.821857
13 5.3561 2.4495 2.5864 0.366544 0.824282 0.330889 0.821857
14 5.3582 2.4685 2.5747 0.359103 0.824282 0.322828 0.821857
15 5.3893 2.4008 2.6301 0.349396 0.824282 0.311905 0.821938
16 5.3940 2.4803 2.6004 0.332912 0.829744 0.298883 0.835068
17 5.3095 2.3782 2.6096 0.310873 0.842954 0.283258 0.858527
18 5.3818 2.4073 2.6566 0.292844 0.868661 0.271704 0.886950
19 5.4146 2.4609 2.6265 0.284871 0.883489 0.263998 0.887590
20 5.3679 2.4446 2.6060 0.283580 0.885162 0.257057 0.892234
21 5.4187 2.4556 2.6364 0.275196 0.885375 0.254494 0.894956
22 5.2909 2.3525 2.6259 0.272083 0.887270 0.251304 0.896717
23 5.3080 2.4040 2.5824 0.270758 0.889823 0.246933 0.897678
24 5.2772 2.3675 2.5985 0.267461 0.890552 0.244586 0.898959
25 5.3789 2.4163 2.6340 0.265245 0.892002 0.242517 0.900000
26 5.3424 2.3783 2.6439 0.263124 0.893470 0.240262 0.900881
27 5.3988 2.4180 2.6581 0.260980 0.894253 0.237796 0.902082
28 5.3083 2.4060 2.5813 0.262619 0.895729 0.238861 0.903363
29 5.2212 2.3565 2.5444 0.259929 0.896770 0.233971 0.904804
30 5.2430 2.3579 2.5574 0.259709 0.898078 0.233888 0.905364
31 5.5468 2.5340 2.6861 0.258227 0.899118 0.229576 0.906485
32 5.4170 2.4470 2.6434 0.262142 0.900070 0.229436 0.907126
33 5.3073 2.3813 2.6019 0.258881 0.900729 0.226584 0.908327
34 5.3514 2.3956 2.6371 0.261663 0.901182 0.227210 0.908967
35 5.2922 2.3688 2.6187 0.255104 0.902036 0.224721 0.909047
36 5.4108 2.4814 2.6137 0.256965 0.902632 0.222753 0.909367
37 5.4226 2.4037 2.6959 0.251356 0.903673 0.221223 0.908727
38 5.4072 2.4069 2.6762 0.252584 0.903717 0.219138 0.909448
39 5.4466 2.4629 2.6736 0.250741 0.904554 0.218736 0.911049
40 5.4352 2.4178 2.6601 0.252703 0.904589 0.218210 0.911449
41 5.3441 2.4397 2.5750 0.250465 0.904998 0.215763 0.911209
42 5.3004 2.4211 2.5553 0.247636 0.905407 0.214622 0.912330
43 5.2987 2.3726 2.6146 0.248221 0.906270 0.214315 0.912170
44 5.3416 2.4252 2.5914 0.249359 0.907142 0.213196 0.912570
45 5.3846 2.4552 2.6072 0.241854 0.907400 0.211260 0.912890
46 5.3667 2.4225 2.6177 0.236281 0.907685 0.212567 0.912170
47 5.3822 2.4775 2.5908 0.239905 0.908503 0.209058 0.914091
48 5.3320 2.4109 2.6026 0.240654 0.909232 0.208025 0.915532
49 5.2933 2.3836 2.5880 0.239479 0.909606 0.206804 0.915693
