epoch time fwd_time bwd_time loss acc val_loss val_acc
0 5.4014 2.4421 2.6417 0.587479 0.824060 0.571244 0.821857
1 5.3201 2.3790 2.6193 0.534220 0.824282 0.514594 0.821857
2 5.3468 2.3829 2.6551 0.509133 0.824282 0.481654 0.821857
3 5.2981 2.4067 2.5754 0.506409 0.824282 0.471022 0.821857
4 5.2681 2.3887 2.5693 0.508666 0.824282 0.469711 0.821857
5 5.3955 2.4407 2.6326 0.509507 0.824282 0.469541 0.821857
6 5.4761 2.4577 2.7032 0.509707 0.824282 0.469422 0.821857
7 5.2238 2.3415 2.5702 0.509763 0.824282 0.469319 0.821857
8 5.3774 2.3963 2.6635 0.509784 0.824282 0.469228 0.821857
9 5.3913 2.5069 2.5591 0.509784 0.824282 0.469141 0.821857
10 5.3854 2.4461 2.6149 0.509758 0.824282 0.469045 0.821857
11 5.3091 2.4053 2.5878 0.509684 0.824282 0.468915 0.821857
12 5.2690 2.3511 2.6002 0.509520 0.824282 0.468697 0.821857
13 5.2887 2.3758 2.6001 0.509289 0.824282 0.468376 0.821857
14 5.2743 2.3831 2.5785 0.509063 0.824282 0.468026 0.821857
15 5.3455 2.4474 2.5757 0.508755 0.824282 0.467635 0.821857
16 5.4569 2.5046 2.5991 0.508271 0.824282 0.467135 0.821857
17 5.5074 2.5557 2.6314 0.507436 0.824282 0.466361 0.821857
18 5.3723 2.3716 2.6847 0.506019 0.824282 0.464826 0.821857
19 5.2323 2.3444 2.5756 0.504397 0.824282 0.463100 0.821857
20 5.4264 2.4664 2.6550 0.501756 0.824282 0.460612 0.821857
21 5.3444 2.4287 2.6013 0.497746 0.824282 0.456726 0.821857
22 5.4432 2.4538 2.6651 0.491707 0.824282 0.450786 0.821857
23 5.4181 2.4214 2.6696 0.469049 0.824282 0.428927 0.821857
24 5.4115 2.4319 2.6596 0.396322 0.824060 0.360844 0.824580
25 5.3339 2.3867 2.6366 0.377748 0.825643 0.344465 0.824660
26 5.3903 2.4176 2.6563 0.361766 0.828250 0.331747 0.834428
27 5.2820 2.3959 2.5760 0.328691 0.848602 0.296530 0.874620
28 5.3849 2.4195 2.6448 0.306959 0.878722 0.272983 0.887750
29 5.2852 2.3763 2.5859 0.297175 0.884859 0.263453 0.889191
30 5.4321 2.4626 2.6498 0.291438 0.887519 0.257587 0.892314
31 5.4683 2.4918 2.6503 0.287110 0.890437 0.252213 0.894155
32 5.4628 2.4539 2.6868 0.283045 0.892741 0.247605 0.897438
33 5.3638 2.4325 2.6142 0.278963 0.894502 0.243459 0.899440
34 5.4031 2.3925 2.6878 0.274863 0.896735 0.239652 0.901761
35 5.2699 2.3626 2.5909 0.270834 0.898736 0.236120 0.903683
36 5.4354 2.4347 2.6856 0.266980 0.900640 0.232824 0.905444
37 5.4599 2.5138 2.6289 0.263384 0.902516 0.229740 0.906966
38 5.4100 2.4545 2.6342 0.260096 0.904269 0.226855 0.908567
39 5.5025 2.5424 2.6433 0.257132 0.905995 0.224161 0.910008
40 5.3608 2.4082 2.6409 0.254475 0.907676 0.221641 0.911529
41 5.3110 2.3643 2.6348 0.252084 0.909063 0.219275 0.912650
42 5.3773 2.3852 2.6723 0.249915 0.910246 0.217040 0.913611
43 5.3121 2.3660 2.6249 0.247925 0.911492 0.214915 0.914732
44 5.3602 2.4088 2.6305 0.246079 0.912533 0.212886 0.915532
45 5.3369 2.3871 2.6320 0.244353 0.913200 0.210946 0.917054
46 5.3064 2.3957 2.5971 0.242727 0.914107 0.209087 0.917774
47 5.3029 2.3833 2.5972 0.241187 0.914712 0.207306 0.918495
48 5.4521 2.5013 2.6226 0.239720 0.915450 0.205597 0.918655
49 5.3495 2.4096 2.5835 0.238316 0.916064 0.203954 0.919215
