epoch time fwd_time bwd_time loss acc val_loss val_acc
0 5.3256 2.3741 2.6239 0.510712 0.795106 0.470162 0.821857
1 5.3246 2.3815 2.6236 0.509092 0.824282 0.468371 0.821857
2 5.3376 2.3770 2.6369 0.506896 0.824282 0.465579 0.821857
3 5.3797 2.4114 2.6483 0.504954 0.824282 0.462521 0.821857
4 5.4299 2.4918 2.6176 0.498592 0.824282 0.456375 0.821857
5 5.2886 2.3846 2.5855 0.481094 0.824282 0.440379 0.821857
6 5.4139 2.4857 2.6065 0.419570 0.824282 0.381965 0.821857
7 5.3350 2.4247 2.5918 0.384538 0.824282 0.350836 0.821857
8 5.3319 2.4040 2.6190 0.372820 0.824282 0.340829 0.821857
9 5.2689 2.3526 2.5956 0.361570 0.824282 0.332684 0.821857
10 5.5570 2.6097 2.6143 0.355856 0.824282 0.326523 0.821857
11 5.4357 2.4413 2.6720 0.349609 0.824282 0.320188 0.821857
12 5.3490 2.4203 2.6134 0.344010 0.825821 0.313879 0.828183
13 5.3521 2.3909 2.6430 0.338035 0.833471 0.307482 0.836910
14 5.3630 2.4114 2.6173 0.331466 0.838986 0.299976 0.840993
15 5.4053 2.4672 2.6222 0.321367 0.843078 0.291309 0.849880
16 5.3538 2.4319 2.6087 0.311894 0.850577 0.281739 0.860368
17 5.3792 2.4678 2.5767 0.297735 0.862968 0.271780 0.872858
18 5.3183 2.4195 2.5685 0.285485 0.874114 0.262729 0.885268
19 5.3734 2.4871 2.5624 0.272759 0.884646 0.252279 0.895516
20 5.4179 2.4292 2.6760 0.262292 0.892127 0.243716 0.899199
21 5.3927 2.4339 2.6366 0.257033 0.896548 0.237977 0.901681
22 5.2481 2.3266 2.6071 0.253020 0.899030 0.233288 0.904163
23 5.4003 2.4126 2.6727 0.249331 0.900969 0.229355 0.905925
24 5.4146 2.4180 2.6706 0.246305 0.902499 0.225994 0.907046
25 5.5069 2.4848 2.6898 0.243733 0.903949 0.223091 0.908167
26 5.4025 2.3948 2.6911 0.241371 0.905069 0.220480 0.910248
27 5.4032 2.4541 2.6304 0.239105 0.905959 0.218109 0.911049
28 5.2942 2.3802 2.5910 0.236908 0.906768 0.215931 0.911609
29 5.1926 2.3343 2.5427 0.234797 0.907649 0.213902 0.912330
30 5.2311 2.3603 2.5569 0.232795 0.908467 0.211991 0.913131
31 5.2055 2.3335 2.5516 0.230912 0.909562 0.210180 0.913851
32 5.4822 2.5223 2.6145 0.229153 0.910077 0.208455 0.914732
33 5.3085 2.4076 2.5801 0.227511 0.910709 0.206806 0.915452
34 5.2470 2.3594 2.5660 0.225980 0.911367 0.205225 0.915773
35 5.4180 2.4528 2.6440 0.224549 0.912052 0.203707 0.916493
36 5.3807 2.4563 2.6048 0.223205 0.912630 0.202249 0.916974
37 5.4236 2.4576 2.6510 0.221939 0.913404 0.200849 0.917294
38 5.4161 2.4729 2.6316 0.220738 0.914063 0.199505 0.917694
39 5.2494 2.3479 2.5875 0.219592 0.914561 0.198217 0.918415
40 5.3248 2.3937 2.6098 0.218490 0.915139 0.196984 0.918495
41 5.3666 2.4280 2.6063 0.217422 0.915806 0.195807 0.919376
42 5.3078 2.3831 2.6015 0.216383 0.916518 0.194685 0.920176
43 5.3651 2.4028 2.6418 0.215368 0.917114 0.193619 0.920496
44 5.3612 2.4429 2.5979 0.214373 0.917496 0.192606 0.920576
45 5.3311 2.3745 2.6431 0.213399 0.917763 0.191646 0.920576
46 5.3445 2.4279 2.5950 0.212444 0.918332 0.190736 0.921137
47 5.3150 2.3608 2.6343 0.211508 0.918670 0.189873 0.921377
48 5.3080 2.3821 2.6092 0.210590 0.918928 0.189055 0.922018
49 5.3681 2.3890 2.6549 0.209690 0.919293 0.188279 0.922418
