epoch time fwd_time bwd_time loss acc val_loss val_acc
0 5.4656 2.4554 2.6573 0.611986 0.793167 0.603774 0.821857
1 5.3428 2.3867 2.6359 0.558343 0.824282 0.542650 0.821857
2 5.3126 2.3888 2.6139 0.525676 0.824282 0.501971 0.821857
3 5.1853 2.3276 2.5443 0.510474 0.824282 0.479553 0.821857
4 5.3278 2.3787 2.5880 0.507398 0.824282 0.471499 0.821857
5 5.4506 2.4825 2.6397 0.508178 0.824282 0.469420 0.821857
6 5.3159 2.3816 2.6163 0.509180 0.824282 0.468992 0.821857
7 5.3653 2.4169 2.6239 0.509682 0.824282 0.468869 0.821857
8 5.3260 2.4028 2.6062 0.509768 0.824282 0.468727 0.821857
9 5.2712 2.3626 2.5901 0.509596 0.824282 0.468493 0.821857
10 5.2821 2.3852 2.5799 0.509381 0.824282 0.468226 0.821857
11 5.1586 2.3014 2.5448 0.509230 0.824282 0.467985 0.821857
12 5.3555 2.4000 2.6373 0.509040 0.824282 0.467730 0.821857
13 5.2848 2.4058 2.5569 0.508729 0.824282 0.467413 0.821857
14 5.3435 2.3860 2.6428 0.508242 0.824282 0.466984 0.821857
15 5.3485 2.3888 2.6462 0.507469 0.824282 0.466346 0.821857
16 5.4720 2.5219 2.6410 0.506106 0.824282 0.465254 0.821857
17 5.3346 2.3840 2.6376 0.503377 0.824282 0.463149 0.821857
18 5.4094 2.4211 2.6662 0.473023 0.824282 0.439699 0.821857
19 5.4427 2.4917 2.6336 0.394063 0.824282 0.367999 0.821777
20 5.3190 2.4247 2.5762 0.357650 0.837376 0.331578 0.853883
21 5.2256 2.3525 2.5692 0.343380 0.864916 0.315247 0.871497
22 5.2679 2.3427 2.6097 0.329332 0.874799 0.303743 0.879263
23 5.3561 2.4036 2.6343 0.319741 0.880038 0.295614 0.883347
24 5.4254 2.4639 2.6360 0.311039 0.882475 0.288686 0.886149
25 5.4090 2.4361 2.6182 0.303575 0.884352 0.282998 0.888231
26 5.3526 2.4396 2.6069 0.297603 0.885562 0.278476 0.889992
27 5.2841 2.3977 2.5686 0.292870 0.886274 0.274873 0.890793
28 5.3388 2.3892 2.6381 0.289043 0.887065 0.271909 0.892154
29 5.4507 2.5193 2.5748 0.285883 0.887795 0.269410 0.893515
30 5.3834 2.4383 2.6266 0.283221 0.888400 0.267263 0.894075
31 5.3807 2.4039 2.6570 0.280930 0.889129 0.265386 0.895196
32 5.2629 2.3636 2.5807 0.278918 0.889734 0.263720 0.896157
33 5.3521 2.4084 2.6293 0.277130 0.890196 0.262218 0.896157
34 5.4111 2.4922 2.5988 0.275527 0.890383 0.260843 0.897038
35 5.3477 2.4037 2.6232 0.274083 0.890757 0.259568 0.897838
36 5.2974 2.3557 2.6224 0.272770 0.891237 0.258373 0.897678
37 5.3622 2.4097 2.5875 0.271565 0.891611 0.257244 0.898479
38 5.4827 2.5340 2.6323 0.270448 0.891922 0.256170 0.898799
39 5.2903 2.3512 2.6345 0.269405 0.892109 0.255144 0.899039
40 5.3025 2.3750 2.6016 0.268425 0.892287 0.254160 0.899359
41 5.3964 2.5138 2.5578 0.267499 0.892794 0.253212 0.899359
42 5.2692 2.3650 2.5899 0.266622 0.892865 0.252297 0.899920
43 5.2667 2.3567 2.5826 0.265788 0.893114 0.251412 0.899920
44 5.3147 2.3663 2.6245 0.264993 0.893372 0.250554 0.899920
45 5.3706 2.4268 2.6350 0.264232 0.893755 0.249720 0.900320
46 5.2700 2.3712 2.5786 0.263502 0.893941 0.248909 0.900480
47 5.3990 2.4767 2.6022 0.262800 0.894199 0.248119 0.900480
48 5.4255 2.4643 2.6433 0.262122 0.894413 0.247348 0.900560
49 5.3495 2.3859 2.6450 0.261467 0.894689 0.246594 0.900801
