epoch time fwd_time bwd_time loss acc val_loss val_acc
0 5.2523 2.3473 2.5776 0.523587 0.692116 0.492456 0.821857
1 5.4058 2.4733 2.6108 0.508812 0.824282 0.469096 0.821857
2 5.2756 2.3915 2.5687 0.509554 0.824282 0.469037 0.821857
3 5.3155 2.3595 2.6432 0.509382 0.824282 0.468933 0.821857
4 5.3664 2.4612 2.5690 0.508896 0.824282 0.468735 0.821857
5 5.2835 2.4043 2.5578 0.506787 0.824282 0.467759 0.821857
6 5.4140 2.4640 2.6355 0.501643 0.824282 0.461749 0.821857
7 5.4234 2.4581 2.6437 0.496036 0.824282 0.456115 0.821857
8 5.3025 2.3808 2.6062 0.484331 0.824282 0.444976 0.821857
9 5.2677 2.3638 2.5918 0.442616 0.824282 0.405430 0.821857
10 5.3729 2.3937 2.6174 0.389513 0.824282 0.357475 0.821857
11 5.2326 2.3441 2.5719 0.374891 0.824282 0.347058 0.821857
12 5.4674 2.4907 2.6525 0.363020 0.824282 0.336336 0.821857
13 5.3018 2.4307 2.5490 0.356335 0.824282 0.330190 0.821857
14 5.3872 2.4714 2.5985 0.353175 0.824282 0.324880 0.821857
15 5.5013 2.5414 2.6295 0.347792 0.824407 0.319848 0.823779
16 5.5021 2.5938 2.5816 0.343608 0.830456 0.314687 0.833627
17 5.3260 2.4150 2.5901 0.338620 0.837092 0.308756 0.838991
18 5.3306 2.4530 2.5589 0.332643 0.840427 0.302492 0.844115
19 5.3458 2.3988 2.6282 0.325763 0.842553 0.296040 0.848679
20 5.4386 2.5049 2.6158 0.317431 0.847348 0.289076 0.855244
21 5.3026 2.3783 2.6133 0.309579 0.855211 0.281717 0.863090
22 5.3887 2.4417 2.6131 0.302529 0.864800 0.273672 0.874460
23 5.3270 2.3793 2.6298 0.290430 0.873891 0.265429 0.884948
24 5.4276 2.4358 2.6714 0.279877 0.882609 0.258453 0.893675
25 5.3843 2.4627 2.5874 0.271523 0.888097 0.251504 0.897358
26 5.2327 2.3659 2.5470 0.265052 0.891202 0.246317 0.899279
27 5.1900 2.3321 2.5426 0.260102 0.893657 0.241866 0.900240
28 5.2402 2.3530 2.5655 0.256417 0.895454 0.238299 0.900961
29 5.4174 2.4066 2.6864 0.253208 0.897010 0.235099 0.902242
30 5.2858 2.3897 2.5803 0.250379 0.898531 0.232060 0.903523
31 5.2769 2.4134 2.5469 0.247899 0.899732 0.229219 0.904644
32 5.2922 2.3909 2.5801 0.245628 0.901031 0.226573 0.905845
33 5.3068 2.3585 2.6362 0.243464 0.902116 0.224102 0.907366
34 5.3892 2.4135 2.6475 0.241320 0.903175 0.221757 0.907686
35 5.3648 2.4267 2.6241 0.239201 0.904740 0.219502 0.909127
36 5.4566 2.4567 2.6797 0.237135 0.905906 0.217338 0.909688
37 5.2642 2.3505 2.5967 0.235145 0.906751 0.215284 0.910408
38 5.3495 2.3783 2.6584 0.233269 0.907711 0.213335 0.911289
39 5.4205 2.4716 2.6365 0.231506 0.908441 0.211479 0.912570
40 5.4017 2.4778 2.6153 0.229837 0.909179 0.209711 0.914251
41 5.3989 2.4286 2.6525 0.228249 0.909900 0.208023 0.914732
42 5.3836 2.4213 2.6403 0.226735 0.910789 0.206407 0.915372
43 5.4686 2.4634 2.6482 0.225288 0.911572 0.204857 0.916493
44 5.3278 2.3701 2.6424 0.223904 0.912266 0.203364 0.916974
45 5.3988 2.4474 2.6175 0.222577 0.912862 0.201923 0.917774
46 5.3915 2.4890 2.5814 0.221306 0.913342 0.200528 0.917854
47 5.5332 2.6309 2.5726 0.220086 0.913902 0.199177 0.918575
48 5.2743 2.3551 2.6082 0.218908 0.914436 0.197869 0.918895
49 5.3424 2.4077 2.6111 0.217763 0.915014 0.196604 0.919215
