epoch time fwd_time bwd_time loss acc val_loss val_acc
0 5.3535 2.3857 2.6361 0.722833 0.175718 0.724602 0.178143
1 5.3719 2.4945 2.5573 0.613916 0.691493 0.605479 0.821857
2 5.3321 2.3793 2.6331 0.550542 0.824282 0.533233 0.821857
3 5.3767 2.4905 2.5638 0.521241 0.824282 0.496750 0.821857
4 5.4523 2.4502 2.6419 0.510259 0.824282 0.480409 0.821857
5 5.4797 2.4979 2.6628 0.507060 0.824282 0.473377 0.821857
6 5.3789 2.4067 2.6493 0.506858 0.824282 0.470532 0.821857
7 5.2764 2.3911 2.5632 0.507556 0.824282 0.469475 0.821857
8 5.3665 2.4289 2.6207 0.508325 0.824282 0.469127 0.821857
9 5.3745 2.4241 2.6234 0.508911 0.824282 0.469031 0.821857
10 5.2649 2.3581 2.5880 0.509286 0.824282 0.469012 0.821857
11 5.3161 2.4258 2.5693 0.509500 0.824282 0.469008 0.821857
12 5.2807 2.3896 2.5752 0.509608 0.824282 0.469002 0.821857
13 5.4192 2.4763 2.6182 0.509653 0.824282 0.468993 0.821857
14 5.2862 2.3556 2.6123 0.509661 0.824282 0.468980 0.821857
15 5.3189 2.3750 2.6034 0.509647 0.824282 0.468964 0.821857
16 5.3227 2.4279 2.5692 0.509614 0.824282 0.468943 0.821857
17 5.3585 2.4201 2.6225 0.509561 0.824282 0.468916 0.821857
18 5.3465 2.3788 2.6471 0.509479 0.824282 0.468878 0.821857
19 5.3751 2.3955 2.6557 0.509344 0.824282 0.468820 0.821857
20 5.2988 2.3895 2.5907 0.509102 0.824282 0.468712 0.821857
21 5.2874 2.3623 2.6064 0.508577 0.824282 0.468451 0.821857
22 5.2764 2.3669 2.5928 0.507087 0.824282 0.467483 0.821857
23 5.4117 2.4545 2.6288 0.506130 0.824282 0.466322 0.821857
24 5.4432 2.4958 2.6260 0.506061 0.824282 0.465758 0.821857
25 5.4193 2.4292 2.6727 0.505609 0.824282 0.465173 0.821857
26 5.2637 2.3843 2.5649 0.504898 0.824282 0.464476 0.821857
27 5.2017 2.3328 2.5367 0.503968 0.824282 0.463621 0.821857
28 5.2315 2.3689 2.5420 0.502794 0.824282 0.462552 0.821857
29 5.3361 2.3976 2.6173 0.501298 0.824282 0.461182 0.821857
30 5.2763 2.3741 2.5762 0.499215 0.824282 0.459214 0.821857
31 5.2833 2.3639 2.6046 0.496780 0.824282 0.456221 0.821857
32 5.1975 2.3304 2.5521 0.494250 0.824282 0.453439 0.821857
33 5.4629 2.4593 2.6808 0.486558 0.824282 0.447744 0.821857
34 5.3854 2.4687 2.5970 0.474790 0.824282 0.437128 0.821857
35 5.3825 2.4278 2.6342 0.411977 0.824282 0.383804 0.821857
36 5.4372 2.4958 2.6214 0.400719 0.824282 0.370370 0.821857
37 5.3491 2.3964 2.5841 0.395495 0.824282 0.364431 0.821857
38 5.3107 2.3692 2.6212 0.391923 0.824282 0.360315 0.821857
39 5.3926 2.4020 2.6642 0.388085 0.824282 0.356236 0.821857
40 5.3380 2.4031 2.6198 0.385032 0.824282 0.352698 0.821857
41 5.3448 2.4069 2.6122 0.382586 0.824282 0.349650 0.821857
42 5.3176 2.3879 2.6176 0.380440 0.824282 0.346921 0.821857
43 5.3637 2.4142 2.6358 0.378377 0.824282 0.344346 0.821857
44 5.3918 2.4081 2.6646 0.376277 0.824327 0.341803 0.822818
45 5.3941 2.4408 2.6359 0.374030 0.824958 0.339177 0.822898
46 5.2961 2.3703 2.6155 0.371537 0.825403 0.336307 0.823459
47 5.3552 2.4000 2.6306 0.368724 0.825421 0.332875 0.823699
48 5.2925 2.3692 2.5976 0.365193 0.825946 0.327741 0.825540
49 5.3171 2.3913 2.6104 0.353812 0.828508 0.315262 0.834828
