epoch time fwd_time bwd_time loss acc val_loss val_acc
0 5.3977 2.4570 2.5874 0.455677 0.808422 0.464466 0.824900
1 5.5566 2.5923 2.6113 0.452883 0.823944 0.460827 0.824900
2 5.4505 2.4916 2.6108 0.395753 0.823944 0.391679 0.824900
3 5.4358 2.5316 2.5503 0.389396 0.823944 0.352841 0.824900
4 5.3809 2.4644 2.5572 0.374195 0.823944 0.342889 0.824900
5 5.4589 2.5384 2.5672 0.362199 0.823944 0.336994 0.824900
6 5.4767 2.4886 2.6375 0.355914 0.823944 0.331047 0.824900
7 5.5610 2.5750 2.6341 0.348732 0.824291 0.323322 0.824900
8 5.5185 2.5189 2.6486 0.327612 0.826026 0.308213 0.831545
9 5.4980 2.5240 2.6298 0.294411 0.844208 0.265030 0.859888
10 5.4008 2.4292 2.6314 0.287651 0.875315 0.261694 0.906165
11 5.4700 2.4911 2.6258 0.251212 0.901494 0.222588 0.914331
12 5.3536 2.4405 2.5665 0.233450 0.913218 0.205994 0.918655
13 5.3975 2.4690 2.5734 0.227186 0.917736 0.203889 0.916974
14 5.4650 2.5037 2.6159 0.209543 0.919907 0.207858 0.911449
15 5.3505 2.4587 2.5474 0.195323 0.919462 0.183165 0.926181
16 5.4509 2.5014 2.5961 0.188626 0.922344 0.177936 0.927142
17 5.4567 2.5137 2.5988 0.183460 0.923821 0.174426 0.928583
18 5.4720 2.4951 2.5939 0.179204 0.924853 0.171278 0.929544
19 5.3711 2.4504 2.5748 0.175427 0.925662 0.168469 0.930665
20 5.6048 2.5861 2.6485 0.172021 0.926552 0.165999 0.930665
21 5.4980 2.5038 2.6453 0.168928 0.927361 0.163827 0.931545
22 5.4998 2.5973 2.5203 0.166098 0.928171 0.161905 0.931865
23 5.4771 2.5812 2.5448 0.163491 0.928829 0.160184 0.932586
24 5.5851 2.6700 2.5493 0.161075 0.929416 0.158625 0.933227
25 5.6559 2.6971 2.6144 0.158825 0.930181 0.157197 0.933547
26 5.4107 2.5203 2.5465 0.156720 0.930670 0.155878 0.933947
27 5.4884 2.5342 2.6039 0.154746 0.931319 0.154652 0.934988
28 5.3731 2.4523 2.5689 0.152890 0.931809 0.153514 0.935869
29 5.5378 2.5694 2.6192 0.151142 0.932173 0.152466 0.936269
30 5.5617 2.5787 2.6346 0.149494 0.932663 0.151513 0.936910
31 5.5068 2.5833 2.5763 0.147933 0.932938 0.150665 0.936990
32 5.4732 2.4882 2.6479 0.146444 0.933356 0.149932 0.937790
33 5.4676 2.5149 2.6077 0.145012 0.933890 0.149318 0.938671
34 5.4956 2.5919 2.5568 0.143618 0.934362 0.148821 0.938911
35 5.4375 2.5440 2.5437 0.142248 0.934762 0.148429 0.938511
36 5.3802 2.4556 2.5866 0.140893 0.935153 0.148123 0.938511
37 5.3223 2.4016 2.5813 0.139549 0.935616 0.147882 0.938591
38 5.5498 2.6161 2.5808 0.138215 0.935998 0.147689 0.938671
39 5.4819 2.5610 2.5708 0.136890 0.936390 0.147532 0.937870
40 5.4288 2.4659 2.6132 0.135575 0.936674 0.147397 0.937790
41 5.3942 2.4462 2.5949 0.134270 0.936826 0.147280 0.937790
42 5.4360 2.5050 2.5854 0.132972 0.936923 0.147169 0.937790
43 5.4216 2.4698 2.6125 0.131678 0.937306 0.147057 0.937630
44 5.3930 2.4631 2.5812 0.130386 0.937680 0.146930 0.938271
45 5.4589 2.5394 2.5723 0.129091 0.938133 0.146773 0.938030
46 5.5009 2.5337 2.6198 0.127792 0.938551 0.146568 0.938351
47 5.3820 2.4319 2.5671 0.126492 0.938960 0.146286 0.938351
48 5.4591 2.4933 2.6278 0.125203 0.939334 0.145892 0.939151
49 5.4707 2.5266 2.5982 0.123952 0.939743 0.145325 0.939151
