epoch time fwd_time bwd_time loss acc val_loss val_acc
0 5.3580 2.3977 2.6397 0.509032 0.824282 0.468753 0.821857
1 5.4248 2.4754 2.6250 0.506927 0.824282 0.465228 0.821857
2 5.3721 2.3901 2.6661 0.492555 0.824282 0.452373 0.821857
3 5.3730 2.4094 2.6477 0.412812 0.824282 0.375289 0.821857
4 5.3417 2.3893 2.6302 0.383074 0.824282 0.348392 0.821857
5 5.3674 2.4105 2.6396 0.361872 0.824282 0.321187 0.821857
6 5.2527 2.3558 2.5848 0.298691 0.849082 0.277206 0.872778
7 5.1966 2.3406 2.5354 0.283913 0.886701 0.260367 0.899920
8 5.3760 2.4260 2.6284 0.271427 0.892616 0.241564 0.900160
9 5.2928 2.3822 2.5911 0.268689 0.896708 0.249991 0.891273
10 5.4143 2.4831 2.6115 0.258556 0.898540 0.240227 0.897118
11 5.3757 2.4189 2.6390 0.254447 0.900044 0.232612 0.901521
12 5.3502 2.3951 2.6395 0.262897 0.901494 0.223851 0.908167
13 5.3925 2.4474 2.6266 0.270933 0.902694 0.222343 0.906966
14 5.4122 2.4845 2.6067 0.270711 0.902952 0.228743 0.906245
15 5.4587 2.4769 2.6618 0.263563 0.903255 0.227787 0.906245
16 5.4596 2.4895 2.6487 0.260805 0.904180 0.224828 0.907526
17 5.3466 2.3890 2.6392 0.258765 0.904945 0.222433 0.908487
18 5.3741 2.3972 2.6622 0.257116 0.905416 0.220454 0.908727
19 5.2659 2.3725 2.5812 0.255771 0.906199 0.218691 0.909207
20 5.4419 2.5368 2.5730 0.254729 0.906884 0.216994 0.909768
21 5.3016 2.3950 2.5830 0.254024 0.907587 0.215211 0.910328
22 5.4188 2.4217 2.6412 0.253673 0.908263 0.213123 0.911609
23 5.4208 2.5276 2.5625 0.253593 0.909215 0.210385 0.912970
24 5.2545 2.3574 2.5795 0.253287 0.909793 0.206436 0.914251
25 5.3796 2.4649 2.5916 0.250386 0.910576 0.200810 0.915132
26 5.4765 2.4747 2.6782 0.239601 0.911696 0.196577 0.916493
27 5.5109 2.5519 2.6394 0.227375 0.912702 0.197236 0.916253
28 5.5932 2.6151 2.6521 0.220483 0.912951 0.198735 0.915853
29 5.4467 2.5112 2.6055 0.216760 0.913315 0.199062 0.914652
30 5.3501 2.4271 2.6082 0.214101 0.914276 0.198768 0.914412
31 5.3566 2.4311 2.6000 0.211909 0.914899 0.198175 0.914652
32 5.2137 2.3515 2.5453 0.209974 0.915521 0.197457 0.915052
33 5.4187 2.4909 2.5988 0.208205 0.916286 0.196717 0.914892
34 5.3166 2.4531 2.5474 0.206565 0.917123 0.195998 0.915532
35 5.2280 2.3463 2.5638 0.205034 0.917487 0.195311 0.916013
36 5.3058 2.4213 2.5651 0.203604 0.918154 0.194657 0.917134
37 5.4467 2.4706 2.6421 0.202270 0.918644 0.194031 0.916813
38 5.3645 2.4595 2.5870 0.201034 0.919213 0.193428 0.917214
39 5.2692 2.3680 2.5917 0.199897 0.919622 0.192843 0.917614
40 5.4319 2.5341 2.5694 0.198868 0.920049 0.192272 0.917294
41 5.3148 2.3850 2.6056 0.197957 0.920512 0.191709 0.917454
42 5.3460 2.4016 2.6279 0.197187 0.921134 0.191147 0.917534
43 5.3910 2.4593 2.6053 0.196590 0.921544 0.190568 0.918014
44 5.3068 2.3978 2.5878 0.196086 0.922077 0.189876 0.918495
45 5.3649 2.4418 2.6094 0.194586 0.922967 0.185846 0.919776
46 5.4014 2.4864 2.5938 0.195278 0.924879 0.186013 0.920817
47 5.3371 2.4134 2.5999 0.201723 0.925813 0.191095 0.918575
48 5.3397 2.3896 2.6345 0.210265 0.926436 0.191505 0.917614
49 5.2117 2.3491 2.5542 0.218469 0.927432 0.189169 0.918655
