epoch time fwd_time bwd_time loss acc val_loss val_acc
0 5.3693 2.4124 2.6386 0.520846 0.740337 0.469492 0.821857
1 5.3094 2.4291 2.5630 0.510015 0.824282 0.468837 0.821857
2 5.2401 2.3528 2.5654 0.506382 0.824282 0.465647 0.821857
3 5.2868 2.3984 2.5676 0.452393 0.824282 0.414314 0.821857
4 5.4701 2.4689 2.6742 0.390801 0.824282 0.352913 0.821857
5 5.3200 2.3826 2.6239 0.384206 0.824282 0.348864 0.821938
6 5.2527 2.3410 2.5875 0.373475 0.823695 0.340429 0.822018
7 5.3015 2.3778 2.5992 0.345337 0.827013 0.311744 0.840432
8 5.3048 2.3502 2.6317 0.316694 0.861216 0.276715 0.882706
9 5.4376 2.4124 2.6730 0.282183 0.884326 0.252460 0.893995
10 5.4883 2.4440 2.7042 0.268795 0.892065 0.237770 0.897598
11 5.4204 2.4628 2.6308 0.258524 0.896299 0.228873 0.902002
12 5.3847 2.4190 2.6450 0.250172 0.900479 0.224963 0.905444
13 5.3693 2.4098 2.6347 0.247384 0.904109 0.206765 0.912650
14 5.3617 2.4297 2.6143 0.231558 0.908058 0.212027 0.907766
15 5.2915 2.3624 2.6013 0.223063 0.910389 0.207434 0.909528
16 5.3351 2.4012 2.6199 0.217295 0.913707 0.204578 0.911609
17 5.5353 2.5595 2.6444 0.208894 0.916046 0.198396 0.914412
18 5.3381 2.3920 2.6300 0.199776 0.918599 0.191028 0.917374
19 5.2758 2.3883 2.5668 0.191939 0.920930 0.184283 0.920176
20 5.4196 2.4467 2.6480 0.185922 0.922575 0.178440 0.924179
21 5.4470 2.4839 2.6394 0.181447 0.924301 0.174002 0.926341
22 5.3271 2.3811 2.6284 0.181547 0.925920 0.175754 0.925781
23 5.5158 2.5217 2.6610 0.176719 0.926970 0.170126 0.928823
24 5.3802 2.4126 2.6441 0.172962 0.928224 0.165966 0.931145
25 5.3570 2.4005 2.6459 0.167446 0.930154 0.161245 0.933707
26 5.4818 2.5485 2.6162 0.161531 0.931666 0.159338 0.934508
27 5.3058 2.3615 2.6219 0.154824 0.932262 0.154114 0.938431
28 5.2546 2.3699 2.5628 0.157796 0.934353 0.184793 0.922178
29 5.4208 2.4588 2.6295 0.156681 0.935509 0.181432 0.922258
30 5.3496 2.3890 2.6396 0.141092 0.938000 0.159242 0.933627
31 5.4127 2.4573 2.6301 0.147481 0.941309 0.163938 0.930184
32 5.3250 2.3641 2.6401 0.148785 0.943470 0.144489 0.940592
33 5.3246 2.4324 2.5728 0.152695 0.945383 0.132801 0.945236
34 5.3707 2.4834 2.5619 0.149947 0.946023 0.128502 0.947318
35 5.4111 2.4281 2.6547 0.147750 0.946762 0.124889 0.949079
36 5.5361 2.5565 2.6566 0.145505 0.947082 0.122397 0.950120
37 5.2235 2.3444 2.5543 0.142929 0.947687 0.120711 0.950681
38 5.4537 2.4513 2.6376 0.140500 0.948096 0.119527 0.950600
39 5.3108 2.3662 2.6230 0.138711 0.948416 0.118669 0.951161
40 5.4184 2.4312 2.6577 0.137774 0.948674 0.118063 0.951241
41 5.4404 2.4401 2.6814 0.137329 0.948772 0.117675 0.951081
42 5.4958 2.5153 2.6566 0.136941 0.948825 0.117454 0.950841
43 5.4074 2.4767 2.6117 0.136448 0.948897 0.117333 0.950841
44 5.3560 2.3938 2.6441 0.135868 0.948825 0.117272 0.950681
45 5.3916 2.4196 2.6576 0.135271 0.948843 0.117248 0.950761
46 5.3926 2.4523 2.5698 0.134703 0.948816 0.117259 0.950600
47 5.3528 2.3935 2.6406 0.134171 0.948977 0.117308 0.950440
48 5.2917 2.3510 2.6116 0.133649 0.949128 0.117398 0.950360
49 5.3146 2.4220 2.5687 0.133111 0.949350 0.117524 0.950120
