epoch time fwd_time bwd_time loss acc val_loss val_acc
0 5.3604 2.4702 2.5692 0.510773 0.824282 0.468986 0.821857
1 5.3448 2.3747 2.6485 0.416696 0.823980 0.383859 0.807446
2 5.2549 2.3571 2.5733 0.384190 0.821285 0.337120 0.823539
3 5.3567 2.3975 2.6351 0.338555 0.843665 0.236145 0.904884
4 5.3619 2.4657 2.5845 0.245505 0.896343 0.231434 0.900400
5 5.2618 2.3570 2.5881 0.237994 0.906671 0.225264 0.902322
6 5.3594 2.3864 2.6571 0.235889 0.908370 0.211631 0.910248
7 5.4354 2.4689 2.6473 0.230096 0.911180 0.210424 0.909287
8 5.3682 2.4122 2.6341 0.225064 0.912630 0.208824 0.910008
9 5.3130 2.3723 2.6239 0.220399 0.913902 0.207712 0.910168
10 5.3368 2.3844 2.6424 0.216323 0.914943 0.206997 0.910328
11 5.4199 2.4664 2.6338 0.213007 0.916135 0.206113 0.910809
12 5.2938 2.3776 2.6072 0.210170 0.917567 0.204096 0.912890
13 5.3704 2.3999 2.6479 0.207070 0.918973 0.200614 0.915132
14 5.3056 2.3654 2.6084 0.203078 0.920289 0.196231 0.917134
15 5.3565 2.4234 2.6105 0.197110 0.921944 0.191114 0.918094
16 5.3032 2.3953 2.5905 0.184031 0.924933 0.186666 0.917374
17 5.3284 2.4017 2.6082 0.202352 0.930385 0.153609 0.938030
18 5.3670 2.4212 2.6303 0.163112 0.935865 0.153826 0.938831
19 5.3612 2.4790 2.5566 0.157604 0.941585 0.141169 0.944275
20 5.3284 2.4366 2.5705 0.149036 0.943684 0.135099 0.947318
21 5.3066 2.3780 2.5667 0.139500 0.945739 0.130713 0.948118
22 5.3525 2.4113 2.6279 0.132211 0.947304 0.125410 0.949800
23 5.2587 2.3427 2.5916 0.125700 0.948683 0.120211 0.951641
24 5.3446 2.4014 2.6173 0.119750 0.949991 0.116691 0.953323
25 5.4643 2.4948 2.6453 0.103922 0.950622 0.109808 0.954844
26 5.3820 2.4367 2.6195 0.094896 0.951618 0.106479 0.955645
27 5.4013 2.4292 2.6560 0.103883 0.954305 0.099799 0.959408
28 5.3554 2.3849 2.6505 0.096420 0.955097 0.101161 0.959408
29 5.3624 2.4155 2.6369 0.098965 0.957730 0.098512 0.960368
30 5.3051 2.3702 2.6194 0.096712 0.956591 0.096590 0.961890
31 5.3447 2.4628 2.5584 0.090203 0.956973 0.097325 0.961009
32 5.4008 2.3886 2.6872 0.087230 0.957311 0.096368 0.960608
33 5.3698 2.4092 2.6358 0.084993 0.958254 0.094363 0.962210
34 5.3377 2.3996 2.6181 0.079989 0.957774 0.095831 0.960849
35 5.3189 2.3754 2.6301 0.089479 0.959188 0.089494 0.965012
36 5.4278 2.4492 2.6503 0.093361 0.961252 0.087213 0.965332
37 5.3152 2.3988 2.6093 0.092327 0.960905 0.088083 0.965653
38 5.3831 2.4455 2.6140 0.088995 0.960380 0.091709 0.963010
39 5.2408 2.3555 2.5632 0.088130 0.962257 0.087323 0.965653
40 5.2935 2.3747 2.5991 0.099195 0.963485 0.084048 0.967334
41 5.3289 2.3870 2.6199 0.078083 0.958334 0.091625 0.963651
42 5.3344 2.4184 2.5498 0.082481 0.963520 0.085048 0.967334
43 5.3180 2.4058 2.5911 0.095273 0.963894 0.083357 0.967814
44 5.3004 2.4212 2.5571 0.099209 0.964036 0.081995 0.968375
45 5.4271 2.4603 2.6555 0.072315 0.961457 0.086083 0.966133
46 5.5532 2.5734 2.6139 0.105155 0.965041 0.081523 0.967254
47 5.3288 2.3659 2.6482 0.085212 0.963423 0.084991 0.966133
48 5.3682 2.4129 2.6401 0.113176 0.964881 0.082297 0.966133
49 5.4176 2.4784 2.6172 0.081744 0.962453 0.083104 0.967174
