epoch time fwd_time bwd_time loss acc val_loss val_acc
0 5.3335 2.4052 2.6152 0.536030 0.708652 0.469285 0.821857
1 5.3826 2.4389 2.6256 0.509721 0.824282 0.468451 0.821857
2 5.2917 2.3852 2.5826 0.502812 0.824282 0.461475 0.821857
3 5.2143 2.3348 2.5566 0.437118 0.824282 0.390311 0.821857
4 5.3642 2.4784 2.5632 0.399574 0.824282 0.366797 0.821857
5 5.4095 2.4302 2.6513 0.380319 0.824282 0.346050 0.821857
6 5.2370 2.3267 2.5919 0.363751 0.824282 0.331473 0.821857
7 5.4061 2.4421 2.6429 0.310013 0.853406 0.262339 0.893114
8 5.3888 2.4355 2.6340 0.288340 0.889787 0.237050 0.903523
9 5.5725 2.5894 2.6522 0.266639 0.895436 0.234987 0.896717
10 5.4331 2.5099 2.6071 0.258314 0.900497 0.228245 0.900400
11 5.2630 2.3551 2.5881 0.252970 0.903584 0.223569 0.903122
12 5.4175 2.4870 2.6164 0.248686 0.906226 0.222154 0.902962
13 5.3994 2.4639 2.6145 0.249718 0.908325 0.219545 0.902562
14 5.3907 2.4410 2.6315 0.244655 0.911074 0.198043 0.916253
15 5.3674 2.4891 2.5598 0.215845 0.915094 0.208353 0.913451
16 5.4221 2.4675 2.6275 0.218836 0.915939 0.218056 0.908247
17 5.3535 2.4201 2.6081 0.211619 0.917825 0.213094 0.910408
18 5.3977 2.4085 2.6232 0.209060 0.920067 0.209928 0.911689
19 5.3515 2.3756 2.6437 0.199585 0.921366 0.200642 0.915132
20 5.2877 2.3463 2.6223 0.201880 0.922940 0.193627 0.918415
21 5.2914 2.4167 2.5563 0.195691 0.923545 0.189323 0.920016
22 5.3197 2.4083 2.5986 0.197268 0.924817 0.181795 0.923459
23 5.3915 2.3853 2.6790 0.202909 0.925840 0.168801 0.929384
24 5.2624 2.3639 2.5818 0.187477 0.926436 0.176531 0.926101
25 5.2808 2.3704 2.5946 0.179579 0.926845 0.174504 0.926821
26 5.3207 2.3947 2.6011 0.177955 0.927592 0.175166 0.926341
27 5.3159 2.3741 2.6293 0.238590 0.927939 0.158908 0.936269
28 5.2757 2.3505 2.6087 0.175909 0.926987 0.177016 0.928183
29 5.3297 2.3890 2.6139 0.167362 0.928678 0.169471 0.928102
30 5.2763 2.3798 2.5771 0.203345 0.930465 0.150950 0.937630
31 5.3403 2.4342 2.5915 0.274726 0.932752 0.188196 0.917934
32 5.3442 2.4484 2.5732 0.234210 0.929140 0.156733 0.933387
33 5.3757 2.4068 2.6440 0.215920 0.934958 0.147674 0.939712
34 5.4449 2.4988 2.6188 0.221604 0.935812 0.135373 0.944035
35 5.3480 2.3763 2.6514 0.166055 0.936728 0.159063 0.933227
36 5.4388 2.5227 2.5924 0.209574 0.939307 0.131462 0.946677
37 5.2256 2.3485 2.5630 0.195441 0.938222 0.143323 0.940753
38 5.4108 2.4424 2.6522 0.205704 0.939476 0.137443 0.943795
39 5.3662 2.4178 2.6251 0.207378 0.940490 0.129886 0.946918
40 5.2769 2.3715 2.5790 0.206152 0.940615 0.137396 0.943715
41 5.2391 2.3512 2.5602 0.175109 0.940179 0.138469 0.943795
42 5.3084 2.4252 2.5623 0.187849 0.941825 0.126843 0.948439
43 5.4367 2.4872 2.5797 0.175870 0.941247 0.141313 0.942354
44 5.2185 2.3568 2.5442 0.200202 0.942003 0.133833 0.945556
45 5.5109 2.6192 2.5618 0.208444 0.941860 0.129323 0.947478
46 5.2871 2.3730 2.5910 0.211022 0.942376 0.126515 0.948599
47 5.3617 2.4438 2.5576 0.192690 0.942501 0.130283 0.948118
48 5.3374 2.4232 2.6012 0.207765 0.943123 0.124826 0.949079
49 5.2779 2.3419 2.6161 0.191173 0.944209 0.124889 0.948199
