epoch time fwd_time bwd_time loss acc val_loss val_acc
0 5.3198 2.3759 2.5758 0.509384 0.824282 0.468934 0.821857
1 5.4048 2.3906 2.6984 0.509419 0.824282 0.467776 0.821857
2 5.2859 2.3755 2.5936 0.385248 0.824282 0.348987 0.821857
3 5.3887 2.4234 2.6500 0.281586 0.859757 0.262497 0.890152
4 5.4124 2.4360 2.6652 0.264598 0.887314 0.244798 0.896077
5 5.3608 2.4111 2.6352 0.261388 0.894715 0.238188 0.898319
6 5.3647 2.3789 2.6641 0.258803 0.896895 0.233719 0.900881
7 5.2054 2.3397 2.5362 0.256505 0.898674 0.228680 0.904884
8 5.3112 2.4401 2.5445 0.252000 0.900257 0.230855 0.903042
9 5.3971 2.4639 2.6070 0.248861 0.901734 0.227004 0.904724
10 5.3880 2.4412 2.6243 0.246256 0.902899 0.227899 0.901922
11 5.3182 2.4013 2.6022 0.244583 0.904046 0.225217 0.903203
12 5.3507 2.4134 2.6197 0.237152 0.905496 0.219695 0.906245
13 5.3420 2.3807 2.6474 0.232642 0.906475 0.223471 0.903923
14 5.3281 2.3587 2.6443 0.232042 0.908040 0.229518 0.900881
15 5.4752 2.5448 2.5890 0.239487 0.909330 0.224350 0.903363
16 5.3040 2.3820 2.6049 0.224139 0.909579 0.225046 0.902002
17 5.3382 2.4061 2.6159 0.236023 0.911563 0.226938 0.901361
18 5.4366 2.4589 2.6453 0.245118 0.913484 0.194124 0.920737
19 5.2990 2.3702 2.6092 0.234679 0.916331 0.198470 0.916733
20 5.4597 2.5042 2.6334 0.212825 0.916945 0.200315 0.915693
21 5.3710 2.4126 2.5947 0.211096 0.920031 0.197802 0.918735
22 5.3960 2.4035 2.6675 0.183929 0.923207 0.174767 0.928423
23 5.3247 2.3727 2.6274 0.172534 0.927334 0.174446 0.929544
24 5.3140 2.3868 2.6005 0.161747 0.929336 0.174848 0.927382
25 5.3265 2.3843 2.6281 0.178644 0.930848 0.180873 0.922818
26 5.3176 2.3647 2.6369 0.158886 0.931257 0.162315 0.932186
27 5.3009 2.3961 2.5819 0.161674 0.933276 0.159784 0.932346
28 5.3101 2.4149 2.5730 0.160314 0.934459 0.155815 0.933947
29 5.3366 2.3925 2.6293 0.159241 0.936452 0.153854 0.935869
30 5.2550 2.3578 2.5740 0.192764 0.924541 0.151070 0.938431
31 5.3388 2.3902 2.6212 0.174761 0.935518 0.144636 0.942034
32 5.3035 2.3534 2.6276 0.165876 0.936763 0.150703 0.938751
33 5.5411 2.6416 2.5658 0.159988 0.937448 0.143510 0.941393
34 5.3157 2.3792 2.6191 0.160738 0.939165 0.146151 0.938991
35 5.3339 2.4102 2.5920 0.162504 0.939663 0.148203 0.937790
36 5.3067 2.3796 2.6161 0.164668 0.940072 0.144752 0.939392
37 5.3474 2.4508 2.5803 0.182691 0.939236 0.141296 0.944115
38 5.3675 2.4616 2.5866 0.166539 0.940713 0.144131 0.939472
39 5.3082 2.3912 2.6020 0.176960 0.941834 0.140067 0.941073
40 5.3546 2.3975 2.6366 0.171363 0.941558 0.143087 0.939552
41 5.2864 2.3743 2.5922 0.161394 0.939263 0.144763 0.941153
42 5.2374 2.3820 2.5379 0.162570 0.942821 0.140874 0.940192
43 5.3756 2.4377 2.6087 0.166768 0.943026 0.138770 0.941873
44 5.3386 2.3708 2.6583 0.169474 0.943426 0.136185 0.942594
45 5.3638 2.4233 2.6181 0.168732 0.943328 0.134903 0.942994
46 5.4048 2.4577 2.6275 0.174817 0.944093 0.128515 0.947238
47 5.3056 2.3963 2.5880 0.167543 0.944013 0.129556 0.946117
48 5.4128 2.4127 2.6923 0.192952 0.944191 0.127516 0.948759
49 5.4689 2.4694 2.6838 0.167311 0.944387 0.127296 0.947558
