epoch time fwd_time bwd_time loss acc val_loss val_acc
0 5.3227 2.3876 2.6116 0.507925 0.776097 0.467024 0.821857
1 5.3776 2.4177 2.6336 0.488220 0.824282 0.446566 0.821857
2 5.3845 2.4512 2.6164 0.372190 0.824282 0.336559 0.821857
3 5.3892 2.4249 2.6532 0.305909 0.840481 0.273041 0.884468
4 5.4419 2.5337 2.5876 0.301962 0.889734 0.274062 0.895917
5 5.4466 2.5043 2.6162 0.276565 0.893915 0.245585 0.898078
6 5.3899 2.4309 2.6310 0.280936 0.896219 0.259311 0.893755
7 5.4016 2.4612 2.6226 0.277890 0.896058 0.249619 0.899039
8 5.3823 2.4963 2.5651 0.273457 0.898104 0.245263 0.898719
9 5.3800 2.4480 2.6096 0.267544 0.899590 0.238356 0.899039
10 5.3882 2.4025 2.6641 0.263649 0.900488 0.228924 0.904003
11 5.4562 2.4767 2.6578 0.257273 0.901511 0.222692 0.906725
12 5.4006 2.4109 2.6759 0.275981 0.896895 0.247156 0.883587
13 5.3620 2.4074 2.6359 0.251812 0.893630 0.227049 0.902242
14 5.3771 2.4236 2.6166 0.243425 0.900186 0.224892 0.903042
15 5.2453 2.3722 2.5497 0.239811 0.902525 0.220432 0.906085
16 5.2106 2.3441 2.5503 0.236366 0.904367 0.217872 0.908167
17 5.3727 2.4612 2.5797 0.233920 0.906083 0.217167 0.907206
18 5.2553 2.3618 2.5802 0.231443 0.907320 0.215869 0.907766
19 5.3042 2.3953 2.5960 0.228746 0.908414 0.213593 0.908887
20 5.3349 2.3779 2.6375 0.226064 0.909562 0.210909 0.910649
21 5.4364 2.4122 2.6965 0.223512 0.910549 0.208431 0.911609
22 5.3863 2.4023 2.6625 0.220960 0.911510 0.205864 0.912970
23 5.2865 2.3775 2.5857 0.219000 0.912470 0.204033 0.913771
24 5.3489 2.3947 2.6474 0.218664 0.913751 0.203407 0.913931
25 5.3968 2.4141 2.6655 0.219493 0.914836 0.203324 0.914171
26 5.1759 2.3144 2.5515 0.221232 0.915628 0.203434 0.914652
27 5.4826 2.4554 2.7021 0.223299 0.916669 0.202619 0.915452
28 5.2978 2.3905 2.5547 0.225645 0.917354 0.200824 0.915933
29 5.4388 2.4590 2.6591 0.227966 0.918226 0.197905 0.918655
30 5.4783 2.4635 2.6772 0.229587 0.919142 0.193643 0.921057
31 5.2256 2.3496 2.5506 0.229779 0.919684 0.188665 0.924339
32 5.3548 2.4696 2.5666 0.226888 0.920618 0.183790 0.925861
33 5.4204 2.4802 2.6134 0.220057 0.921125 0.180924 0.926101
34 5.3970 2.4502 2.6239 0.212120 0.921801 0.180691 0.925220
35 5.4021 2.4853 2.5853 0.205974 0.922389 0.181493 0.923859
36 5.3215 2.4206 2.5766 0.201741 0.922753 0.182165 0.923139
37 5.2437 2.3318 2.5875 0.198638 0.923207 0.182511 0.922658
38 5.3714 2.4503 2.6011 0.195926 0.923696 0.182798 0.922258
39 5.2824 2.3665 2.5898 0.193356 0.924043 0.183336 0.921457
40 5.4385 2.4952 2.6218 0.191108 0.924354 0.184117 0.920737
41 5.4068 2.4897 2.5833 0.188652 0.924844 0.184880 0.919616
42 5.3313 2.3941 2.6149 0.186342 0.925199 0.185824 0.918895
43 5.3759 2.4649 2.5982 0.184471 0.925502 0.186469 0.918014
44 5.4540 2.4868 2.6600 0.182404 0.925902 0.187425 0.917054
45 5.4377 2.4850 2.6232 0.180648 0.926498 0.187899 0.916653
46 5.3796 2.3882 2.6625 0.178580 0.926925 0.188708 0.916413
47 5.3281 2.3855 2.6254 0.175902 0.927370 0.189884 0.916013
48 5.3736 2.3961 2.6627 0.173017 0.927841 0.191097 0.915773
49 5.3291 2.3643 2.6434 0.170309 0.928509 0.192312 0.915532
