epoch time fwd_time bwd_time loss acc val_loss val_acc
0 5.2880 2.3971 2.5749 0.388747 0.824967 0.356685 0.838351
1 5.4213 2.4454 2.6566 0.289600 0.878001 0.245124 0.896397
2 5.3273 2.3980 2.5976 0.282382 0.893959 0.243607 0.894556
3 5.3568 2.4122 2.6202 0.265677 0.897224 0.247148 0.891753
4 5.4443 2.4345 2.6462 0.252347 0.900488 0.245502 0.891273
5 5.3854 2.4444 2.6208 0.247014 0.902961 0.235193 0.894716
6 5.3300 2.3976 2.6154 0.236179 0.905381 0.221292 0.901361
7 5.5808 2.6340 2.6247 0.234186 0.908921 0.212821 0.905524
8 5.4229 2.4521 2.6461 0.248580 0.912221 0.202630 0.910568
9 5.2688 2.3746 2.5745 0.216155 0.914178 0.190901 0.915853
10 5.2964 2.3724 2.5987 0.209396 0.916277 0.195181 0.913050
11 5.2642 2.3867 2.5541 0.205014 0.918234 0.189617 0.915933
12 5.3284 2.4344 2.5812 0.197247 0.920476 0.178140 0.920576
13 5.3384 2.3892 2.6225 0.192839 0.922148 0.175820 0.921777
14 5.3628 2.4169 2.6321 0.218368 0.923945 0.172980 0.922338
15 5.3538 2.4580 2.5786 0.203156 0.926854 0.167624 0.925060
16 5.2737 2.3774 2.5748 0.166844 0.928090 0.174928 0.919856
17 5.1991 2.3224 2.5594 0.196903 0.931693 0.159759 0.929384
18 5.4139 2.4197 2.6678 0.202898 0.931800 0.148263 0.935548
19 5.3183 2.3903 2.6092 0.185162 0.933792 0.144036 0.937550
20 5.3025 2.3709 2.6021 0.168592 0.935598 0.145764 0.935629
21 5.2134 2.3026 2.6011 0.170899 0.937973 0.137596 0.940352
22 5.4064 2.4604 2.6252 0.172797 0.939583 0.129827 0.944996
23 5.3175 2.3719 2.6130 0.164729 0.940971 0.127256 0.945877
24 5.3441 2.4078 2.6213 0.144978 0.942198 0.132600 0.941954
25 5.2899 2.3705 2.6057 0.130302 0.942777 0.146124 0.935869
26 5.2418 2.3146 2.6030 0.147959 0.945374 0.120202 0.948359
27 5.3347 2.4003 2.6095 0.141819 0.947580 0.112502 0.954764
28 5.3949 2.4678 2.6085 0.121915 0.947500 0.111780 0.955004
29 5.3783 2.4173 2.6012 0.212277 0.950729 0.125085 0.949560
30 5.3470 2.4139 2.6013 0.156405 0.947064 0.107513 0.956926
31 5.3257 2.3873 2.6175 0.109872 0.951387 0.114990 0.951401
32 5.2829 2.3682 2.6004 0.101326 0.950177 0.115674 0.951561
33 5.3863 2.4188 2.6416 0.104262 0.951174 0.109563 0.954684
34 5.3525 2.4046 2.6244 0.108989 0.951921 0.103070 0.959568
35 5.3351 2.3828 2.6392 0.097726 0.952250 0.121565 0.948359
36 5.2978 2.3631 2.6025 0.129136 0.955088 0.100048 0.960128
37 5.4461 2.5299 2.5945 0.141859 0.955630 0.116153 0.953643
38 5.4184 2.4128 2.6702 0.120583 0.954936 0.098655 0.961489
39 5.3585 2.3937 2.6533 0.120399 0.955906 0.120253 0.951801
40 5.4541 2.4508 2.6834 0.108470 0.955906 0.103548 0.958527
41 5.4601 2.5129 2.6159 0.129204 0.956493 0.094358 0.963971
42 5.3721 2.4244 2.6273 0.128337 0.956253 0.117831 0.952202
43 5.2838 2.4057 2.5581 0.148553 0.956146 0.099983 0.960528
44 5.3929 2.4317 2.6486 0.137023 0.957196 0.123185 0.949319
45 5.3328 2.4046 2.6037 0.141004 0.956039 0.109332 0.956125
46 5.4058 2.4654 2.6258 0.139117 0.956226 0.107816 0.956845
47 5.2923 2.3759 2.5927 0.125876 0.956573 0.111948 0.955244
48 5.4573 2.5456 2.5831 0.133342 0.956902 0.109002 0.956685
49 5.3657 2.4514 2.6045 0.122128 0.957098 0.109775 0.955965
