epoch time fwd_time bwd_time loss acc val_loss val_acc
0 5.3837 2.4159 2.6483 0.504860 0.824282 0.464581 0.821857
1 5.3125 2.3751 2.6177 0.398992 0.824282 0.361368 0.821857
2 5.3771 2.4968 2.5598 0.362133 0.824291 0.327577 0.823699
3 5.4013 2.4361 2.6350 0.327183 0.838497 0.302303 0.862770
4 5.3177 2.3811 2.6240 0.283576 0.870876 0.291435 0.877902
5 5.3611 2.3961 2.6437 0.257905 0.890454 0.277327 0.890793
6 5.4544 2.5127 2.6207 0.245797 0.900204 0.252581 0.899760
7 5.4057 2.4351 2.6542 0.257099 0.904162 0.221503 0.912570
8 5.3464 2.4025 2.6155 0.257713 0.907382 0.214158 0.914412
9 5.3959 2.4475 2.6265 0.259820 0.909019 0.208020 0.916894
10 5.3553 2.3884 2.6541 0.257946 0.910282 0.204454 0.917534
11 5.2755 2.3548 2.6045 0.255254 0.911385 0.201317 0.918895
12 5.3939 2.4102 2.6268 0.251753 0.912372 0.198300 0.920096
13 5.4446 2.4400 2.6721 0.247098 0.913253 0.195273 0.921057
14 5.4657 2.4278 2.7059 0.238397 0.914641 0.193041 0.921137
15 5.4692 2.5118 2.6342 0.223800 0.915272 0.196544 0.920336
16 5.3689 2.4240 2.6208 0.210685 0.916393 0.204406 0.918094
17 5.3897 2.4088 2.6510 0.206410 0.917318 0.208928 0.917054
18 5.3794 2.4157 2.6419 0.201136 0.919186 0.203574 0.918495
19 5.3420 2.3747 2.6448 0.202336 0.922068 0.191848 0.923219
20 5.4295 2.4411 2.6722 0.183866 0.924657 0.187015 0.924099
21 5.3863 2.3972 2.6647 0.316791 0.927156 0.176751 0.926261
22 5.3655 2.3808 2.6730 0.183594 0.925155 0.160384 0.937630
23 5.3843 2.4810 2.5854 0.236621 0.932618 0.157764 0.937950
24 5.4098 2.4178 2.6788 0.273915 0.933428 0.161412 0.934508
25 5.3720 2.3957 2.6492 0.239911 0.935091 0.154793 0.937150
26 5.4201 2.4541 2.6430 0.171222 0.937938 0.138097 0.945957
27 5.3538 2.3954 2.6407 0.193617 0.940072 0.153752 0.938911
28 5.3056 2.4142 2.5788 0.190793 0.943186 0.127648 0.951962
29 5.3637 2.3858 2.6667 0.204168 0.946237 0.120436 0.954924
30 5.4998 2.5056 2.6582 0.179096 0.948274 0.119868 0.955484
31 5.3039 2.3613 2.6266 0.156148 0.951948 0.117453 0.956205
32 5.3130 2.4173 2.5806 0.132120 0.953211 0.118348 0.956205
33 5.3417 2.3968 2.6359 0.137906 0.954714 0.106906 0.961649
34 5.3726 2.4297 2.6171 0.158791 0.955924 0.101689 0.961489
35 5.3038 2.3935 2.5884 0.161272 0.954892 0.099434 0.961729
36 5.4029 2.4238 2.6548 0.138238 0.958254 0.106129 0.959488
37 5.4631 2.5331 2.6031 0.132219 0.958468 0.114560 0.954764
38 5.3485 2.4647 2.5619 0.136572 0.958584 0.103671 0.961089
39 5.5073 2.5526 2.6318 0.128993 0.956591 0.097321 0.962770
40 5.2800 2.3800 2.5876 0.141559 0.959820 0.099275 0.961729
41 5.3704 2.4100 2.6385 0.142290 0.959918 0.097307 0.962850
42 5.2709 2.3459 2.6135 0.143907 0.960265 0.096918 0.962370
43 5.3371 2.3949 2.6200 0.146223 0.960327 0.096834 0.961649
44 5.3519 2.4665 2.5666 0.149317 0.960380 0.097246 0.961809
45 5.2790 2.3654 2.5461 0.145949 0.960692 0.096846 0.961089
46 5.2624 2.3700 2.5712 0.140866 0.961021 0.096426 0.961409
47 5.3997 2.4137 2.6622 0.138927 0.961261 0.096269 0.961249
48 5.3964 2.3905 2.6801 0.138585 0.961377 0.095636 0.961249
49 5.4648 2.4959 2.6509 0.133544 0.961715 0.095569 0.961329
