epoch time fwd_time bwd_time loss acc val_loss val_acc
0 5.3898 2.4393 2.6285 0.508223 0.824282 0.467648 0.821857
1 5.4183 2.4611 2.6301 0.387163 0.824282 0.353718 0.821857
2 5.3429 2.3745 2.6506 0.373620 0.824416 0.339686 0.824339
3 5.3828 2.4103 2.6507 0.280891 0.860931 0.225214 0.905364
4 5.4458 2.4856 2.6012 0.282099 0.901084 0.215064 0.909768
5 5.2763 2.3577 2.5963 0.262002 0.903824 0.221251 0.906485
6 5.3843 2.4550 2.6052 0.260484 0.906368 0.227742 0.902482
7 5.2896 2.4155 2.5479 0.252290 0.908005 0.227220 0.900961
8 5.3231 2.4255 2.5344 0.254189 0.910095 0.225024 0.902242
9 5.3373 2.3704 2.6507 0.253340 0.911643 0.223080 0.902562
10 5.4422 2.5256 2.5925 0.253591 0.912968 0.219524 0.904404
11 5.3567 2.3969 2.6337 0.255281 0.914863 0.213813 0.908086
12 5.4846 2.6051 2.5628 0.258344 0.916491 0.203916 0.913611
13 5.2917 2.3712 2.5948 0.263469 0.918519 0.187579 0.921938
14 5.4343 2.5169 2.5893 0.278436 0.920859 0.177562 0.926181
15 5.3610 2.3906 2.6612 0.276913 0.922059 0.167529 0.931145
16 5.5323 2.5731 2.6321 0.278749 0.922842 0.164026 0.931705
17 5.2744 2.3622 2.5972 0.271053 0.924515 0.161025 0.933066
18 5.3578 2.4754 2.5738 0.274208 0.926489 0.155339 0.934908
19 5.2244 2.3280 2.5729 0.284225 0.928366 0.157482 0.933867
20 5.4326 2.4604 2.6432 0.261107 0.928793 0.147637 0.938911
21 5.1971 2.3386 2.5441 0.192063 0.932049 0.150358 0.938271
22 5.3678 2.4352 2.6189 0.248759 0.935180 0.143478 0.940753
23 5.4715 2.4778 2.6762 0.265804 0.934824 0.148175 0.938831
24 5.4246 2.4475 2.6543 0.281815 0.934113 0.146136 0.938671
25 5.4325 2.4403 2.6591 0.237393 0.935447 0.138482 0.943155
26 5.4076 2.4546 2.6233 0.284078 0.936488 0.146944 0.939071
27 5.4992 2.5593 2.6151 0.211547 0.936167 0.135107 0.944436
28 5.4219 2.4383 2.6533 0.282012 0.938035 0.146660 0.939311
29 5.3069 2.3730 2.6213 0.239871 0.937021 0.137574 0.943875
30 5.4190 2.4711 2.6185 0.228325 0.938258 0.145557 0.939392
31 5.4982 2.5493 2.6178 0.273476 0.939218 0.180572 0.922738
32 5.4299 2.4761 2.6277 0.259312 0.938044 0.142918 0.940272
33 5.3521 2.3965 2.5929 0.239600 0.938569 0.137799 0.943635
34 5.3856 2.4757 2.5900 0.223391 0.939610 0.134790 0.945236
35 5.3631 2.4075 2.6350 0.267806 0.940339 0.201597 0.913211
36 5.2585 2.3568 2.5836 0.233203 0.939290 0.164698 0.930504
37 5.3511 2.3911 2.6409 0.232283 0.940935 0.163611 0.931145
38 5.3084 2.3901 2.5940 0.220242 0.940917 0.167364 0.929464
39 5.3098 2.3817 2.6001 0.233922 0.941914 0.144789 0.939792
40 5.4657 2.5033 2.6362 0.226205 0.941834 0.208398 0.911049
41 5.5274 2.4830 2.7227 0.217594 0.942812 0.203037 0.913451
42 5.4189 2.4364 2.6570 0.212745 0.942705 0.176562 0.925620
43 5.3089 2.3464 2.6442 0.209529 0.943880 0.219101 0.906085
44 5.3793 2.3872 2.6712 0.201638 0.943631 0.171252 0.926982
45 5.4809 2.5257 2.6309 0.192650 0.943960 0.215591 0.908006
46 5.2741 2.3984 2.5692 0.181594 0.944049 0.208042 0.910568
47 5.3729 2.4111 2.6346 0.183663 0.944387 0.217589 0.907606
48 5.2832 2.3545 2.6035 0.178025 0.944573 0.234221 0.901361
49 5.5297 2.5845 2.6276 0.169096 0.945347 0.228446 0.904884
