epoch time fwd_time bwd_time loss acc val_loss val_acc
0 3.9828 2.2872 1.4092 0.496590 0.824033 0.481971 0.823779
1 3.6584 1.9840 1.4038 0.487199 0.824069 0.466395 0.823779
2 3.7142 2.0313 1.3923 0.485335 0.824069 0.464449 0.823779
3 3.6756 2.0010 1.3932 0.478044 0.824069 0.456587 0.823779
4 3.7483 2.0579 1.4047 0.438327 0.824069 0.405461 0.823779
5 3.7598 2.0854 1.3871 0.392047 0.824069 0.368338 0.823779
6 3.7776 2.0922 1.4043 0.376652 0.824131 0.351471 0.824580
7 3.6554 1.9804 1.4001 0.371484 0.826960 0.336941 0.828823
8 3.6714 2.0075 1.3850 0.367582 0.840294 0.328999 0.848279
9 3.6683 1.9991 1.3861 0.334766 0.867736 0.305380 0.871497
10 3.6536 1.9827 1.3996 0.305100 0.891486 0.271538 0.896237
11 3.7015 2.0325 1.3873 0.288829 0.899857 0.255711 0.897838
12 3.6986 2.0276 1.3933 0.282484 0.903753 0.242570 0.903763
13 3.6968 2.0199 1.3921 0.274136 0.906964 0.233635 0.906085
14 3.6325 1.9807 1.3723 0.266384 0.908343 0.232211 0.902562
15 3.6955 2.0257 1.3882 0.262978 0.909508 0.229953 0.902242
16 3.7007 2.0193 1.4001 0.262612 0.911367 0.224748 0.904884
17 3.6356 1.9585 1.3896 0.261332 0.912942 0.223346 0.905124
18 3.6902 2.0016 1.4019 0.260671 0.913680 0.221456 0.906005
19 3.7419 2.0658 1.3940 0.260296 0.914498 0.219797 0.906485
20 3.7315 2.0533 1.3951 0.260179 0.914845 0.218093 0.907046
21 3.7454 2.0471 1.4119 0.260139 0.915593 0.216129 0.907686
22 3.7251 2.0155 1.4081 0.260369 0.916126 0.214037 0.908567
23 3.7691 2.0924 1.3897 0.261338 0.916696 0.211753 0.909608
24 3.6826 1.9964 1.3988 0.263294 0.917265 0.208868 0.912090
25 3.6840 1.9975 1.4077 0.265430 0.917781 0.205898 0.913851
26 3.6525 1.9844 1.3905 0.265847 0.918243 0.204222 0.914812
27 3.6732 1.9971 1.4011 0.265257 0.918830 0.203094 0.915532
28 3.7226 2.0568 1.3844 0.264476 0.919337 0.202021 0.916573
29 3.6448 1.9689 1.3914 0.263622 0.919845 0.200949 0.916493
30 3.7719 2.0965 1.3964 0.262699 0.920325 0.199855 0.916894
31 3.7102 2.0274 1.3994 0.261709 0.920725 0.198717 0.917054
32 3.6876 2.0210 1.3923 0.260648 0.921152 0.197524 0.917694
33 3.7501 2.0776 1.3973 0.259511 0.921615 0.196282 0.918175
34 3.6316 1.9476 1.3965 0.258287 0.921882 0.195022 0.918495
35 3.7491 2.0825 1.3826 0.256962 0.922246 0.193797 0.918495
36 3.7862 2.1041 1.3928 0.255547 0.922593 0.192646 0.918495
37 3.7421 2.0615 1.4027 0.254084 0.922904 0.191586 0.919055
38 3.7226 2.0502 1.3870 0.252617 0.923100 0.190602 0.919215
39 3.6728 1.9877 1.3949 0.251151 0.923652 0.189659 0.919295
40 3.7042 2.0277 1.3922 0.249661 0.924221 0.188720 0.919456
41 3.7349 2.0692 1.3938 0.248127 0.924746 0.187760 0.919936
42 3.7732 2.1006 1.3917 0.246548 0.925173 0.186762 0.919856
43 3.6485 1.9647 1.3976 0.244915 0.925671 0.185722 0.920176
44 3.6939 2.0238 1.3840 0.243202 0.925991 0.184654 0.920496
45 3.7356 2.0554 1.3954 0.241389 0.926285 0.183578 0.920897
46 3.7658 2.0943 1.3917 0.239476 0.926712 0.182509 0.920897
47 3.7584 2.0791 1.4065 0.237485 0.927201 0.181456 0.921137
48 3.7076 2.0258 1.4030 0.235446 0.927761 0.180419 0.921777
49 3.6993 2.0150 1.3926 0.233380 0.928010 0.179387 0.922178
