epoch time fwd_time bwd_time loss acc val_loss val_acc
0 4.0598 2.3627 1.4089 0.495086 0.817691 0.480716 0.823779
1 3.7340 2.0600 1.3903 0.488400 0.824069 0.466912 0.823779
2 3.7368 2.0505 1.4032 0.487045 0.824069 0.465273 0.823779
3 3.6794 2.0041 1.3992 0.482338 0.824069 0.459095 0.823779
4 3.7382 2.0527 1.4075 0.464977 0.824069 0.451719 0.823779
5 3.7676 2.0857 1.3995 0.438442 0.824069 0.430447 0.823779
6 3.8047 2.1063 1.4080 0.459688 0.824069 0.426752 0.823779
7 3.6689 2.0013 1.3890 0.453877 0.824069 0.427039 0.823779
8 3.6907 2.0122 1.3839 0.483251 0.824069 0.463550 0.823779
9 3.7219 2.0350 1.4067 0.481629 0.824069 0.460722 0.823779
10 3.6418 1.9585 1.4074 0.479274 0.824069 0.458436 0.823779
11 3.6658 1.9908 1.3885 0.476415 0.824069 0.455821 0.823779
12 3.8004 2.1086 1.4054 0.464046 0.824069 0.444339 0.823779
13 3.6945 2.0017 1.4015 0.472532 0.824069 0.452041 0.823779
14 3.6971 2.0108 1.3951 0.469924 0.824069 0.449546 0.823779
15 3.6398 1.9704 1.3941 0.466529 0.824069 0.446262 0.823779
16 3.6427 1.9688 1.4003 0.457928 0.824069 0.437092 0.823779
17 3.6440 1.9698 1.3900 0.406752 0.824069 0.389138 0.823779
18 3.6871 2.0321 1.3865 0.391584 0.824051 0.372675 0.823859
19 3.7468 2.0524 1.4097 0.373451 0.824425 0.354050 0.824820
20 3.6710 1.9921 1.3998 0.363899 0.824754 0.343861 0.825300
21 3.7600 2.0575 1.4153 0.343921 0.831488 0.328089 0.844996
22 3.7169 2.0549 1.3928 0.321916 0.854295 0.308341 0.862930
23 3.7085 2.0370 1.3918 0.311706 0.866010 0.294255 0.869255
24 3.7741 2.0832 1.3962 0.304611 0.871089 0.282942 0.873579
25 3.6708 1.9940 1.3992 0.296944 0.876498 0.269408 0.883267
26 3.8205 2.1282 1.4095 0.282818 0.889013 0.249349 0.893435
27 3.7509 2.0690 1.3986 0.276394 0.893541 0.242743 0.894956
28 3.6459 1.9711 1.3946 0.272295 0.895560 0.237860 0.897278
29 3.6611 1.9838 1.3939 0.268765 0.897304 0.233639 0.899920
30 3.7782 2.1032 1.3866 0.265500 0.898816 0.229947 0.901441
31 3.7539 2.0819 1.3851 0.262404 0.900195 0.226655 0.902162
32 3.7056 2.0344 1.3882 0.259547 0.901413 0.223622 0.903843
33 3.7067 2.0272 1.3973 0.256783 0.902730 0.220651 0.905765
34 3.7339 2.0322 1.4152 0.253719 0.904331 0.217260 0.906886
35 3.7528 2.0731 1.3928 0.251532 0.906697 0.214146 0.908167
36 3.7307 2.0545 1.3924 0.249688 0.908165 0.211795 0.909287
37 3.7128 2.0512 1.3770 0.247706 0.909304 0.209897 0.910809
38 3.7400 2.0516 1.4011 0.245953 0.909917 0.208325 0.911449
39 3.7316 2.0520 1.3958 0.244626 0.911154 0.206577 0.911689
40 3.7353 2.0531 1.3999 0.243344 0.912034 0.204437 0.912570
41 3.7280 2.0470 1.3944 0.241790 0.913102 0.202146 0.913131
42 3.6700 1.9922 1.4066 0.239986 0.914116 0.199857 0.914331
43 3.6526 1.9667 1.4068 0.237957 0.915139 0.197571 0.915853
44 3.6645 1.9885 1.3903 0.235701 0.916082 0.195289 0.916493
45 3.8174 2.0990 1.4363 0.233230 0.917069 0.193007 0.917214
46 3.7028 2.0277 1.3932 0.230544 0.917959 0.190702 0.918094
47 3.6792 1.9991 1.3966 0.227614 0.919115 0.188339 0.919135
48 3.6938 2.0176 1.3924 0.224368 0.920263 0.185870 0.921057
49 3.7760 2.0887 1.3939 0.220642 0.921392 0.183234 0.922258
