epoch time fwd_time bwd_time loss acc val_loss val_acc
0 4.0587 2.3748 1.4061 0.486384 0.794892 0.462239 0.823779
1 3.7815 2.0907 1.4111 0.403573 0.824069 0.377561 0.823779
2 3.7186 2.0260 1.4004 0.366781 0.824069 0.347713 0.823779
3 3.6078 1.9397 1.3804 0.331305 0.825181 0.299685 0.834187
4 3.5978 1.9332 1.3780 0.319507 0.833631 0.283594 0.859007
5 3.8435 2.1750 1.3893 0.302046 0.882858 0.261678 0.891513
6 3.7740 2.0921 1.3999 0.294362 0.895498 0.248215 0.899520
7 3.8034 2.1167 1.4020 0.285669 0.896930 0.236635 0.899440
8 3.6462 1.9852 1.3792 0.275461 0.900052 0.226968 0.903763
9 3.7903 2.1044 1.4019 0.257365 0.904847 0.227231 0.900961
10 3.7428 2.0621 1.4011 0.254922 0.911803 0.215615 0.904724
11 3.6893 2.0151 1.3886 0.267113 0.911536 0.209938 0.910568
12 3.7188 2.0257 1.4045 0.242474 0.916945 0.201882 0.918175
13 3.7067 2.0308 1.3904 0.223202 0.918021 0.191483 0.918255
14 3.6666 2.0042 1.3836 0.220569 0.921125 0.184458 0.921537
15 3.7135 2.0390 1.4023 0.217829 0.920832 0.180959 0.922658
16 3.6768 1.9911 1.4064 0.210645 0.924337 0.185266 0.916173
17 3.7056 2.0216 1.3899 0.201771 0.920921 0.175645 0.922658
18 3.7216 2.0466 1.3985 0.200102 0.926729 0.168668 0.929464
19 3.7885 2.0998 1.4003 0.194640 0.926890 0.170089 0.925540
20 3.7125 2.0394 1.3909 0.190031 0.929238 0.166277 0.928583
21 3.7431 2.0461 1.4077 0.186058 0.930750 0.163549 0.931225
22 3.7909 2.0963 1.4018 0.186256 0.932245 0.156798 0.932986
23 3.6956 2.0408 1.3770 0.183104 0.933614 0.156472 0.934588
24 3.7320 2.0420 1.4099 0.186398 0.934940 0.157284 0.932346
25 3.7430 2.0361 1.4152 0.187611 0.935180 0.154167 0.934668
26 3.6911 2.0354 1.3838 0.171754 0.934717 0.149127 0.937790
27 3.7792 2.0861 1.4053 0.165935 0.936292 0.149530 0.938591
28 3.6983 2.0190 1.4004 0.166192 0.937582 0.143423 0.939792
29 3.7543 2.0709 1.3967 0.168650 0.939352 0.143196 0.940592
30 3.6907 2.0100 1.4010 0.157288 0.939895 0.137353 0.942914
31 3.7238 2.0356 1.4004 0.159199 0.941869 0.139340 0.941713
32 3.7275 2.0465 1.3979 0.196648 0.941113 0.133764 0.945637
33 3.7073 2.0019 1.4192 0.176550 0.942101 0.141228 0.939632
34 3.6331 1.9511 1.3942 0.151321 0.945241 0.126844 0.946357
35 3.7052 2.0228 1.3892 0.146385 0.946610 0.123398 0.948359
36 3.7237 2.0410 1.4033 0.152891 0.945072 0.126815 0.946918
37 3.7302 2.0450 1.3979 0.137478 0.948229 0.119082 0.949720
38 3.7750 2.0727 1.4009 0.140882 0.946699 0.121582 0.949079
39 3.7347 2.0581 1.3888 0.138254 0.949324 0.120432 0.949880
40 3.7857 2.0810 1.4204 0.135329 0.950480 0.114096 0.952122
41 3.7729 2.0741 1.4116 0.134957 0.949893 0.112671 0.952842
42 3.7397 2.0667 1.3906 0.133893 0.950951 0.112099 0.952602
43 3.7761 2.0872 1.4015 0.129484 0.951307 0.111929 0.953163
44 3.7008 2.0182 1.4004 0.125816 0.951387 0.121983 0.950200
45 3.6243 1.9558 1.3834 0.142094 0.950791 0.126504 0.947078
46 3.6570 1.9821 1.3922 0.146862 0.951387 0.111256 0.954363
47 3.6892 2.0076 1.4051 0.126906 0.952739 0.124912 0.946918
48 3.7518 2.0862 1.3918 0.137231 0.952401 0.111654 0.954604
49 3.7774 2.0981 1.3960 0.135434 0.953344 0.129864 0.943635
