epoch time fwd_time bwd_time loss acc val_loss val_acc
0 4.0028 2.3248 1.3881 0.493615 0.824069 0.464947 0.823779
1 3.7414 2.0663 1.3868 0.412368 0.824069 0.391274 0.823779
2 3.7404 2.0513 1.4059 0.379551 0.824069 0.354924 0.823779
3 3.7263 2.0412 1.3970 0.353599 0.824078 0.322487 0.824740
4 3.6578 1.9664 1.3917 0.336071 0.851111 0.305163 0.847238
5 3.6999 2.0159 1.4010 0.285782 0.883320 0.265163 0.894315
6 3.7433 2.0658 1.3744 0.280695 0.898140 0.254737 0.889432
7 3.6694 1.9797 1.3895 0.280525 0.901582 0.237815 0.898239
8 3.7369 2.0718 1.3833 0.270458 0.903966 0.229451 0.901681
9 3.6809 1.9889 1.3959 0.263564 0.905959 0.227536 0.902242
10 3.6882 2.0098 1.3883 0.257257 0.907400 0.224445 0.904484
11 3.6660 1.9813 1.3895 0.251701 0.908628 0.219632 0.906085
12 3.6469 1.9656 1.3890 0.246415 0.910158 0.215249 0.908167
13 3.7549 2.0725 1.3897 0.242514 0.911661 0.208839 0.910168
14 3.7919 2.1187 1.3828 0.244225 0.913502 0.201683 0.912570
15 3.6692 1.9815 1.4020 0.237695 0.915263 0.194649 0.917054
16 3.6402 1.9693 1.3786 0.227672 0.917372 0.187646 0.919776
17 3.6965 2.0076 1.4074 0.217090 0.920254 0.182039 0.922418
18 3.7209 2.0289 1.3883 0.205049 0.923741 0.174115 0.924820
19 3.6726 1.9957 1.3865 0.196520 0.925671 0.168174 0.927062
20 3.6860 2.0097 1.3866 0.199756 0.928055 0.171875 0.927782
21 3.7901 2.0931 1.4045 0.173653 0.930101 0.156239 0.934668
22 3.7014 2.0178 1.3921 0.164435 0.933952 0.152376 0.935148
23 3.6270 1.9378 1.4056 0.170194 0.936923 0.143768 0.938591
24 3.6563 1.9748 1.3885 0.211410 0.933321 0.188846 0.927222
25 3.6995 2.0189 1.3870 0.139984 0.938400 0.130377 0.945396
26 3.6657 1.9825 1.3932 0.127692 0.947544 0.129711 0.944916
27 3.6613 1.9960 1.3825 0.127196 0.946388 0.116643 0.951641
28 3.7831 2.0688 1.4123 0.121881 0.951627 0.113170 0.954844
29 3.6498 1.9683 1.3926 0.103708 0.951103 0.118361 0.952282
30 3.7874 2.1131 1.3894 0.105714 0.952570 0.105225 0.959488
31 3.6849 1.9875 1.4005 0.103004 0.953842 0.106025 0.959728
32 3.6856 2.0167 1.3836 0.109503 0.953896 0.103782 0.959488
33 3.6764 2.0088 1.3793 0.097622 0.955826 0.102321 0.959488
34 3.6701 1.9879 1.3920 0.098542 0.956591 0.107547 0.957406
35 3.7355 2.0531 1.3925 0.092792 0.957907 0.103345 0.959167
36 3.7327 2.0671 1.3738 0.089876 0.958779 0.109857 0.955645
37 3.7433 2.0815 1.3788 0.089194 0.959144 0.105575 0.957646
38 3.7329 2.0574 1.3937 0.094731 0.959758 0.095051 0.961970
39 3.7058 2.0371 1.3758 0.093237 0.960514 0.093410 0.962370
40 3.8408 2.1397 1.4138 0.084082 0.959971 0.105615 0.957326
41 3.6490 1.9617 1.3992 0.088790 0.961199 0.092027 0.963090
42 3.6731 1.9892 1.3903 0.083434 0.960176 0.104232 0.958207
43 3.6401 1.9597 1.3969 0.087040 0.962035 0.090986 0.962850
44 3.6627 1.9888 1.3920 0.082304 0.960558 0.098780 0.960929
45 3.7300 2.0557 1.3822 0.088552 0.962346 0.090431 0.963731
46 3.6654 1.9925 1.3927 0.079356 0.961403 0.097049 0.961890
47 3.7279 2.0462 1.3909 0.087566 0.962266 0.089853 0.963491
48 3.7512 2.0639 1.3960 0.082275 0.961688 0.091761 0.963971
49 3.6513 1.9782 1.3854 0.083286 0.961955 0.090079 0.964852
