epoch time fwd_time bwd_time loss acc val_loss val_acc
0 4.0363 2.3309 1.4158 0.477075 0.824069 0.451748 0.823779
1 3.6832 1.9990 1.3929 0.362291 0.824069 0.331537 0.823779
2 3.8058 2.1086 1.4035 0.279545 0.857684 0.244812 0.902242
3 3.7302 2.0490 1.3902 0.262805 0.892536 0.222051 0.907366
4 3.7691 2.0776 1.4094 0.256801 0.905932 0.225788 0.900000
5 3.7914 2.1148 1.3868 0.241580 0.908405 0.204378 0.912810
6 3.9028 2.2272 1.3765 0.239968 0.912123 0.206430 0.909608
7 3.6656 1.9842 1.3918 0.234335 0.910442 0.204584 0.912010
8 3.6623 1.9695 1.4023 0.231080 0.913013 0.204436 0.911209
9 3.8020 2.1068 1.3933 0.227163 0.914570 0.195619 0.915693
10 3.7580 2.0698 1.3993 0.223251 0.915824 0.192425 0.916733
11 3.6726 1.9963 1.3899 0.219499 0.916793 0.190786 0.917374
12 3.6336 1.9473 1.3895 0.216016 0.917985 0.189019 0.918255
13 3.7275 2.0258 1.4149 0.212737 0.918946 0.186540 0.919215
14 3.6779 1.9958 1.3897 0.209789 0.919880 0.184736 0.919376
15 3.7849 2.0947 1.3954 0.207159 0.920876 0.182286 0.920657
16 3.7031 2.0043 1.4039 0.204260 0.922104 0.175102 0.923379
17 3.7113 2.0125 1.4016 0.197508 0.924016 0.165203 0.928823
18 3.7226 2.0388 1.3974 0.195059 0.929389 0.161778 0.928983
19 3.7728 2.1055 1.3772 0.193768 0.929870 0.157888 0.931465
20 3.6917 1.9883 1.4150 0.190503 0.930697 0.154944 0.931946
21 3.6638 1.9674 1.4022 0.220076 0.929852 0.155486 0.932026
22 3.6329 1.9723 1.3763 0.168583 0.932672 0.143605 0.938751
23 3.7371 2.0525 1.4004 0.159675 0.936710 0.138225 0.940673
24 3.7197 2.0135 1.4137 0.157084 0.938872 0.136544 0.943074
25 3.7598 2.0744 1.3832 0.156013 0.941282 0.132874 0.944836
26 3.6600 1.9816 1.3912 0.155411 0.942083 0.132670 0.946437
27 3.8064 2.0928 1.4255 0.142807 0.944929 0.126123 0.946757
28 3.8016 2.0935 1.4036 0.140787 0.941585 0.142694 0.941553
29 3.7148 2.0392 1.3895 0.130213 0.946797 0.120382 0.951401
30 3.7410 2.0516 1.3945 0.129628 0.949759 0.117428 0.951561
31 3.6556 1.9927 1.3796 0.121545 0.950702 0.116932 0.951561
32 3.8293 2.1286 1.4042 0.127507 0.949964 0.116519 0.954844
33 3.7694 2.0923 1.3818 0.120423 0.952517 0.126684 0.943955
34 3.6982 2.0207 1.3898 0.120560 0.951610 0.118508 0.949560
35 3.8340 2.1486 1.3939 0.113725 0.953460 0.116993 0.950040
36 3.7367 2.0552 1.3890 0.118549 0.954225 0.106752 0.956845
37 3.7699 2.0865 1.3919 0.104860 0.955693 0.113611 0.951882
38 3.6742 1.9936 1.3955 0.097142 0.956840 0.103106 0.958367
39 3.7828 2.0658 1.4065 0.095525 0.957899 0.098033 0.959968
40 3.7220 2.0371 1.3941 0.099139 0.951948 0.097370 0.961569
41 3.7644 2.0687 1.3972 0.095100 0.957543 0.096521 0.960288
42 3.7285 2.0353 1.3956 0.090492 0.959980 0.095324 0.960849
43 3.8631 2.1703 1.4005 0.088571 0.959366 0.092910 0.962610
44 3.7870 2.0828 1.4108 0.087179 0.959464 0.094967 0.961009
45 3.7143 2.0071 1.4112 0.089203 0.960692 0.091862 0.962770
46 3.7377 2.0460 1.3974 0.109372 0.945783 0.101881 0.959408
47 3.7442 2.0575 1.3900 0.091516 0.959864 0.093552 0.961329
48 3.7440 2.0459 1.4018 0.083951 0.960985 0.095571 0.960208
49 3.7439 2.0403 1.4133 0.083537 0.962391 0.087734 0.964852
