epoch time fwd_time bwd_time loss acc val_loss val_acc
0 4.0480 2.3043 1.4228 0.484194 0.823722 0.460349 0.823779
1 3.8152 2.1183 1.3803 0.340781 0.827316 0.319613 0.840272
2 3.7597 2.0637 1.3861 0.279898 0.867763 0.243166 0.898719
3 3.6491 1.9582 1.3833 0.269350 0.894635 0.233283 0.897758
4 3.8266 2.1372 1.3823 0.258951 0.901325 0.218042 0.905845
5 3.8040 2.1073 1.3832 0.246138 0.905087 0.209264 0.908727
6 3.7198 2.0297 1.3850 0.254923 0.909188 0.206340 0.909207
7 3.6673 1.9873 1.3672 0.226480 0.912275 0.190803 0.917454
8 3.7533 2.0713 1.3740 0.216578 0.913146 0.216837 0.902882
9 3.6990 1.9866 1.3947 0.233771 0.916696 0.194929 0.914652
10 3.6951 1.9983 1.3908 0.231965 0.918439 0.186381 0.920016
11 3.6474 1.9530 1.3804 0.215001 0.922353 0.169448 0.930504
12 3.7466 2.0326 1.3886 0.208385 0.924381 0.166202 0.930665
13 3.6450 1.9618 1.3788 0.201896 0.927610 0.173204 0.929544
14 3.7015 2.0010 1.3908 0.188244 0.925537 0.170801 0.925941
15 3.7717 2.0728 1.3899 0.177465 0.930777 0.157705 0.934107
16 3.7572 2.0657 1.3797 0.266117 0.926196 0.170464 0.927942
17 3.6613 1.9550 1.3970 0.201709 0.928295 0.171305 0.927062
18 3.7403 2.0282 1.3978 0.186591 0.929318 0.275402 0.864852
19 3.6704 1.9786 1.3848 0.200648 0.928927 0.196326 0.912490
20 3.7749 2.0968 1.3696 0.181560 0.937021 0.137815 0.943074
21 3.7890 2.0991 1.3720 0.176736 0.935883 0.249510 0.901841
22 3.6721 1.9735 1.3908 0.171546 0.931008 0.175598 0.921137
23 3.7092 2.0109 1.3800 0.169610 0.932387 0.142642 0.939872
24 3.8605 2.1436 1.3966 0.138999 0.941291 0.120853 0.950200
25 3.7090 2.0195 1.3813 0.156787 0.942189 0.210298 0.895997
26 3.8051 2.1043 1.3911 0.165819 0.942741 0.151011 0.933307
27 3.8354 2.0860 1.4401 0.144100 0.938818 0.132164 0.944676
28 3.8334 2.1331 1.3902 0.200587 0.939948 0.139291 0.942194
29 3.6808 1.9804 1.3873 0.136965 0.942652 0.148668 0.935548
30 3.7022 2.0006 1.3915 0.167206 0.936959 0.133610 0.942434
31 3.7450 2.0342 1.4025 0.130256 0.939868 0.126988 0.946197
32 3.6632 1.9623 1.3891 0.137258 0.942946 0.134604 0.942514
33 3.6959 1.9855 1.3993 0.130478 0.940953 0.143037 0.939792
34 3.8332 2.1224 1.3935 0.204804 0.941843 0.160261 0.932266
35 3.7245 2.0267 1.3935 0.140792 0.946699 0.131993 0.941873
36 3.7937 2.0769 1.3981 0.155432 0.944413 0.134044 0.940833
37 3.7039 1.9927 1.4037 0.133324 0.947696 0.136783 0.941633
38 3.7802 2.1065 1.3691 0.163794 0.941211 0.126642 0.947318
39 3.7954 2.0938 1.3916 0.137740 0.944618 0.143771 0.940112
40 3.7729 2.0805 1.3835 0.127693 0.946771 0.131153 0.943795
41 3.6584 1.9688 1.3876 0.123406 0.945249 0.132545 0.942594
42 3.6668 1.9729 1.3814 0.117906 0.946691 0.126198 0.946037
43 3.7216 1.9994 1.4096 0.135019 0.945312 0.134084 0.943155
44 3.7387 2.0321 1.3903 0.120618 0.945908 0.127946 0.946117
45 3.6955 1.9941 1.3936 0.213733 0.945472 0.128229 0.946357
46 3.7065 1.9815 1.4147 0.129504 0.948043 0.130166 0.944035
47 3.8136 2.0947 1.4037 0.135628 0.948861 0.132763 0.943475
48 3.6943 1.9918 1.3851 0.174755 0.943942 0.123183 0.947638
49 3.7962 2.0870 1.3946 0.120960 0.949937 0.131096 0.943315
