epoch time fwd_time bwd_time loss acc val_loss val_acc
0 4.0201 2.2883 1.4167 0.448946 0.808200 0.428130 0.823779
1 3.6360 1.9480 1.3900 0.356276 0.824345 0.334727 0.826341
2 3.7511 2.0521 1.3862 0.310068 0.843532 0.317376 0.868615
3 3.6751 1.9896 1.3850 0.289877 0.882173 0.241467 0.899840
4 3.7831 2.0567 1.3849 0.276429 0.894030 0.230690 0.904323
5 3.7322 2.0265 1.3951 0.264795 0.901707 0.228201 0.904644
6 3.7021 2.0000 1.3951 0.252498 0.903539 0.216059 0.911209
7 3.8317 2.1038 1.4056 0.245270 0.905488 0.215955 0.909688
8 3.7503 2.0133 1.4236 0.238223 0.906857 0.207234 0.914091
9 3.7429 2.0320 1.3957 0.234086 0.908601 0.203504 0.915372
10 3.7426 2.0252 1.4138 0.232726 0.911910 0.230651 0.900641
11 3.6876 1.9835 1.3930 0.228894 0.914329 0.196996 0.916173
12 3.7083 1.9729 1.3846 0.230161 0.916678 0.189876 0.920176
13 3.7578 2.0361 1.4136 0.232251 0.917879 0.187740 0.919215
14 3.6716 1.9704 1.3878 0.225824 0.918599 0.191288 0.915773
15 3.8044 2.0818 1.4097 0.228467 0.920289 0.176432 0.925861
16 3.7447 2.0186 1.3732 0.226237 0.921508 0.181404 0.920977
17 3.8392 2.1104 1.3818 0.221934 0.919320 0.171764 0.925941
18 3.7445 2.0271 1.3664 0.195009 0.927503 0.191140 0.916093
19 3.7463 2.0319 1.3998 0.195203 0.925457 0.175060 0.923299
20 3.7460 2.0456 1.3954 0.230131 0.928446 0.178137 0.923699
21 3.8234 2.1148 1.4011 0.217647 0.927103 0.170979 0.927142
22 3.6888 1.9791 1.4051 0.199075 0.929745 0.189201 0.916253
23 3.7458 2.0399 1.3871 0.201467 0.929193 0.163517 0.930344
24 3.7632 2.0224 1.3878 0.209922 0.937457 0.146633 0.938511
25 3.6896 1.9556 1.3875 0.179029 0.935723 0.139510 0.941073
26 3.8077 2.0951 1.4004 0.159915 0.939814 0.135332 0.942914
27 3.7694 2.0470 1.4080 0.166389 0.942430 0.161653 0.930424
28 3.7777 2.0547 1.3791 0.144583 0.944129 0.159092 0.932506
29 3.8142 2.0896 1.3724 0.130392 0.947375 0.115308 0.952842
30 3.7387 2.0083 1.3778 0.122429 0.950551 0.110577 0.953963
31 3.7185 2.0138 1.3619 0.112489 0.951031 0.108624 0.953563
32 3.7115 1.9991 1.3882 0.120431 0.953736 0.123868 0.947878
33 3.7142 2.0126 1.3986 0.138400 0.951823 0.108464 0.956285
34 3.7579 2.0268 1.4215 0.113431 0.954945 0.160693 0.934588
35 3.7123 2.0135 1.3869 0.102574 0.955959 0.107183 0.954524
36 3.8879 2.1186 1.4034 0.117483 0.956466 0.129178 0.946517
37 3.7862 2.0463 1.3849 0.092345 0.958957 0.094883 0.959247
38 3.7405 1.9986 1.3907 0.085597 0.959304 0.110085 0.952282
39 3.7377 2.0524 1.3769 0.097483 0.959882 0.089864 0.962290
40 3.6810 1.9747 1.3636 0.122448 0.958459 0.090631 0.963731
41 3.7500 2.0175 1.3856 0.088494 0.961092 0.091170 0.960929
42 3.7968 2.0547 1.3768 0.082325 0.960816 0.102585 0.955805
43 3.7904 2.0436 1.3976 0.082116 0.962124 0.083449 0.965893
44 3.8440 2.1182 1.3801 0.074167 0.962311 0.084276 0.965813
45 3.7178 2.0212 1.3894 0.083726 0.962560 0.101275 0.957166
46 3.8005 2.0992 1.3872 0.071013 0.963787 0.083641 0.966373
47 3.8128 2.1008 1.4057 0.070053 0.963965 0.082692 0.966613
48 3.7062 1.9670 1.3880 0.070025 0.963921 0.084315 0.964371
49 3.7497 2.0162 1.3799 0.082455 0.964001 0.082492 0.966533
