epoch time fwd_time bwd_time loss acc val_loss val_acc
0 3.9748 2.2136 1.4062 0.498879 0.802195 0.466297 0.823779
1 3.7877 2.0266 1.4064 0.488877 0.824069 0.466242 0.823779
2 3.7622 1.9934 1.4097 0.392171 0.824069 0.360314 0.823779
3 3.7332 2.0181 1.3776 0.344277 0.827636 0.315645 0.835789
4 3.6994 1.9741 1.3804 0.330324 0.854980 0.280871 0.874299
5 3.8230 2.0839 1.3838 0.288061 0.887163 0.246165 0.896157
6 3.7035 1.9862 1.3761 0.277743 0.898442 0.237985 0.903843
7 3.7892 2.0518 1.3805 0.269267 0.901253 0.232246 0.904323
8 3.7420 2.0290 1.3694 0.262417 0.905479 0.222509 0.910248
9 3.7143 2.0116 1.3875 0.256494 0.905728 0.224282 0.905925
10 3.7216 2.0399 1.3774 0.251897 0.907195 0.225764 0.904964
11 3.6854 1.9960 1.3739 0.246160 0.909143 0.208254 0.911209
12 3.7389 2.0292 1.4000 0.238466 0.910923 0.201235 0.913771
13 3.7774 2.0388 1.4236 0.233516 0.913040 0.196060 0.916813
14 3.7068 1.9938 1.3971 0.227368 0.915619 0.191512 0.918655
15 3.7998 2.0823 1.4014 0.223413 0.918234 0.186503 0.920657
16 3.7107 2.0153 1.3819 0.218277 0.919898 0.182610 0.921457
17 3.6671 1.9680 1.3892 0.214222 0.921997 0.177378 0.924099
18 3.6880 1.9941 1.3816 0.212514 0.923954 0.171058 0.927542
19 3.7131 2.0148 1.3894 0.210221 0.925778 0.165103 0.930344
20 3.7463 2.0499 1.3887 0.199915 0.927975 0.160288 0.931946
21 3.7409 2.0273 1.3998 0.192520 0.933081 0.199201 0.911769
22 3.6449 1.9569 1.3899 0.186310 0.930172 0.157008 0.935869
23 3.7859 2.0759 1.3965 0.183002 0.936906 0.155166 0.936189
24 3.7882 2.0787 1.3880 0.204744 0.938329 0.142144 0.941473
25 3.7700 2.0715 1.3907 0.186034 0.937955 0.164187 0.930504
26 3.8005 2.0981 1.3865 0.187152 0.935945 0.138089 0.942434
27 3.8302 2.1403 1.3780 0.185784 0.939236 0.162669 0.930905
28 3.7184 2.0203 1.3868 0.184451 0.938694 0.160000 0.932426
29 3.7330 2.0468 1.3804 0.192437 0.938943 0.132308 0.944436
30 3.6880 1.9913 1.3880 0.166167 0.939921 0.129152 0.946117
31 3.7800 2.0872 1.3800 0.167360 0.940695 0.128605 0.945316
32 3.6567 1.9561 1.3843 0.182845 0.941896 0.127703 0.948279
33 3.7275 2.0339 1.3826 0.165901 0.941460 0.127191 0.945957
34 3.7266 2.0385 1.3793 0.152523 0.942403 0.131557 0.947558
35 3.7806 2.0921 1.3758 0.153500 0.942599 0.127868 0.949079
36 3.8052 2.0798 1.4204 0.151075 0.943408 0.128649 0.949079
37 3.7232 2.0044 1.4068 0.152678 0.943568 0.125283 0.949480
38 3.7959 2.0724 1.4083 0.154652 0.943791 0.123504 0.946517
39 3.8317 2.1223 1.3920 0.171056 0.943159 0.123710 0.946517
40 3.7970 2.0903 1.3874 0.165128 0.943791 0.122679 0.947878
41 3.7208 2.0224 1.3927 0.173933 0.939619 0.128571 0.947318
42 3.7065 2.0100 1.3819 0.168069 0.944956 0.122475 0.948359
43 3.7613 2.0494 1.4052 0.164292 0.944387 0.122029 0.948439
44 3.6582 1.9555 1.3835 0.163944 0.943915 0.122020 0.948199
45 3.7677 2.0627 1.3908 0.170070 0.945374 0.121346 0.948599
46 3.7327 2.0382 1.3828 0.167619 0.942572 0.121932 0.947958
47 3.7257 2.0297 1.3778 0.173154 0.946192 0.123081 0.946517
48 3.8227 2.1167 1.3972 0.173828 0.945872 0.122988 0.946597
49 3.7146 2.0280 1.3790 0.172770 0.945917 0.124063 0.946677
