epoch time fwd_time bwd_time loss acc val_loss val_acc
0 5.5613 2.5609 2.6462 0.488435 0.546980 0.491609 0.821697
1 5.5097 2.4914 2.6717 0.462971 0.824300 0.469191 0.821697
2 5.5082 2.5117 2.6521 0.462751 0.824300 0.469139 0.821697
3 5.4811 2.5224 2.6016 0.462706 0.824300 0.469101 0.821697
4 5.4604 2.4929 2.6095 0.462673 0.824300 0.469069 0.821697
5 5.4162 2.4538 2.6102 0.462647 0.824300 0.469044 0.821697
6 5.4745 2.5263 2.5939 0.462627 0.824300 0.469023 0.821697
7 5.6493 2.5921 2.7066 0.462611 0.824300 0.469006 0.821697
8 5.5632 2.5160 2.6976 0.462598 0.824300 0.468992 0.821697
9 5.4489 2.4634 2.6414 0.462587 0.824300 0.468978 0.821697
10 5.4690 2.4988 2.6176 0.462574 0.824300 0.468963 0.821697
11 5.4971 2.5112 2.6382 0.462554 0.824300 0.468940 0.821697
12 5.8953 2.6812 2.8563 0.462447 0.824300 0.468832 0.821697
13 5.4899 2.4970 2.6381 0.457456 0.824300 0.464020 0.821697
14 5.4877 2.5000 2.6404 0.445544 0.824300 0.452033 0.821697
15 5.5067 2.5275 2.6271 0.413985 0.824300 0.419920 0.821697
16 5.5373 2.5041 2.6782 0.374698 0.824300 0.376708 0.821697
17 5.5633 2.5800 2.6287 0.362645 0.824300 0.360369 0.821697
18 5.5386 2.5449 2.6426 0.360074 0.824300 0.355954 0.821697
19 5.5767 2.5733 2.6597 0.357643 0.824300 0.353394 0.821697
20 5.5078 2.4943 2.6649 0.355388 0.824300 0.351280 0.821697
21 5.5640 2.5166 2.6933 0.353275 0.824300 0.349393 0.821697
22 5.5606 2.5333 2.6741 0.351271 0.824300 0.347646 0.821697
23 5.5101 2.5309 2.6295 0.349354 0.824300 0.345972 0.821697
24 5.4077 2.4807 2.5743 0.347498 0.824300 0.344322 0.821697
25 5.6388 2.6857 2.6005 0.345667 0.824300 0.342657 0.821697
26 5.7633 2.7628 2.6438 0.343818 0.824300 0.340941 0.821697
27 5.5741 2.5613 2.6564 0.341898 0.824300 0.339135 0.821697
28 5.6399 2.5796 2.6696 0.339839 0.824300 0.337171 0.821697
29 5.5716 2.5293 2.6803 0.337195 0.824300 0.334199 0.821697
30 5.5758 2.5685 2.6630 0.327585 0.824300 0.325929 0.821697
31 5.4451 2.4661 2.6319 0.314629 0.824932 0.314914 0.825540
32 5.5662 2.6075 2.6171 0.293397 0.831541 0.297319 0.840032
33 5.5334 2.5929 2.5792 0.253119 0.859988 0.266626 0.877342
34 5.3805 2.4322 2.5931 0.220269 0.895543 0.234140 0.910008
35 5.6612 2.6286 2.6892 0.209294 0.907836 0.222513 0.910729
36 5.4813 2.4931 2.5932 0.202981 0.909775 0.216378 0.912410
37 5.5547 2.5274 2.6773 0.198387 0.911616 0.212280 0.912890
38 5.5011 2.4837 2.6665 0.194161 0.912159 0.209984 0.912570
39 5.5331 2.4970 2.6852 0.189172 0.912933 0.206855 0.914011
40 5.4968 2.5115 2.6299 0.186854 0.913947 0.201968 0.918415
41 5.5681 2.5345 2.6844 0.184478 0.915112 0.199378 0.919456
42 5.5130 2.5011 2.6547 0.181924 0.915859 0.197297 0.920256
43 5.4658 2.4477 2.6681 0.179495 0.916295 0.195452 0.921057
44 5.5344 2.5398 2.6396 0.177298 0.916820 0.193777 0.921938
45 5.5216 2.5696 2.5912 0.175324 0.917336 0.192246 0.922498
46 5.5184 2.5504 2.6080 0.173539 0.917976 0.190837 0.922658
47 5.5435 2.5632 2.6203 0.171912 0.918395 0.189535 0.923139
48 5.5661 2.5395 2.6794 0.170416 0.918875 0.188324 0.923299
49 5.4705 2.4705 2.6426 0.169032 0.919355 0.187192 0.923219
