epoch time fwd_time bwd_time loss acc val_loss val_acc
0 5.4897 2.4852 2.6523 0.696383 0.179952 0.695958 0.421457
1 5.6260 2.6099 2.6703 0.592437 0.801395 0.593596 0.821697
2 5.5771 2.5894 2.6278 0.527150 0.824300 0.529796 0.821697
3 5.6095 2.5995 2.6558 0.493115 0.824300 0.496901 0.821697
4 5.3773 2.4249 2.6125 0.476511 0.824300 0.481135 0.821697
5 5.5273 2.5482 2.6288 0.468730 0.824300 0.473950 0.821697
6 5.5245 2.5372 2.6390 0.465231 0.824300 0.470862 0.821697
7 5.5667 2.5930 2.6053 0.463726 0.824300 0.469635 0.821697
8 5.5272 2.5389 2.6078 0.463108 0.824300 0.469197 0.821697
9 5.5848 2.5455 2.6833 0.462863 0.824300 0.469064 0.821697
10 5.4394 2.4533 2.6404 0.462765 0.824300 0.469034 0.821697
11 5.5620 2.5192 2.6892 0.462723 0.824300 0.469031 0.821697
12 5.5684 2.5726 2.6453 0.462702 0.824300 0.469031 0.821697
13 5.4416 2.4953 2.6012 0.462688 0.824300 0.469028 0.821697
14 5.4449 2.4597 2.6264 0.462678 0.824300 0.469023 0.821697
15 5.6683 2.6990 2.6048 0.462668 0.824300 0.469016 0.821697
16 5.4031 2.4642 2.5865 0.462660 0.824300 0.469008 0.821697
17 5.4683 2.4442 2.6760 0.462651 0.824300 0.469000 0.821697
18 5.5529 2.5047 2.6930 0.462643 0.824300 0.468990 0.821697
19 5.5508 2.6024 2.6016 0.462634 0.824300 0.468980 0.821697
20 5.5084 2.5233 2.6108 0.462625 0.824300 0.468967 0.821697
21 5.5127 2.5178 2.6548 0.462615 0.824300 0.468951 0.821697
22 5.4958 2.5283 2.6206 0.462602 0.824300 0.468927 0.821697
23 5.6056 2.5835 2.6776 0.462583 0.824300 0.468887 0.821697
24 5.6571 2.6458 2.6660 0.462552 0.824300 0.468807 0.821697
25 5.4596 2.4953 2.6225 0.462487 0.824300 0.468599 0.821697
26 5.5732 2.5329 2.6809 0.461590 0.824300 0.467499 0.821697
27 5.4856 2.5291 2.6037 0.460274 0.824300 0.466557 0.821697
28 5.5045 2.5285 2.6356 0.459480 0.824300 0.465889 0.821697
29 5.5512 2.5550 2.6508 0.458575 0.824300 0.465034 0.821697
30 5.5266 2.4996 2.6749 0.457371 0.824300 0.463851 0.821697
31 5.6135 2.5928 2.6673 0.455399 0.824300 0.461879 0.821697
32 5.5671 2.5898 2.6134 0.451220 0.824300 0.457986 0.821697
33 5.5673 2.5206 2.6687 0.419951 0.824300 0.416524 0.821697
34 5.6240 2.5904 2.6755 0.386230 0.824300 0.390114 0.821697
35 5.5620 2.5131 2.6999 0.378140 0.824300 0.381826 0.821697
36 5.5333 2.4927 2.6951 0.375702 0.824300 0.375677 0.821697
37 5.5191 2.5024 2.6360 0.372149 0.824300 0.371435 0.821697
38 5.6243 2.6367 2.6400 0.369196 0.824327 0.368385 0.821697
39 5.5415 2.4975 2.6902 0.367072 0.824434 0.365833 0.821857
40 5.4886 2.4876 2.6525 0.365298 0.824434 0.363447 0.822818
41 5.4603 2.4923 2.6293 0.363112 0.824496 0.360469 0.823058
42 5.4494 2.4609 2.6494 0.354921 0.824665 0.353230 0.823779
43 5.5287 2.5508 2.6315 0.340348 0.825732 0.338426 0.826661
44 5.4603 2.4932 2.6188 0.314510 0.835241 0.316647 0.858207
45 5.5394 2.5440 2.6378 0.272133 0.869844 0.280218 0.884307
46 5.4224 2.4541 2.6194 0.254960 0.879825 0.269486 0.884388
47 5.5929 2.5998 2.6407 0.248846 0.883952 0.262049 0.888631
48 5.6155 2.5844 2.6700 0.243156 0.886932 0.257290 0.890713
49 5.5843 2.6009 2.6314 0.238581 0.889254 0.253021 0.892314
