epoch time fwd_time bwd_time loss acc val_loss val_acc
0 5.6250 2.6002 2.6594 0.462024 0.824300 0.468190 0.821697
1 5.4435 2.4582 2.6415 0.415383 0.824300 0.425142 0.821697
2 5.6454 2.6168 2.6761 0.377080 0.823749 0.377045 0.821697
3 5.4529 2.4781 2.6267 0.362752 0.824300 0.363427 0.821697
4 5.4854 2.4692 2.6514 0.355538 0.824549 0.355462 0.823459
5 5.5989 2.5390 2.7109 0.347722 0.825519 0.349213 0.824339
6 5.4963 2.5011 2.6395 0.335723 0.829593 0.335458 0.833947
7 5.5056 2.4927 2.6535 0.309913 0.843247 0.310056 0.861089
8 5.4927 2.5504 2.5952 0.209854 0.885313 0.220613 0.910488
9 5.5967 2.6307 2.6111 0.206466 0.897615 0.226278 0.902562
10 5.5658 2.5173 2.6934 0.191688 0.906875 0.201639 0.914011
11 5.5936 2.5678 2.6329 0.190717 0.912773 0.194958 0.917374
12 5.6022 2.5488 2.7040 0.184030 0.912604 0.190792 0.918735
13 5.5431 2.5027 2.6862 0.178928 0.914703 0.186091 0.920416
14 5.5769 2.5396 2.6837 0.173664 0.916100 0.183126 0.921777
15 5.6195 2.5587 2.7110 0.172499 0.917327 0.182107 0.921697
16 5.4640 2.4979 2.5952 0.170949 0.918813 0.179792 0.922658
17 5.5627 2.5179 2.6872 0.169644 0.920200 0.176877 0.924259
18 5.6431 2.5980 2.6909 0.165183 0.920832 0.175523 0.924660
19 5.4689 2.5184 2.6068 0.167021 0.921757 0.172978 0.925861
20 5.4310 2.4722 2.6028 0.164294 0.922860 0.171752 0.926261
21 5.4945 2.4940 2.6465 0.160285 0.923065 0.171944 0.926902
22 5.5338 2.4742 2.7001 0.160496 0.923838 0.169665 0.927222
23 5.5322 2.4989 2.6777 0.159949 0.925164 0.167714 0.928823
24 5.4511 2.4682 2.6269 0.159003 0.925431 0.166371 0.929464
25 5.6422 2.6269 2.6668 0.157540 0.926632 0.165077 0.929864
26 5.4831 2.5009 2.6250 0.156405 0.926534 0.164020 0.930264
27 5.5640 2.5103 2.6977 0.155282 0.927174 0.163182 0.930584
28 5.5666 2.5637 2.6521 0.154030 0.927957 0.162144 0.931065
29 5.5945 2.5488 2.6888 0.152907 0.928322 0.160701 0.931865
30 5.5813 2.5522 2.6810 0.151892 0.928713 0.159549 0.932426
31 5.5721 2.5295 2.6820 0.151410 0.929024 0.158838 0.932666
32 5.5301 2.4629 2.7079 0.150145 0.929700 0.157490 0.933547
33 5.6113 2.5717 2.6830 0.149469 0.929896 0.156775 0.934187
34 5.5510 2.5915 2.6111 0.148561 0.930225 0.155951 0.934508
35 5.5685 2.5339 2.6839 0.147921 0.930563 0.155152 0.935148
36 5.6099 2.5755 2.6763 0.146842 0.930901 0.154363 0.935629
37 5.5934 2.5904 2.6450 0.145878 0.931373 0.153511 0.935949
38 5.4607 2.4600 2.6581 0.144992 0.931791 0.152712 0.935949
39 5.5708 2.5641 2.6575 0.144107 0.932120 0.151943 0.936189
40 5.5773 2.5385 2.6562 0.143250 0.932467 0.151228 0.936829
41 5.5089 2.5160 2.6300 0.142419 0.932716 0.150555 0.937310
42 5.6069 2.5586 2.6954 0.141626 0.932814 0.149920 0.937790
43 5.5118 2.4864 2.6847 0.140878 0.933045 0.149325 0.938351
44 5.5232 2.5484 2.6316 0.140144 0.933348 0.148771 0.938591
45 5.5161 2.5016 2.6571 0.139434 0.933677 0.148241 0.939071
46 5.5113 2.5282 2.6189 0.138739 0.933944 0.147735 0.939311
47 5.4075 2.4555 2.5919 0.138054 0.934184 0.147248 0.939392
48 5.6005 2.5810 2.6657 0.137439 0.934415 0.146777 0.939552
49 5.4514 2.4800 2.6127 0.136865 0.934878 0.146302 0.939872
