epoch time fwd_time bwd_time loss acc val_loss val_acc
0 5.4018 2.4539 2.5956 0.483068 0.685925 0.486812 0.821697
1 5.5555 2.5451 2.6649 0.463263 0.824300 0.469280 0.821697
2 5.4454 2.4598 2.6332 0.462728 0.824300 0.469034 0.821697
3 5.5950 2.5921 2.6637 0.462597 0.824300 0.468935 0.821697
4 5.4851 2.5343 2.6051 0.462248 0.824300 0.468635 0.821697
5 5.5283 2.5285 2.6418 0.461804 0.824300 0.468239 0.821697
6 5.4960 2.5115 2.6325 0.461139 0.824300 0.467573 0.821697
7 5.5940 2.5551 2.6952 0.459691 0.824300 0.466135 0.821697
8 5.5480 2.5062 2.6927 0.455332 0.824300 0.461775 0.821697
9 5.4603 2.4679 2.6371 0.424563 0.824300 0.430378 0.821697
10 5.4746 2.4664 2.6577 0.383647 0.824300 0.384118 0.821697
11 5.5276 2.5246 2.6607 0.364464 0.824300 0.364757 0.821697
12 5.5112 2.5015 2.6544 0.359834 0.824300 0.358112 0.821697
13 5.4235 2.4516 2.6129 0.355480 0.824300 0.353831 0.821697
14 5.4627 2.4665 2.6456 0.351713 0.824300 0.350333 0.821697
15 5.5179 2.5446 2.6146 0.348275 0.824300 0.347157 0.821697
16 5.5471 2.5054 2.6571 0.344802 0.824629 0.343868 0.822338
17 5.4747 2.4826 2.6430 0.339045 0.823962 0.337648 0.822338
18 5.5405 2.5760 2.6205 0.321553 0.825127 0.318785 0.828743
19 5.5016 2.5545 2.6058 0.259673 0.856136 0.262298 0.888631
20 5.5510 2.5089 2.6519 0.234600 0.887546 0.237059 0.895997
21 5.4661 2.4800 2.6335 0.227967 0.894431 0.223981 0.905364
22 5.5513 2.5118 2.6816 0.208373 0.905203 0.220221 0.909287
23 5.4977 2.4847 2.6640 0.199474 0.910469 0.205929 0.917694
24 5.6275 2.5867 2.6923 0.194112 0.914063 0.199200 0.918014
25 5.4533 2.4941 2.6069 0.191077 0.916624 0.195896 0.919215
26 5.4961 2.5330 2.6088 0.187621 0.918306 0.192183 0.920096
27 5.5840 2.5199 2.7067 0.184228 0.919773 0.188398 0.921697
28 5.5771 2.6225 2.5996 0.181221 0.920956 0.185036 0.924019
29 5.4420 2.4864 2.6116 0.178404 0.922353 0.181956 0.925220
30 5.4936 2.4868 2.6462 0.175630 0.923705 0.179139 0.926341
31 5.5333 2.4872 2.6942 0.172949 0.924808 0.176663 0.928102
32 5.5886 2.5378 2.6969 0.170402 0.925813 0.174421 0.928423
33 5.5364 2.5769 2.6002 0.167987 0.926658 0.172338 0.928743
34 5.6318 2.6023 2.6818 0.165701 0.927308 0.170374 0.929784
35 5.5078 2.5170 2.6460 0.163542 0.928073 0.168515 0.930104
36 5.6367 2.6396 2.6411 0.161507 0.928740 0.166749 0.930424
37 5.5536 2.5590 2.6476 0.159589 0.929140 0.165070 0.931145
38 5.4356 2.4541 2.6284 0.157778 0.929754 0.163470 0.931465
39 5.5684 2.5611 2.6594 0.156064 0.930234 0.161940 0.932346
40 5.4062 2.4560 2.6037 0.154431 0.930839 0.160474 0.932746
41 5.4575 2.5213 2.5834 0.152866 0.931382 0.159062 0.933307
42 5.6005 2.6576 2.5942 0.151354 0.931809 0.157702 0.934027
43 5.5872 2.5557 2.6744 0.149884 0.932200 0.156389 0.934107
44 5.4956 2.5182 2.6279 0.148449 0.932698 0.155121 0.934988
45 5.6493 2.5801 2.6648 0.147047 0.933098 0.153898 0.935709
46 5.5408 2.5630 2.6218 0.145679 0.933534 0.152723 0.936109
47 5.5140 2.5309 2.6206 0.144345 0.934041 0.151600 0.936589
48 5.3998 2.4509 2.5875 0.143047 0.934726 0.150534 0.937630
49 5.5388 2.5291 2.6610 0.141782 0.935029 0.149531 0.938431
