epoch time fwd_time bwd_time loss acc val_loss val_acc
0 5.6319 2.6130 2.6557 0.711610 0.175700 0.710640 0.182226
1 5.5571 2.5721 2.6382 0.612809 0.740818 0.613743 0.821697
2 5.6568 2.6542 2.6561 0.555672 0.824300 0.557707 0.821697
3 5.4678 2.4748 2.6419 0.515312 0.824300 0.518341 0.821697
4 5.4743 2.5044 2.6330 0.486586 0.824300 0.490637 0.821697
5 5.5454 2.5139 2.6691 0.471182 0.824300 0.476155 0.821697
6 5.5814 2.5557 2.6767 0.465306 0.824300 0.470895 0.821697
7 5.4803 2.5066 2.6234 0.463377 0.824300 0.469320 0.821697
8 5.6295 2.5720 2.7067 0.462730 0.824300 0.468866 0.821697
9 5.5087 2.4908 2.6786 0.462420 0.824300 0.468662 0.821697
10 5.5272 2.5348 2.6532 0.462183 0.824300 0.468489 0.821697
11 5.5719 2.5561 2.6649 0.461959 0.824300 0.468309 0.821697
12 5.5984 2.5529 2.6907 0.461732 0.824300 0.468117 0.821697
13 5.5306 2.5299 2.6606 0.461493 0.824300 0.467907 0.821697
14 5.4457 2.5030 2.5974 0.461231 0.824300 0.467673 0.821697
15 5.6173 2.5627 2.6986 0.460939 0.824300 0.467405 0.821697
16 5.5582 2.5215 2.6940 0.460604 0.824300 0.467096 0.821697
17 5.5420 2.5569 2.5985 0.460215 0.824300 0.466733 0.821697
18 5.5204 2.4867 2.6947 0.459760 0.824300 0.466305 0.821697
19 5.5021 2.4901 2.6543 0.459224 0.824300 0.465796 0.821697
20 5.5037 2.5085 2.6506 0.458588 0.824300 0.465188 0.821697
21 5.6140 2.6748 2.5897 0.457827 0.824300 0.464455 0.821697
22 5.4766 2.4986 2.6411 0.456906 0.824300 0.463562 0.821697
23 5.4724 2.4765 2.6451 0.455783 0.824300 0.462466 0.821697
24 5.4894 2.4935 2.6479 0.454397 0.824300 0.461105 0.821697
25 5.6173 2.6024 2.6722 0.452668 0.824300 0.459398 0.821697
26 5.5883 2.5768 2.6557 0.450482 0.824300 0.457231 0.821697
27 5.4953 2.4871 2.6656 0.447654 0.824300 0.454419 0.821697
28 5.5400 2.5303 2.6582 0.443450 0.824300 0.450193 0.821697
29 5.5323 2.5471 2.6381 0.403365 0.824300 0.401962 0.821697
30 5.4507 2.4795 2.6252 0.377662 0.824300 0.384263 0.821697
31 5.5328 2.5631 2.6246 0.373426 0.824300 0.377084 0.821697
32 5.6034 2.5850 2.6636 0.370646 0.824300 0.371625 0.821697
33 5.5546 2.5266 2.6864 0.367950 0.824300 0.367641 0.821697
34 5.5197 2.4910 2.6948 0.365523 0.824300 0.364438 0.821697
35 5.7568 2.7422 2.6560 0.363337 0.824300 0.361694 0.821697
36 5.5417 2.5358 2.6618 0.361325 0.824300 0.359245 0.821697
37 5.6226 2.5818 2.6993 0.359437 0.824300 0.356983 0.821697
38 5.6401 2.6618 2.6358 0.357624 0.824300 0.354816 0.821697
39 5.5215 2.5362 2.6348 0.355823 0.824300 0.352643 0.821697
40 5.5845 2.5229 2.7072 0.353928 0.824300 0.350319 0.821697
41 5.5903 2.5328 2.7089 0.351741 0.824300 0.347667 0.821697
42 5.4906 2.4936 2.6517 0.348921 0.824300 0.344522 0.821697
43 5.5652 2.5139 2.6950 0.345005 0.824300 0.340675 0.821697
44 5.5088 2.5423 2.6180 0.339725 0.824371 0.334522 0.821777
45 5.4995 2.5249 2.6273 0.330833 0.825359 0.326479 0.824740
46 5.7410 2.7816 2.6046 0.318307 0.832253 0.319243 0.835148
47 5.5165 2.5581 2.6156 0.308105 0.841530 0.314360 0.843635
48 5.5816 2.6240 2.6092 0.301484 0.848682 0.309955 0.850360
49 5.5137 2.5179 2.6425 0.296165 0.853486 0.305931 0.854524
