epoch time fwd_time bwd_time loss acc val_loss val_acc
0 5.5380 2.4897 2.6874 0.397682 0.824300 0.401232 0.821697
1 5.5149 2.4793 2.6750 0.364275 0.824300 0.365347 0.821697
2 5.5157 2.4942 2.6756 0.356030 0.824300 0.356038 0.821697
3 5.4990 2.5137 2.6082 0.349450 0.824300 0.348928 0.821697
4 5.4721 2.5206 2.5980 0.341961 0.824300 0.341545 0.821697
5 5.6216 2.6006 2.6736 0.328736 0.824300 0.331118 0.821697
6 5.6048 2.5820 2.6651 0.287641 0.841762 0.280660 0.877342
7 5.5665 2.5474 2.6663 0.246443 0.879095 0.280481 0.870616
8 5.5545 2.6177 2.5871 0.233336 0.886300 0.241969 0.897198
9 5.6694 2.5956 2.7255 0.235579 0.892589 0.243003 0.896237
10 5.4777 2.5333 2.5963 0.220842 0.894422 0.231081 0.903523
11 5.5921 2.5828 2.6577 0.216982 0.896823 0.226841 0.905124
12 5.5151 2.4992 2.6683 0.213646 0.898629 0.222474 0.905685
13 5.4623 2.5129 2.5996 0.210560 0.900960 0.219145 0.907526
14 5.5106 2.5493 2.6059 0.207898 0.902863 0.216171 0.908967
15 5.5978 2.5805 2.6698 0.205517 0.904242 0.213449 0.910649
16 5.4672 2.4622 2.6626 0.203328 0.905594 0.210923 0.912170
17 5.5871 2.5131 2.7176 0.201273 0.906813 0.208548 0.913451
18 5.5440 2.5594 2.6262 0.199310 0.908040 0.206289 0.914732
19 5.5563 2.5746 2.6188 0.197405 0.909001 0.204114 0.915532
20 5.5443 2.6176 2.5721 0.195526 0.910033 0.201992 0.915853
21 5.5483 2.5285 2.6656 0.193658 0.911154 0.199901 0.916813
22 5.5664 2.5644 2.6462 0.191719 0.912141 0.197785 0.918335
23 5.5669 2.5206 2.7024 0.189254 0.913351 0.195355 0.918815
24 5.5505 2.5425 2.6518 0.185314 0.914418 0.192294 0.918815
25 5.5221 2.4999 2.6661 0.180815 0.915548 0.189101 0.920176
26 5.5594 2.5463 2.6507 0.177546 0.916562 0.185900 0.921777
27 5.4424 2.4824 2.6118 0.174848 0.917799 0.182990 0.923299
28 5.4734 2.4805 2.5875 0.172510 0.918848 0.180373 0.925140
29 5.5903 2.6049 2.6311 0.170410 0.919622 0.178018 0.925701
30 5.4739 2.4698 2.6543 0.168481 0.920556 0.175888 0.927062
31 5.4605 2.4763 2.6305 0.166683 0.921348 0.173946 0.928183
32 5.6261 2.5920 2.6733 0.164992 0.922193 0.172161 0.928823
33 5.4439 2.4449 2.6580 0.163391 0.923074 0.170508 0.929784
34 5.4798 2.4762 2.6543 0.161870 0.923669 0.168965 0.930264
35 5.5332 2.5688 2.6092 0.160419 0.924354 0.167520 0.930584
36 5.5336 2.5476 2.6390 0.159032 0.924844 0.166160 0.931145
37 5.5313 2.5408 2.6417 0.157704 0.925511 0.164877 0.931785
38 5.4823 2.4783 2.6436 0.156429 0.926160 0.163665 0.932106
39 5.6636 2.5837 2.7210 0.155205 0.926489 0.162517 0.932666
40 5.5721 2.5526 2.6743 0.154027 0.926987 0.161429 0.932746
41 5.5536 2.5362 2.6735 0.152892 0.927423 0.160398 0.933307
42 5.6111 2.5176 2.7379 0.151799 0.927975 0.159419 0.933066
43 5.6422 2.6499 2.6212 0.150743 0.928446 0.158491 0.933787
44 5.5211 2.5191 2.6599 0.149725 0.928944 0.157610 0.934347
45 5.5683 2.6222 2.5976 0.148741 0.929398 0.156774 0.935228
46 5.4586 2.4784 2.6375 0.147790 0.929585 0.155981 0.935548
47 5.4446 2.4843 2.6091 0.146873 0.929861 0.155229 0.935949
48 5.5486 2.5506 2.6479 0.145986 0.930101 0.154517 0.936189
49 5.4245 2.4670 2.5673 0.145130 0.930501 0.153842 0.935949
