epoch time fwd_time bwd_time loss acc val_loss val_acc
0 5.6628 2.5742 2.7031 0.666521 0.282666 0.666366 0.742594
1 5.6165 2.5809 2.6930 0.532538 0.820911 0.534692 0.821697
2 5.4970 2.4957 2.6560 0.484194 0.824300 0.488252 0.821697
3 5.5958 2.5963 2.6542 0.469467 0.824300 0.474565 0.821697
4 5.5777 2.5393 2.7030 0.464968 0.824300 0.470642 0.821697
5 5.4791 2.5188 2.6170 0.463619 0.824300 0.469608 0.821697
6 5.6297 2.6187 2.6499 0.463212 0.824300 0.469369 0.821697
7 5.5150 2.5062 2.6550 0.463070 0.824300 0.469313 0.821697
8 5.5377 2.5739 2.6196 0.462999 0.824300 0.469284 0.821697
9 5.5256 2.5239 2.6535 0.462946 0.824300 0.469252 0.821697
10 5.5488 2.6044 2.5845 0.462898 0.824300 0.469216 0.821697
11 5.5629 2.5123 2.7015 0.462850 0.824300 0.469176 0.821697
12 5.5676 2.5336 2.6812 0.462797 0.824300 0.469131 0.821697
13 5.4212 2.4606 2.6065 0.462730 0.824300 0.469075 0.821697
14 5.4632 2.4688 2.6507 0.462623 0.824300 0.468985 0.821697
15 5.5701 2.5309 2.6978 0.462368 0.824300 0.468780 0.821697
16 5.3673 2.4416 2.5725 0.461421 0.824300 0.468059 0.821697
17 5.6002 2.6015 2.6540 0.460128 0.824300 0.467070 0.821697
18 5.4094 2.4689 2.5895 0.459509 0.824300 0.466449 0.821697
19 5.6204 2.5912 2.6765 0.459048 0.824300 0.465902 0.821697
20 5.5668 2.5544 2.6670 0.458555 0.824300 0.465332 0.821697
21 5.4499 2.4769 2.6254 0.457947 0.824300 0.464678 0.821697
22 5.6153 2.5735 2.6794 0.457179 0.824300 0.463891 0.821697
23 5.6208 2.6075 2.6618 0.456209 0.824300 0.462926 0.821697
24 5.6031 2.6065 2.6371 0.454978 0.824300 0.461718 0.821697
25 5.5608 2.5449 2.6340 0.453348 0.824300 0.460134 0.821697
26 5.4828 2.4615 2.6618 0.450433 0.824300 0.457436 0.821697
27 5.5636 2.5211 2.6842 0.446252 0.824300 0.453608 0.821697
28 5.6034 2.5726 2.6675 0.443067 0.824300 0.450358 0.821697
29 5.5528 2.5373 2.6727 0.439549 0.824300 0.446785 0.821697
30 5.5040 2.5331 2.6246 0.435385 0.824300 0.442588 0.821697
31 5.4750 2.4879 2.6306 0.430392 0.824300 0.437562 0.821697
32 5.5355 2.5722 2.6166 0.424183 0.824300 0.431315 0.821697
33 5.5455 2.5222 2.6698 0.415928 0.824300 0.423073 0.821697
34 5.4951 2.5290 2.6185 0.369332 0.823909 0.373122 0.819936
35 5.3997 2.4433 2.6130 0.358283 0.824692 0.356887 0.821777
36 5.5548 2.5498 2.6535 0.353229 0.824265 0.351459 0.821777
37 5.5938 2.5904 2.6473 0.348118 0.824273 0.346311 0.821857
38 5.5265 2.5836 2.5951 0.342948 0.824273 0.341579 0.821697
39 5.5374 2.5507 2.6387 0.336718 0.824505 0.336381 0.822338
40 5.6738 2.6731 2.6519 0.328904 0.824887 0.329829 0.822658
41 5.6364 2.5810 2.7087 0.316988 0.825795 0.319485 0.823459
42 5.4513 2.5326 2.5727 0.298529 0.834948 0.302891 0.842754
43 5.5242 2.5091 2.6567 0.269153 0.860335 0.273623 0.871017
44 5.5195 2.5596 2.6022 0.241955 0.888409 0.244414 0.900480
45 5.5085 2.5185 2.6493 0.229189 0.902783 0.231200 0.908327
46 5.5080 2.5333 2.6250 0.221204 0.908316 0.223519 0.910889
47 5.5699 2.5939 2.6235 0.215564 0.910878 0.217999 0.913771
48 5.6676 2.6147 2.6997 0.211042 0.912613 0.213564 0.914412
49 5.6409 2.5936 2.7071 0.207177 0.913991 0.209796 0.915853
