epoch time fwd_time bwd_time loss acc val_loss val_acc
0 5.6368 2.5900 2.6905 0.427876 0.824300 0.432157 0.821697
1 5.5770 2.5327 2.6914 0.337729 0.824300 0.339797 0.821697
2 5.5860 2.5249 2.7064 0.311634 0.826595 0.313394 0.832506
3 5.5979 2.5669 2.6745 0.245740 0.876667 0.271505 0.909207
4 5.4738 2.4828 2.6328 0.179055 0.909268 0.205890 0.910568
5 5.6127 2.5733 2.6722 0.175950 0.917781 0.190842 0.919376
6 5.5089 2.5068 2.6489 0.167035 0.919613 0.190668 0.916253
7 5.5421 2.5141 2.6750 0.163278 0.921490 0.189263 0.917054
8 5.4736 2.4738 2.6403 0.160870 0.922202 0.188269 0.917614
9 5.5254 2.4984 2.6717 0.161425 0.923029 0.182700 0.919856
10 5.5458 2.5551 2.6388 0.160494 0.924168 0.177192 0.922818
11 5.5053 2.5415 2.6119 0.157682 0.925084 0.174195 0.924500
12 5.5500 2.4978 2.6967 0.155074 0.925920 0.171463 0.925380
13 5.4770 2.4876 2.6411 0.152520 0.926890 0.169254 0.926501
14 5.5986 2.5505 2.6953 0.150628 0.927592 0.167162 0.927382
15 5.4345 2.4671 2.6199 0.149253 0.928010 0.164932 0.928823
16 5.4180 2.4649 2.5924 0.147842 0.928428 0.162727 0.930024
17 5.5728 2.6147 2.5990 0.146291 0.928758 0.160773 0.930665
18 5.6362 2.5899 2.6882 0.144840 0.929469 0.159037 0.932266
19 5.3898 2.4593 2.5780 0.143534 0.929843 0.157498 0.932986
20 5.5428 2.5272 2.6656 0.142353 0.930323 0.156133 0.933387
21 5.4870 2.5286 2.6000 0.141277 0.930688 0.154910 0.934428
22 5.5814 2.6183 2.5949 0.140297 0.931159 0.153794 0.934828
23 5.5315 2.5813 2.5990 0.139403 0.931666 0.152758 0.935468
24 5.6253 2.5625 2.7173 0.138589 0.932049 0.151785 0.935629
25 5.5931 2.5569 2.6730 0.137853 0.932422 0.150862 0.935869
26 5.5891 2.5551 2.6772 0.137192 0.932760 0.149979 0.936429
27 5.5053 2.5016 2.6069 0.136607 0.933081 0.149130 0.936910
28 5.5322 2.4851 2.6954 0.136099 0.933410 0.148308 0.936749
29 5.4991 2.5018 2.6426 0.135673 0.933686 0.147505 0.937230
30 5.4026 2.4496 2.6074 0.135313 0.933970 0.146721 0.937710
31 5.6466 2.6966 2.6008 0.134971 0.934326 0.145972 0.938110
32 6.0267 2.7451 2.9066 0.134565 0.934468 0.145288 0.938351
33 5.5475 2.5266 2.6649 0.134106 0.934664 0.144658 0.938511
34 5.5351 2.5728 2.6084 0.133669 0.935020 0.144043 0.938751
35 5.6128 2.5380 2.6696 0.133289 0.935216 0.143419 0.938511
36 5.6235 2.6692 2.5904 0.133014 0.935598 0.142750 0.938751
37 5.7361 2.7210 2.6601 0.132903 0.935812 0.142003 0.939071
38 5.4658 2.4774 2.6398 0.132898 0.936096 0.141263 0.939712
39 5.5879 2.5513 2.6879 0.132668 0.935820 0.140877 0.940352
40 5.4768 2.4979 2.6227 0.132449 0.935927 0.140693 0.940352
41 5.8159 2.6312 2.8207 0.132584 0.935989 0.140519 0.940432
42 6.2876 2.8549 3.0473 0.132569 0.935696 0.140805 0.941073
43 5.8097 2.6716 2.7846 0.129006 0.935785 0.143139 0.939392
44 5.5385 2.4946 2.6825 0.132365 0.936639 0.139254 0.941153
45 5.5240 2.5247 2.6407 0.129582 0.936158 0.141545 0.939872
46 5.4867 2.4928 2.6372 0.131974 0.936354 0.139353 0.940673
47 5.6552 2.5807 2.7198 0.126149 0.936496 0.142912 0.939632
48 5.5840 2.5666 2.6733 0.132403 0.937342 0.137851 0.941633
49 5.5038 2.4892 2.6607 0.125938 0.936541 0.142277 0.939632
