epoch time fwd_time bwd_time loss acc val_loss val_acc
0 5.5690 2.5531 2.6664 0.462098 0.691983 0.468773 0.821697
1 5.5866 2.6017 2.6300 0.457606 0.824300 0.463801 0.821697
2 5.4207 2.4284 2.6486 0.400987 0.824300 0.404123 0.821697
3 5.5403 2.5161 2.6667 0.370145 0.824300 0.367413 0.821697
4 5.6053 2.5376 2.7095 0.363776 0.824300 0.358847 0.821697
5 5.5753 2.5308 2.6929 0.360818 0.824300 0.354023 0.821697
6 5.4733 2.4591 2.6504 0.358614 0.824300 0.350181 0.821697
7 5.6295 2.5850 2.6842 0.355023 0.824300 0.344580 0.821697
8 5.5842 2.5402 2.6933 0.347062 0.824300 0.340881 0.821697
9 5.5168 2.5013 2.6675 0.337214 0.824300 0.333025 0.821697
10 5.6460 2.5875 2.6595 0.325426 0.824300 0.321834 0.821697
11 5.5284 2.5017 2.6615 0.298246 0.824843 0.300387 0.828343
12 5.4912 2.4550 2.6824 0.245204 0.856795 0.251351 0.897438
13 5.5192 2.4751 2.6826 0.239983 0.905541 0.231203 0.913691
14 5.5808 2.5149 2.7156 0.229284 0.911003 0.220628 0.917854
15 5.5962 2.6167 2.6080 0.200540 0.913298 0.210459 0.920496
16 5.4843 2.5232 2.5994 0.193945 0.916055 0.202768 0.922498
17 5.5782 2.5233 2.6983 0.184256 0.917398 0.198397 0.923139
18 5.6569 2.5894 2.6632 0.178360 0.918661 0.194113 0.924019
19 5.5310 2.4935 2.6668 0.173859 0.919907 0.190363 0.924740
20 5.5285 2.5613 2.6060 0.170298 0.921392 0.187154 0.926261
21 5.5812 2.5124 2.7128 0.167360 0.922495 0.184417 0.927622
22 5.5147 2.4746 2.6727 0.164868 0.923483 0.182047 0.927862
23 5.5774 2.5242 2.7038 0.162718 0.924265 0.179955 0.928183
24 5.5273 2.4941 2.6839 0.160839 0.924897 0.178074 0.929063
25 5.5704 2.5552 2.6582 0.159179 0.925653 0.176360 0.929784
26 5.5477 2.5613 2.6342 0.157704 0.926276 0.174780 0.930424
27 5.5380 2.5059 2.6780 0.156384 0.926756 0.173313 0.930825
28 5.5162 2.4809 2.6840 0.155198 0.927388 0.171943 0.931545
29 5.5193 2.5056 2.6642 0.154129 0.927806 0.170655 0.931865
30 5.5205 2.5469 2.6185 0.153162 0.928313 0.169439 0.932346
31 5.4248 2.4606 2.6114 0.152287 0.928802 0.168285 0.932506
32 5.5734 2.5487 2.6630 0.151493 0.929265 0.167182 0.933227
33 5.6421 2.5979 2.6793 0.150772 0.929683 0.166121 0.933787
34 5.5283 2.5416 2.6336 0.150115 0.930030 0.165091 0.934267
35 5.5202 2.4953 2.6782 0.149516 0.930483 0.164080 0.934988
36 5.4607 2.4882 2.6141 0.148964 0.930928 0.163072 0.934908
37 5.6462 2.6217 2.6585 0.148447 0.931391 0.162048 0.935148
38 5.4478 2.4824 2.6004 0.147943 0.931711 0.160986 0.935388
39 5.4331 2.5036 2.5821 0.147419 0.931995 0.159861 0.936029
40 5.4884 2.5139 2.6070 0.146818 0.932476 0.158655 0.936349
41 5.6222 2.5804 2.6811 0.146059 0.932983 0.157373 0.936910
42 5.4624 2.4583 2.6466 0.145057 0.933454 0.156079 0.937470
43 5.5757 2.5216 2.6475 0.143792 0.933801 0.154890 0.936589
44 5.5737 2.5132 2.7028 0.142371 0.934317 0.153912 0.937230
45 5.5550 2.5008 2.6950 0.140992 0.934637 0.153141 0.937390
46 5.5458 2.5154 2.6834 0.139814 0.934637 0.152481 0.936990
47 5.5103 2.4950 2.6642 0.138883 0.935091 0.151841 0.937470
48 5.4803 2.5380 2.5911 0.138155 0.935171 0.151191 0.938030
49 5.6312 2.6505 2.6244 0.137562 0.935287 0.150549 0.938431
