epoch time fwd_time bwd_time loss acc val_loss val_acc
0 5.5526 2.5692 2.6128 0.462277 0.824300 0.468537 0.821697
1 5.4952 2.5358 2.5941 0.453468 0.824300 0.459609 0.821697
2 5.6785 2.6160 2.6795 0.359897 0.824300 0.356130 0.821697
3 5.4774 2.4846 2.6306 0.278336 0.834601 0.288706 0.883187
4 5.4299 2.4701 2.5966 0.193431 0.895801 0.192046 0.920416
5 5.5058 2.5717 2.5822 0.199804 0.911705 0.198966 0.915052
6 5.5369 2.5144 2.6745 0.180366 0.916607 0.194783 0.914892
7 5.5559 2.5302 2.6755 0.174486 0.918217 0.196677 0.909768
8 5.5331 2.5037 2.6803 0.171202 0.920983 0.188952 0.915853
9 5.4598 2.5075 2.6022 0.165917 0.921997 0.184040 0.917614
10 5.6158 2.5748 2.6862 0.155564 0.922486 0.187827 0.913291
11 5.4579 2.4439 2.6652 0.155148 0.923323 0.170305 0.926661
12 5.6028 2.5760 2.6655 0.148759 0.925351 0.173044 0.923539
13 5.5489 2.5383 2.6563 0.144983 0.926881 0.168123 0.926101
14 5.5621 2.5054 2.7018 0.140948 0.928482 0.169571 0.925140
15 5.4728 2.4784 2.6363 0.139234 0.929976 0.165710 0.926341
16 5.5779 2.5263 2.6892 0.137573 0.930999 0.163082 0.928102
17 5.4252 2.4603 2.6167 0.136979 0.931773 0.161795 0.928823
18 5.5812 2.6035 2.6140 0.138303 0.933259 0.157491 0.932026
19 5.6631 2.6029 2.6577 0.139465 0.933997 0.154310 0.932746
20 5.6913 2.6522 2.6711 0.140916 0.934264 0.150065 0.936189
21 5.4592 2.4745 2.6341 0.141888 0.934682 0.145263 0.938591
22 5.4540 2.4865 2.6177 0.140627 0.934931 0.142580 0.939792
23 5.5121 2.5543 2.5998 0.136742 0.935669 0.142517 0.939472
24 5.5131 2.4989 2.6742 0.132705 0.935625 0.144406 0.938351
25 5.5791 2.5402 2.6965 0.129216 0.935927 0.145584 0.937550
26 5.5655 2.5021 2.6969 0.128497 0.935687 0.145586 0.937630
27 5.6066 2.5691 2.6406 0.132065 0.932885 0.144771 0.939151
28 5.4085 2.4490 2.6037 0.127418 0.935349 0.146803 0.937150
29 5.5839 2.5308 2.6935 0.125009 0.935749 0.148007 0.936349
30 5.5584 2.5121 2.6934 0.124688 0.936301 0.146880 0.936910
31 5.4635 2.4862 2.6177 0.124907 0.936674 0.145688 0.938271
32 5.5134 2.4955 2.6661 0.125278 0.937039 0.144469 0.939151
33 5.7064 2.6559 2.6824 0.125548 0.937146 0.143390 0.939071
34 5.4527 2.4689 2.6294 0.125762 0.937226 0.142449 0.939311
35 5.5538 2.5209 2.6872 0.126073 0.937493 0.141527 0.939552
36 5.4546 2.5267 2.5751 0.126050 0.937653 0.140752 0.940673
37 5.6021 2.5504 2.6929 0.125985 0.937777 0.140156 0.940913
38 5.6386 2.6003 2.6794 0.126110 0.937831 0.139497 0.941633
39 5.5364 2.5065 2.6784 0.126714 0.937955 0.138771 0.941713
40 5.4971 2.4688 2.6823 0.126335 0.938213 0.138123 0.941713
41 5.5178 2.4728 2.6945 0.126321 0.938391 0.137841 0.941713
42 5.4660 2.4944 2.6168 0.126865 0.938284 0.136991 0.942274
43 5.4352 2.4839 2.6022 0.126962 0.938462 0.136236 0.941954
44 5.5312 2.5641 2.6172 0.131751 0.938107 0.135672 0.944115
45 5.5027 2.4591 2.6823 0.127797 0.938765 0.134928 0.942994
46 5.5386 2.5045 2.6673 0.128350 0.938756 0.134613 0.943555
47 5.6004 2.5830 2.6680 0.125761 0.939085 0.135063 0.942754
48 5.6437 2.5636 2.6958 0.126170 0.938996 0.134669 0.943875
49 5.3524 2.4238 2.5879 0.128466 0.937164 0.139095 0.941473
