epoch time fwd_time bwd_time loss acc val_loss val_acc
0 5.5324 2.4946 2.6881 0.462885 0.824300 0.469185 0.821697
1 5.5733 2.5314 2.6962 0.462675 0.824300 0.468965 0.821697
2 5.5052 2.4927 2.6690 0.418327 0.824300 0.422055 0.821697
3 5.6185 2.5859 2.6744 0.360137 0.824300 0.361202 0.821697
4 5.5293 2.5000 2.6739 0.354464 0.824273 0.356024 0.822018
5 5.6183 2.5650 2.6991 0.349679 0.824300 0.351743 0.822338
6 5.5041 2.5195 2.6379 0.345408 0.824496 0.348198 0.823939
7 5.4541 2.5110 2.5856 0.340276 0.824754 0.342112 0.822338
8 5.4763 2.5036 2.6166 0.329610 0.825412 0.329920 0.822498
9 5.4599 2.4894 2.6186 0.277450 0.846645 0.278480 0.891273
10 5.4128 2.4607 2.5884 0.222889 0.885953 0.245905 0.890873
11 5.4520 2.4869 2.6111 0.191046 0.901805 0.209510 0.913531
12 5.6275 2.6030 2.6757 0.177561 0.913289 0.210565 0.907606
13 5.4610 2.4556 2.6508 0.167188 0.916046 0.182169 0.921857
14 5.5964 2.5326 2.6640 0.158890 0.920956 0.176464 0.925300
15 5.5830 2.6169 2.6203 0.152353 0.924497 0.170187 0.929384
16 5.5225 2.5177 2.6449 0.146661 0.927379 0.165386 0.931465
17 5.5480 2.5607 2.6256 0.144023 0.929576 0.152641 0.935709
18 5.6001 2.5840 2.6101 0.139785 0.932449 0.146774 0.939792
19 5.5106 2.5326 2.6258 0.133543 0.934566 0.142338 0.940592
20 5.5475 2.5333 2.6559 0.129348 0.936167 0.139026 0.941793
21 5.4842 2.4739 2.6499 0.125054 0.937600 0.136456 0.942434
22 5.4405 2.4837 2.6063 0.121542 0.938587 0.134324 0.943555
23 5.5157 2.5255 2.6278 0.118599 0.939450 0.132513 0.944516
24 5.4357 2.4470 2.6362 0.116220 0.940233 0.130977 0.945396
25 5.6368 2.5851 2.6858 0.114392 0.940659 0.129699 0.945877
26 5.6369 2.6436 2.6372 0.112925 0.941060 0.128608 0.946918
27 5.5513 2.5255 2.6605 0.111493 0.941460 0.127650 0.946597
28 5.6473 2.6266 2.6678 0.110185 0.941994 0.126836 0.946998
29 5.4855 2.4800 2.6498 0.109044 0.942465 0.126147 0.947638
30 5.5722 2.5810 2.6322 0.108088 0.942785 0.125558 0.947638
31 5.5439 2.6035 2.5782 0.107314 0.943088 0.125044 0.947638
32 5.5176 2.4964 2.6568 0.106698 0.943426 0.124587 0.947638
33 5.5849 2.5519 2.6802 0.106204 0.943800 0.124179 0.948359
34 5.5195 2.4801 2.6822 0.105793 0.944271 0.123813 0.948599
35 5.5793 2.5560 2.6653 0.105433 0.944369 0.123484 0.948359
36 5.5528 2.4988 2.6962 0.105104 0.944404 0.123189 0.948038
37 5.5773 2.5542 2.6575 0.104795 0.944529 0.122924 0.948199
38 5.6605 2.6242 2.6549 0.104501 0.944760 0.122682 0.948279
39 5.5321 2.5541 2.6174 0.104222 0.945027 0.122460 0.948519
40 5.5494 2.4837 2.7139 0.103955 0.945098 0.122254 0.948519
41 5.4610 2.4853 2.6131 0.103702 0.945294 0.122062 0.948599
42 5.4914 2.5378 2.5915 0.103461 0.945401 0.121880 0.948599
43 5.6125 2.5479 2.6725 0.103231 0.945552 0.121707 0.948679
44 5.4821 2.5295 2.5985 0.103013 0.945632 0.121539 0.948759
45 5.4715 2.5179 2.5958 0.102804 0.945748 0.121376 0.948759
46 5.5206 2.4821 2.6854 0.102605 0.945828 0.121215 0.948839
47 5.6593 2.5812 2.7150 0.102416 0.945926 0.121054 0.948839
48 5.5062 2.5196 2.6196 0.102236 0.945988 0.120892 0.948999
49 5.4872 2.4787 2.6612 0.102067 0.946139 0.120728 0.948839
