epoch time fwd_time bwd_time loss acc val_loss val_acc
0 5.5748 2.5335 2.6897 0.448858 0.824300 0.454508 0.821697
1 5.4981 2.5245 2.6231 0.364350 0.824300 0.365756 0.821697
2 5.6569 2.6351 2.6762 0.352714 0.824300 0.351400 0.821697
3 5.7028 2.7175 2.6275 0.344950 0.824300 0.345494 0.821697
4 5.5289 2.5424 2.6390 0.331157 0.824380 0.332458 0.823139
5 5.5002 2.5160 2.6315 0.300340 0.829975 0.303676 0.834347
6 5.5475 2.4988 2.6942 0.246191 0.867273 0.243732 0.912570
7 5.5743 2.5387 2.6790 0.198669 0.907462 0.213855 0.915132
8 5.5437 2.5214 2.6561 0.202499 0.912541 0.198446 0.920416
9 5.5752 2.5114 2.6705 0.199030 0.915708 0.203379 0.915452
10 5.6225 2.6165 2.6537 0.179383 0.916518 0.187899 0.922178
11 5.5088 2.5160 2.6420 0.178619 0.918750 0.184407 0.924820
12 5.5130 2.5099 2.6453 0.173911 0.919302 0.182565 0.923779
13 5.5968 2.5795 2.6650 0.172155 0.920049 0.180845 0.924820
14 5.6102 2.5597 2.6939 0.170525 0.920903 0.179049 0.924580
15 5.5235 2.5441 2.6272 0.168536 0.921668 0.177265 0.925140
16 5.5027 2.4693 2.6846 0.167888 0.922700 0.173724 0.926982
17 5.6096 2.5776 2.6745 0.166876 0.924381 0.181424 0.921297
18 5.5247 2.4890 2.6814 0.163067 0.922878 0.171513 0.929143
19 5.5421 2.5767 2.6017 0.157676 0.925591 0.169265 0.929944
20 5.4896 2.4707 2.6618 0.157758 0.925440 0.170325 0.928983
21 5.5926 2.5872 2.6420 0.171902 0.926036 0.163700 0.931305
22 5.5248 2.5302 2.6442 0.161995 0.927824 0.161499 0.930504
23 5.5409 2.4949 2.6903 0.150514 0.930937 0.161057 0.931705
24 5.4951 2.4680 2.6774 0.148335 0.932805 0.153046 0.934748
25 5.4924 2.4782 2.6555 0.159996 0.932289 0.163039 0.933227
26 5.5092 2.4808 2.6752 0.147331 0.933917 0.151289 0.937550
27 5.4255 2.4540 2.6077 0.155730 0.932004 0.151480 0.935629
28 5.6606 2.6335 2.6750 0.139083 0.933374 0.150175 0.938191
29 5.5118 2.5353 2.6176 0.138301 0.935189 0.161645 0.929544
30 5.5170 2.5129 2.6191 0.141621 0.935874 0.150733 0.936349
31 5.5148 2.4833 2.6811 0.134551 0.936221 0.148112 0.938591
32 5.4418 2.4931 2.5962 0.137915 0.936239 0.151645 0.937710
33 5.4505 2.4649 2.6298 0.136854 0.935776 0.143991 0.939712
34 5.5030 2.5282 2.6147 0.135619 0.937350 0.144224 0.940673
35 5.6019 2.6390 2.6079 0.132190 0.937386 0.146608 0.939632
36 5.6592 2.6171 2.6907 0.130748 0.937101 0.149991 0.938271
37 5.5097 2.4916 2.6595 0.136554 0.936461 0.150778 0.935068
38 5.5345 2.5340 2.6480 0.135366 0.937092 0.141411 0.942034
39 5.5116 2.4728 2.6993 0.136793 0.937804 0.149766 0.934588
40 5.5886 2.5520 2.6805 0.135784 0.938338 0.141136 0.942034
41 5.6038 2.5688 2.6708 0.136120 0.938044 0.149331 0.935228
42 5.4505 2.4690 2.6173 0.134306 0.938578 0.140435 0.942194
43 5.6230 2.6111 2.6594 0.129711 0.938347 0.153277 0.932906
44 5.4708 2.4642 2.6460 0.134918 0.938089 0.141433 0.941393
45 5.4660 2.4800 2.6326 0.128766 0.938542 0.151353 0.932906
46 5.5950 2.5567 2.6806 0.133776 0.938818 0.141143 0.941233
47 5.5794 2.5621 2.6611 0.127862 0.938916 0.148756 0.935548
48 5.4794 2.5013 2.6208 0.133510 0.939023 0.141101 0.941233
49 5.4814 2.4746 2.6582 0.128116 0.939210 0.147271 0.936109
