epoch time fwd_time bwd_time loss acc val_loss val_acc
0 5.5805 2.5521 2.6736 0.457440 0.824300 0.463798 0.821697
1 5.5905 2.5218 2.6756 0.362957 0.824300 0.364256 0.821697
2 5.4265 2.4539 2.6085 0.353071 0.824300 0.354858 0.821697
3 5.6179 2.5995 2.6491 0.340903 0.824620 0.334735 0.826501
4 5.4033 2.4408 2.6146 0.267329 0.845818 0.317685 0.861809
5 5.5166 2.4955 2.6701 0.218782 0.878455 0.274008 0.870937
6 5.5095 2.4946 2.6625 0.222574 0.898309 0.217694 0.909367
7 5.4611 2.4836 2.6261 0.196267 0.905283 0.215835 0.910408
8 5.6550 2.6375 2.6546 0.178244 0.909152 0.208251 0.913371
9 5.5180 2.5729 2.5984 0.182346 0.911954 0.200131 0.916093
10 5.5391 2.5120 2.6832 0.172731 0.914329 0.193656 0.919135
11 5.5216 2.4912 2.6783 0.166228 0.917078 0.187483 0.919696
12 5.5169 2.5317 2.6367 0.158173 0.918439 0.183999 0.921537
13 5.5534 2.5116 2.6871 0.152674 0.919382 0.181038 0.923619
14 5.5813 2.5382 2.6789 0.149789 0.920414 0.178169 0.924820
15 5.4774 2.4903 2.6365 0.148154 0.921383 0.175452 0.925861
16 5.6050 2.5794 2.6743 0.147047 0.922228 0.173151 0.926741
17 5.6008 2.5570 2.6845 0.146193 0.922940 0.171150 0.927702
18 5.5128 2.5171 2.6361 0.145466 0.923669 0.169352 0.928583
19 5.5480 2.5519 2.6449 0.144812 0.924096 0.167704 0.929223
20 5.5826 2.5117 2.7142 0.144203 0.924550 0.166175 0.929944
21 5.5204 2.5266 2.6396 0.143626 0.925164 0.164740 0.930745
22 5.5326 2.5187 2.6546 0.143079 0.925644 0.163376 0.930825
23 5.5428 2.5499 2.6289 0.142567 0.926222 0.162059 0.931385
24 5.4975 2.5123 2.6250 0.142098 0.926543 0.160775 0.931545
25 5.5530 2.5631 2.6328 0.141672 0.927023 0.159512 0.932906
26 5.7270 2.7226 2.5999 0.141284 0.927548 0.158272 0.934107
27 5.4883 2.5190 2.6111 0.140922 0.927966 0.157060 0.934347
28 5.5587 2.5622 2.6348 0.140571 0.928411 0.155888 0.934107
29 5.5108 2.4654 2.6783 0.140224 0.928758 0.154767 0.934508
30 5.5720 2.5395 2.6734 0.139874 0.929291 0.153703 0.934908
31 5.4948 2.4840 2.6554 0.139519 0.929594 0.152702 0.934988
32 5.5134 2.5278 2.6306 0.139154 0.929798 0.151765 0.935548
33 5.5502 2.5108 2.6902 0.138781 0.930172 0.150889 0.935548
34 5.6798 2.6412 2.6760 0.138396 0.930572 0.150074 0.935709
35 5.5445 2.5053 2.6911 0.138002 0.930910 0.149317 0.936509
36 5.4717 2.4712 2.6414 0.137604 0.931204 0.148616 0.936910
37 5.4928 2.4936 2.6485 0.137212 0.931613 0.147976 0.936910
38 5.5986 2.5409 2.7008 0.136858 0.931755 0.147418 0.936910
39 5.5244 2.5155 2.6667 0.136601 0.931969 0.147083 0.937310
40 5.4763 2.4525 2.6808 0.135770 0.931924 0.148856 0.935468
41 5.5288 2.4989 2.6790 0.133727 0.930741 0.150204 0.935468
42 5.5629 2.5432 2.6681 0.142819 0.932743 0.148791 0.936029
43 5.5838 2.6129 2.6270 0.154571 0.932476 0.148765 0.938431
44 5.4382 2.4851 2.5989 0.152852 0.932680 0.147867 0.938431
45 5.5894 2.6142 2.6241 0.154893 0.932752 0.149164 0.938511
46 5.4912 2.4941 2.6348 0.150470 0.933045 0.146732 0.938991
47 5.5700 2.5143 2.6619 0.154551 0.932796 0.151900 0.936589
48 5.5250 2.5616 2.6053 0.124467 0.934033 0.152707 0.933227
49 5.4422 2.4728 2.6235 0.124879 0.933970 0.153810 0.932586
