epoch time fwd_time bwd_time loss acc val_loss val_acc
0 5.5498 2.5412 2.6504 0.460185 0.818963 0.466677 0.821697
1 5.5472 2.5666 2.6303 0.393721 0.824300 0.372834 0.821697
2 5.5353 2.5066 2.6677 0.360473 0.824300 0.358884 0.821697
3 5.5277 2.4897 2.6805 0.348508 0.824300 0.350334 0.821697
4 5.5020 2.4936 2.6496 0.332852 0.824834 0.332144 0.828983
5 5.6326 2.5888 2.6915 0.263102 0.844617 0.266109 0.877742
6 5.4397 2.4654 2.6142 0.260985 0.884050 0.340698 0.827062
7 5.5861 2.6042 2.6232 0.177488 0.901556 0.194591 0.920016
8 5.5833 2.5795 2.6428 0.237603 0.903486 0.244871 0.905925
9 5.4964 2.4987 2.6508 0.181922 0.915610 0.178840 0.927222
10 5.4977 2.4847 2.6535 0.194569 0.917212 0.181067 0.925861
11 5.5318 2.5238 2.6489 0.163050 0.920120 0.182609 0.923539
12 5.5509 2.5720 2.6232 0.162058 0.921366 0.180374 0.924259
13 5.5149 2.5212 2.6377 0.169180 0.922362 0.176125 0.926341
14 5.4481 2.4782 2.6165 0.183531 0.922415 0.179710 0.925300
15 5.5556 2.5262 2.6826 0.176944 0.921250 0.174460 0.929303
16 5.4553 2.4797 2.6212 0.170683 0.922540 0.168425 0.930905
17 5.6889 2.6388 2.7000 0.159415 0.923260 0.170844 0.928903
18 5.4385 2.4792 2.6070 0.153262 0.924123 0.173720 0.925781
19 5.5738 2.5502 2.6714 0.152911 0.925262 0.170038 0.927782
20 5.5135 2.5248 2.6317 0.151859 0.926071 0.167971 0.929544
21 5.6378 2.5746 2.6953 0.151118 0.925858 0.167341 0.928983
22 5.5417 2.5119 2.6745 0.153960 0.927343 0.164581 0.931705
23 5.6286 2.5950 2.6788 0.149984 0.926560 0.165201 0.930424
24 5.4575 2.4751 2.6343 0.153726 0.928197 0.162644 0.932586
25 5.6275 2.5975 2.6734 0.147244 0.927477 0.164218 0.930024
26 5.5587 2.5036 2.6619 0.153446 0.928393 0.160974 0.933947
27 5.5418 2.5530 2.6275 0.146630 0.927975 0.162501 0.931225
28 5.4979 2.4882 2.6615 0.151838 0.928989 0.159717 0.934187
29 5.6290 2.5690 2.6940 0.145377 0.928651 0.160913 0.931465
30 5.4605 2.4859 2.6182 0.151346 0.929540 0.158327 0.934347
31 5.4503 2.4700 2.6115 0.145187 0.929105 0.159286 0.932746
32 5.5082 2.4653 2.6864 0.149672 0.929914 0.157141 0.934908
33 5.5177 2.5327 2.6220 0.143678 0.929549 0.158058 0.933066
34 5.6301 2.5822 2.6515 0.148761 0.930572 0.156043 0.935068
35 5.6499 2.6321 2.6572 0.144229 0.929807 0.156222 0.933947
36 5.6283 2.5841 2.6864 0.146622 0.930599 0.155006 0.935148
37 5.5085 2.4690 2.6938 0.143872 0.930385 0.154554 0.934988
38 5.5519 2.5686 2.6328 0.145223 0.931026 0.153811 0.935548
39 5.6169 2.6246 2.6407 0.143596 0.931008 0.153245 0.935228
40 5.5712 2.5006 2.7135 0.143645 0.931266 0.152858 0.935869
41 5.7201 2.6913 2.6694 0.142818 0.931506 0.152467 0.935949
42 5.5679 2.5346 2.6799 0.142347 0.931764 0.152296 0.935949
43 5.5027 2.5374 2.6018 0.141599 0.931915 0.151906 0.936349
44 5.4456 2.4924 2.5993 0.140539 0.932218 0.150556 0.936829
45 5.4840 2.5121 2.6155 0.139866 0.932778 0.148832 0.937070
46 5.4148 2.4697 2.5943 0.139965 0.933454 0.148317 0.937390
47 5.4327 2.5075 2.5790 0.138931 0.933365 0.147452 0.938431
48 5.4808 2.4584 2.6671 0.137957 0.933703 0.147163 0.938271
49 5.6376 2.5958 2.6973 0.137405 0.933819 0.147207 0.938351
