epoch time fwd_time bwd_time loss acc val_loss val_acc
0 5.5424 2.5218 2.6686 0.462436 0.777689 0.468545 0.821697
1 5.4806 2.4879 2.6307 0.428777 0.824300 0.433825 0.821697
2 5.5846 2.5746 2.6477 0.366522 0.824300 0.363311 0.821697
3 5.5215 2.4806 2.6888 0.356525 0.824300 0.356205 0.821697
4 5.5346 2.5642 2.6222 0.349854 0.824300 0.351135 0.821697
5 5.5379 2.5574 2.6275 0.344462 0.824300 0.346924 0.821697
6 5.5283 2.4968 2.6686 0.339200 0.824300 0.342049 0.821697
7 5.5343 2.5417 2.6277 0.332273 0.824700 0.335751 0.822898
8 5.4672 2.5193 2.5872 0.317616 0.825661 0.321681 0.823939
9 5.6505 2.6072 2.6446 0.282025 0.836398 0.288825 0.845637
10 5.5226 2.4805 2.6852 0.218654 0.884032 0.239366 0.901601
11 5.5469 2.5324 2.6533 0.187533 0.912043 0.200964 0.919295
12 5.5778 2.5161 2.7004 0.178161 0.916002 0.195275 0.919456
13 5.5581 2.5263 2.6787 0.177154 0.916696 0.189446 0.922098
14 5.5399 2.4885 2.6956 0.175174 0.918804 0.186384 0.922738
15 5.4136 2.4614 2.5931 0.173067 0.920040 0.183838 0.924179
16 5.5334 2.4895 2.6920 0.171118 0.921054 0.181727 0.925060
17 5.5555 2.5180 2.6778 0.169347 0.921819 0.179898 0.925620
18 5.5528 2.5670 2.6272 0.167718 0.922575 0.178254 0.925620
19 5.5742 2.5199 2.6886 0.166198 0.923127 0.176743 0.926501
20 5.4964 2.5120 2.6199 0.164760 0.923714 0.175331 0.927702
21 5.5948 2.6011 2.6378 0.163388 0.924274 0.173998 0.928343
22 5.5430 2.5030 2.6778 0.162069 0.924755 0.172731 0.928663
23 5.5377 2.4907 2.6866 0.160794 0.925271 0.171521 0.928983
24 5.5853 2.5607 2.6692 0.159558 0.925876 0.170362 0.929464
25 5.5013 2.5245 2.6273 0.158355 0.926285 0.169249 0.929784
26 5.5820 2.5400 2.6748 0.157186 0.926543 0.168179 0.930504
27 5.4418 2.4613 2.6222 0.156045 0.926890 0.167148 0.930985
28 5.5851 2.5064 2.7112 0.154934 0.927192 0.166155 0.931465
29 5.4481 2.4804 2.6107 0.153851 0.927566 0.165198 0.931305
30 5.6400 2.5887 2.6854 0.152796 0.928064 0.164277 0.931545
31 5.5141 2.5177 2.6363 0.151769 0.928375 0.163388 0.931785
32 5.5741 2.5735 2.6424 0.150769 0.928669 0.162532 0.932186
33 5.5805 2.5190 2.6992 0.149796 0.929113 0.161707 0.932586
34 5.5962 2.5588 2.6789 0.148850 0.929558 0.160912 0.932746
35 5.5849 2.5346 2.6918 0.147930 0.929772 0.160147 0.932826
36 5.6634 2.6761 2.6222 0.147035 0.930056 0.159411 0.932986
37 5.5219 2.5009 2.6673 0.146167 0.930279 0.158702 0.933066
38 5.5914 2.5551 2.6793 0.145323 0.930626 0.158021 0.933627
39 5.5339 2.5288 2.6436 0.144506 0.930777 0.157365 0.934027
40 5.5467 2.5723 2.6151 0.143712 0.930928 0.156735 0.934187
41 5.5092 2.4901 2.6705 0.142942 0.931186 0.156130 0.934588
42 5.5948 2.5469 2.6684 0.142198 0.931337 0.155548 0.934588
43 5.5562 2.5278 2.6640 0.141476 0.931515 0.154990 0.934508
44 5.5743 2.5262 2.6856 0.140778 0.931729 0.154454 0.934748
45 5.5118 2.5309 2.6180 0.140103 0.932058 0.153939 0.935148
46 5.4272 2.4764 2.5896 0.139450 0.932218 0.153446 0.935548
47 5.4754 2.4677 2.6516 0.138820 0.932520 0.152974 0.935548
48 5.6420 2.5945 2.6828 0.138212 0.932672 0.152521 0.935789
49 5.5772 2.6139 2.5978 0.137625 0.932716 0.152087 0.935949
