epoch time fwd_time bwd_time loss acc val_loss val_acc
0 8.7768 4.5058 3.8953 0.462490 0.823909 0.461556 0.825220
1 8.8274 4.5450 3.9021 0.458847 0.823909 0.458113 0.825220
2 8.7731 4.5600 3.8453 0.377494 0.823909 0.390799 0.825220
3 8.8656 4.5785 3.9024 0.337117 0.823909 0.350623 0.825220
4 8.8865 4.6114 3.8945 0.310546 0.825634 0.329762 0.847318
5 8.8418 4.5892 3.8763 0.282821 0.874158 0.240288 0.905925
6 8.8223 4.6013 3.8363 0.229150 0.904002 0.222780 0.902642
7 8.8167 4.5391 3.8960 0.195946 0.914392 0.222260 0.896477
8 8.9566 4.6243 3.9557 0.181684 0.920165 0.209316 0.902402
9 8.7790 4.5205 3.8754 0.175354 0.922682 0.198597 0.909528
10 8.8609 4.6251 3.8502 0.170788 0.924666 0.190330 0.913851
11 8.8870 4.6096 3.8965 0.166682 0.926151 0.183236 0.917694
12 8.7588 4.5008 3.8807 0.162563 0.927575 0.176641 0.920897
13 8.8180 4.5872 3.8612 0.158040 0.928971 0.170180 0.924740
14 8.8341 4.5609 3.8979 0.152914 0.930323 0.164474 0.929223
15 8.8298 4.5824 3.8733 0.149011 0.931569 0.162267 0.929944
16 8.7782 4.5212 3.8728 0.146542 0.932494 0.160512 0.930584
17 8.9272 4.6822 3.8704 0.144366 0.933481 0.157460 0.932186
18 9.0046 4.6536 3.9720 0.142473 0.934317 0.155103 0.933066
19 8.8814 4.5746 3.8919 0.141092 0.935224 0.153297 0.933227
20 8.8638 4.5645 3.9203 0.140477 0.936301 0.152902 0.933066
21 8.9379 4.6633 3.8959 0.140446 0.936621 0.154632 0.931545
22 8.8964 4.6234 3.8954 0.139633 0.937377 0.155301 0.931705
23 8.7915 4.5464 3.8585 0.138372 0.937840 0.154668 0.931705
24 8.7437 4.5401 3.8187 0.137061 0.938276 0.153715 0.932426
25 8.7874 4.5557 3.8454 0.135737 0.938809 0.152668 0.932986
26 8.8068 4.5072 3.9154 0.134414 0.939539 0.151619 0.933227
27 8.9788 4.6433 3.9262 0.133119 0.940001 0.150616 0.933467
28 8.8045 4.5679 3.8646 0.131892 0.940393 0.149682 0.934187
29 8.9627 4.6758 3.9031 0.130762 0.940855 0.148824 0.934347
30 8.7693 4.5190 3.8643 0.129740 0.941327 0.148040 0.934428
31 8.7605 4.5116 3.8737 0.128810 0.941754 0.147344 0.934748
32 8.7894 4.5366 3.8749 0.127949 0.942421 0.146800 0.934347
33 8.9304 4.5867 3.9560 0.127112 0.942759 0.146471 0.934508
34 8.9054 4.5573 3.9732 0.125971 0.943186 0.146169 0.934828
35 8.8374 4.5468 3.9136 0.123486 0.943737 0.146467 0.935468
36 8.8896 4.6201 3.8961 0.119037 0.944235 0.156245 0.931465
37 8.9212 4.6354 3.9069 0.111235 0.947082 0.128326 0.944996
38 8.8354 4.5559 3.9065 0.095558 0.953487 0.099601 0.959808
39 8.9973 4.6189 3.9993 0.071350 0.957409 0.096458 0.958607
40 8.8113 4.5363 3.9040 0.071504 0.958023 0.091828 0.961890
41 9.0475 4.7411 3.9253 0.064848 0.960318 0.089808 0.963331
42 8.7868 4.5318 3.8712 0.062083 0.961350 0.088430 0.963811
43 8.7869 4.5561 3.8577 0.060381 0.962311 0.087139 0.964932
44 8.9261 4.6089 3.9315 0.059333 0.962720 0.086065 0.965572
45 8.9198 4.6522 3.8872 0.058625 0.963120 0.085217 0.965332
46 8.9567 4.6845 3.8886 0.058093 0.963592 0.084578 0.965572
47 8.9177 4.6780 3.8612 0.057668 0.963858 0.084096 0.965653
48 8.9210 4.6075 3.9269 0.057318 0.964063 0.083716 0.965973
49 8.8005 4.5432 3.8757 0.057023 0.964107 0.083396 0.966133
