epoch time fwd_time bwd_time loss acc val_loss val_acc
0 8.8035 4.5208 3.9098 0.462051 0.823909 0.460972 0.825220
1 8.9564 4.6701 3.8992 0.455644 0.823909 0.454893 0.825220
2 9.0177 4.7166 3.9299 0.356132 0.823909 0.364970 0.825220
3 8.8138 4.5574 3.8879 0.334252 0.823909 0.343621 0.825220
4 8.8674 4.5792 3.9179 0.305330 0.827494 0.328794 0.845396
5 8.7763 4.5229 3.8763 0.256519 0.847108 0.285489 0.881665
6 8.8985 4.6481 3.8810 0.227888 0.876009 0.248543 0.891433
7 8.8797 4.5980 3.8654 0.207320 0.902472 0.252400 0.887350
8 8.9311 4.6508 3.8945 0.188626 0.910691 0.203466 0.913371
9 8.8862 4.6030 3.9089 0.170082 0.920867 0.203500 0.911930
10 8.7918 4.5267 3.8855 0.172522 0.922202 0.188706 0.919215
11 8.8665 4.5996 3.8942 0.182322 0.927450 0.184729 0.921137
12 8.8144 4.5558 3.8837 0.175732 0.928749 0.173381 0.926661
13 8.7751 4.5239 3.8706 0.178003 0.927886 0.166492 0.931865
14 9.0134 4.6596 3.9788 0.176328 0.929994 0.175552 0.924500
15 8.8542 4.5665 3.9136 0.151116 0.932369 0.164391 0.930584
16 8.7371 4.5261 3.8337 0.174259 0.934646 0.150994 0.937950
17 8.8214 4.5452 3.9030 0.139100 0.936230 0.145636 0.940512
18 8.8393 4.5507 3.9081 0.158254 0.939130 0.141299 0.942514
19 8.8261 4.5849 3.8672 0.149287 0.939645 0.138684 0.943235
20 8.9491 4.6150 3.9587 0.148683 0.941051 0.136062 0.944676
21 8.8704 4.5995 3.8894 0.141598 0.942447 0.133835 0.945957
22 8.9796 4.6637 3.9370 0.137430 0.943355 0.131181 0.946117
23 8.8407 4.5749 3.8847 0.146609 0.943212 0.129977 0.946757
24 8.8382 4.5760 3.8897 0.141636 0.943817 0.126478 0.946998
25 8.9177 4.6263 3.9132 0.140149 0.945249 0.124871 0.947558
26 8.8802 4.5991 3.9014 0.133493 0.945365 0.122929 0.948199
27 8.8545 4.6254 3.8561 0.128690 0.945979 0.121414 0.948999
28 8.8740 4.6400 3.8648 0.123483 0.946655 0.120264 0.949480
29 8.8600 4.6054 3.8727 0.119280 0.947411 0.119374 0.950120
30 8.9414 4.6798 3.8793 0.115632 0.947936 0.118546 0.950200
31 8.7987 4.5659 3.8625 0.112559 0.948736 0.117645 0.951081
32 8.7606 4.5214 3.8279 0.109740 0.949457 0.116689 0.951801
33 8.8626 4.6136 3.8705 0.107091 0.949955 0.115618 0.952442
34 8.8900 4.5514 3.9593 0.104300 0.950604 0.114484 0.953163
35 8.8175 4.5543 3.8888 0.101163 0.950898 0.113388 0.953803
36 8.7536 4.4917 3.8530 0.098754 0.951378 0.112243 0.954203
37 8.8834 4.6082 3.9059 0.098455 0.951788 0.111392 0.954043
38 8.8160 4.5529 3.8743 0.099271 0.952170 0.111132 0.953243
39 8.9507 4.6623 3.9123 0.099370 0.952455 0.110849 0.952842
40 8.8253 4.5738 3.8729 0.099492 0.952793 0.110596 0.952922
41 8.8261 4.5734 3.8804 0.098951 0.953211 0.110140 0.953082
42 8.7176 4.5058 3.8286 0.098422 0.953709 0.109688 0.953002
43 8.7267 4.4654 3.8799 0.097540 0.953931 0.109103 0.953163
44 8.8265 4.5635 3.8932 0.096587 0.954065 0.108496 0.953243
45 8.8084 4.5771 3.8544 0.095524 0.954252 0.107830 0.953323
46 8.7615 4.5236 3.8680 0.094431 0.954545 0.107114 0.953563
47 8.7532 4.5643 3.8061 0.093344 0.954883 0.106327 0.954043
48 8.7696 4.5247 3.8664 0.092276 0.955168 0.105450 0.954363
49 8.7428 4.5056 3.8684 0.091229 0.955559 0.104465 0.955004
