epoch time fwd_time bwd_time loss acc val_loss val_acc
0 8.9063 4.6102 3.9188 0.546296 0.823909 0.545279 0.825220
1 8.8284 4.5572 3.9048 0.477580 0.823909 0.476566 0.825220
2 8.9022 4.5918 3.9377 0.463115 0.823909 0.462326 0.825220
3 8.8056 4.5977 3.8019 0.462347 0.823909 0.461549 0.825220
4 8.8781 4.5930 3.9110 0.462004 0.823909 0.461195 0.825220
5 8.8633 4.6089 3.8751 0.461531 0.823909 0.460675 0.825220
6 8.7723 4.5541 3.8538 0.460425 0.823909 0.459422 0.825220
7 8.8853 4.6281 3.8836 0.414363 0.823909 0.421287 0.825220
8 8.8152 4.5559 3.8885 0.441521 0.823909 0.448222 0.825220
9 8.7683 4.5201 3.8805 0.377174 0.823909 0.386697 0.825220
10 8.7343 4.4853 3.8798 0.370224 0.823909 0.373609 0.825220
11 8.7842 4.5500 3.8689 0.355627 0.823909 0.362160 0.825220
12 8.7804 4.5390 3.8771 0.353059 0.823909 0.358272 0.825220
13 8.8203 4.5543 3.8799 0.350979 0.823909 0.355774 0.825220
14 8.8220 4.5712 3.8786 0.347604 0.823909 0.353000 0.825220
15 8.7723 4.5239 3.8706 0.338386 0.824007 0.346167 0.825861
16 9.0146 4.6577 3.9534 0.320527 0.830767 0.327165 0.833787
17 8.9592 4.7157 3.8713 0.262385 0.860210 0.288055 0.877822
18 8.7527 4.4876 3.8958 0.242751 0.881844 0.258213 0.888631
19 8.7166 4.5046 3.8525 0.237423 0.889627 0.246591 0.892234
20 9.0419 4.6736 3.9531 0.229818 0.894600 0.240143 0.896557
21 8.6817 4.4614 3.8464 0.224488 0.898238 0.238544 0.894876
22 8.9901 4.7102 3.9018 0.213990 0.900880 0.234918 0.896717
23 8.8175 4.5668 3.8843 0.206779 0.903575 0.230358 0.898799
24 8.8915 4.6287 3.8903 0.201047 0.905932 0.225774 0.900801
25 8.7574 4.5128 3.8721 0.196542 0.907916 0.221360 0.903363
26 8.7963 4.5582 3.8669 0.192922 0.909677 0.217456 0.906485
27 8.8273 4.5727 3.8860 0.189936 0.911278 0.214045 0.908487
28 9.0133 4.7214 3.9155 0.187408 0.912533 0.211031 0.909528
29 8.8885 4.6140 3.9042 0.185212 0.913653 0.208347 0.910809
30 8.7846 4.5786 3.8285 0.183279 0.914748 0.205947 0.912170
31 8.8050 4.5548 3.8811 0.181554 0.915797 0.203787 0.913050
32 8.8663 4.6031 3.9015 0.179997 0.916829 0.201834 0.913851
33 8.7334 4.4868 3.8755 0.178572 0.917550 0.200054 0.914412
34 8.7706 4.5074 3.8964 0.177252 0.918315 0.198423 0.915532
35 8.7854 4.5649 3.8487 0.176014 0.919044 0.196916 0.916093
36 8.9012 4.6352 3.8886 0.174842 0.919756 0.195512 0.916813
37 8.8379 4.6028 3.8613 0.173722 0.920476 0.194195 0.917854
38 8.7983 4.5361 3.8853 0.172643 0.920903 0.192949 0.918335
39 9.0060 4.6858 3.9445 0.171597 0.921375 0.191762 0.918975
40 8.7857 4.5326 3.8910 0.170579 0.921944 0.190626 0.919456
41 8.9110 4.6253 3.9197 0.169584 0.922486 0.189531 0.919616
42 8.7876 4.5539 3.8604 0.168609 0.922949 0.188472 0.920096
43 8.8906 4.5648 3.9570 0.167651 0.923483 0.187444 0.920657
44 8.8574 4.5597 3.9316 0.166710 0.923821 0.186441 0.920977
45 8.8959 4.5862 3.9007 0.165785 0.924248 0.185463 0.921457
46 8.9611 4.6753 3.9103 0.164876 0.924603 0.184505 0.921537
47 8.8562 4.6080 3.8764 0.163981 0.924986 0.183565 0.922018
48 8.7174 4.5030 3.8515 0.163102 0.925315 0.182645 0.922418
49 8.8094 4.5595 3.8855 0.162237 0.925662 0.181740 0.923058
