epoch time fwd_time bwd_time loss acc val_loss val_acc
0 8.8438 4.5844 3.8963 0.510824 0.682322 0.508977 0.825220
1 8.7764 4.5530 3.8673 0.464544 0.823909 0.463557 0.825220
2 8.7551 4.5532 3.8401 0.463090 0.823909 0.462100 0.825220
3 8.7232 4.4821 3.8758 0.462821 0.823909 0.461831 0.825220
4 8.7472 4.5271 3.8726 0.462507 0.823909 0.461520 0.825220
5 8.8457 4.5708 3.9110 0.462029 0.823909 0.461055 0.825220
6 8.6546 4.4797 3.8150 0.461119 0.823909 0.460205 0.825220
7 8.8356 4.5870 3.8883 0.459531 0.823909 0.458826 0.825220
8 8.7985 4.5631 3.8760 0.457955 0.823909 0.457301 0.825220
9 8.9082 4.6252 3.9183 0.455866 0.823909 0.454997 0.825220
10 8.8675 4.6203 3.8947 0.432118 0.823909 0.430245 0.825220
11 8.8877 4.6562 3.8713 0.376166 0.823909 0.380009 0.825220
12 8.8556 4.5939 3.9094 0.367210 0.823909 0.370896 0.825220
13 8.9168 4.6059 3.9628 0.360031 0.823909 0.364685 0.825220
14 8.7144 4.5100 3.8520 0.355415 0.823909 0.360732 0.825220
15 8.9009 4.6351 3.8995 0.351630 0.823909 0.357604 0.825220
16 8.7175 4.5100 3.8460 0.348290 0.823909 0.354944 0.825220
17 8.8018 4.5641 3.8292 0.345187 0.823909 0.352555 0.825220
18 8.8668 4.6008 3.9064 0.342129 0.823909 0.350281 0.825220
19 8.8638 4.6257 3.8835 0.338632 0.823927 0.347841 0.825220
20 8.8315 4.5724 3.8963 0.334912 0.824371 0.345127 0.825300
21 8.8995 4.6501 3.8856 0.331157 0.824531 0.342426 0.825861
22 8.9020 4.5978 3.9392 0.326987 0.824291 0.339522 0.824820
23 8.8189 4.5695 3.8944 0.321781 0.823998 0.335937 0.825460
24 8.8775 4.6137 3.9047 0.314737 0.824781 0.330661 0.826421
25 8.8802 4.6271 3.8794 0.303006 0.827405 0.319972 0.831946
26 8.8033 4.5223 3.9236 0.284921 0.839689 0.294078 0.857646
27 8.8697 4.6232 3.8876 0.250829 0.880919 0.259846 0.893915
28 8.8776 4.5910 3.9235 0.236206 0.896405 0.244822 0.897278
29 8.9658 4.6048 4.0005 0.233690 0.900737 0.235987 0.900881
30 8.7683 4.5635 3.8363 0.227237 0.904038 0.228906 0.904884
31 8.7270 4.5066 3.8603 0.221656 0.906884 0.221787 0.907286
32 9.1704 4.7793 4.0244 0.215825 0.910140 0.214279 0.910568
33 8.9318 4.6321 3.9369 0.212010 0.912871 0.207993 0.911689
34 8.7671 4.5194 3.9028 0.211169 0.914925 0.204191 0.913371
35 8.8542 4.6171 3.8854 0.210655 0.916642 0.202454 0.914732
36 8.8526 4.5751 3.9049 0.209008 0.917683 0.201872 0.914892
37 8.9722 4.6565 3.9629 0.205795 0.918528 0.201415 0.914652
38 8.8362 4.5667 3.9020 0.201955 0.919480 0.200674 0.915052
39 8.7830 4.5481 3.8854 0.197984 0.919711 0.199941 0.915372
40 8.8461 4.5625 3.9284 0.193641 0.920271 0.198694 0.915532
41 8.7916 4.6002 3.8327 0.189351 0.921063 0.196547 0.916253
42 8.8500 4.5675 3.9307 0.185553 0.921366 0.193708 0.917694
43 8.9194 4.6019 3.9535 0.182435 0.921641 0.190476 0.918655
44 8.8988 4.6575 3.8766 0.180126 0.922059 0.187243 0.920096
45 8.9154 4.6450 3.9029 0.178549 0.922566 0.184477 0.920336
46 8.7567 4.5439 3.8517 0.177376 0.923118 0.182356 0.920977
47 8.8717 4.6192 3.8922 0.176335 0.923589 0.180711 0.922258
48 8.7332 4.4843 3.8831 0.175326 0.924025 0.179332 0.922738
49 8.8163 4.5563 3.8953 0.174323 0.924346 0.178093 0.923539
