epoch time fwd_time bwd_time loss acc val_loss val_acc
0 8.7053 4.4721 3.8650 0.551572 0.701341 0.549930 0.825220
1 8.8416 4.6044 3.8652 0.475781 0.823909 0.474769 0.825220
2 8.8574 4.5453 3.9475 0.464120 0.823909 0.463123 0.825220
3 8.8718 4.5756 3.9323 0.462940 0.823909 0.461899 0.825220
4 8.9275 4.6375 3.8785 0.462626 0.823909 0.461567 0.825220
5 8.8181 4.5555 3.8914 0.462255 0.823909 0.461196 0.825220
6 8.9404 4.6629 3.9133 0.461511 0.823909 0.460507 0.825220
7 8.7871 4.5822 3.8424 0.459990 0.823909 0.459119 0.825220
8 8.9678 4.6563 3.9464 0.411709 0.823909 0.413765 0.825220
9 8.8400 4.6049 3.8657 0.357918 0.822752 0.370525 0.821377
10 8.8887 4.6520 3.8769 0.339752 0.821169 0.355540 0.822818
11 8.8495 4.5994 3.8811 0.312468 0.824967 0.330406 0.830104
12 8.8274 4.5614 3.9035 0.261503 0.863982 0.273553 0.892474
13 8.8126 4.5498 3.8978 0.246166 0.892705 0.255325 0.898239
14 8.9220 4.5677 3.9792 0.235632 0.900221 0.243429 0.903363
15 9.0707 4.7399 3.9658 0.230525 0.903735 0.236070 0.904724
16 8.8503 4.5843 3.9071 0.224917 0.906884 0.231639 0.906485
17 8.8693 4.6094 3.8797 0.217506 0.909570 0.227138 0.907606
18 8.8324 4.5767 3.8901 0.211007 0.911616 0.222433 0.909047
19 8.9183 4.6611 3.8885 0.205617 0.913564 0.218273 0.910328
20 8.9471 4.6061 3.9790 0.201021 0.914970 0.214325 0.911449
21 8.6847 4.4847 3.8337 0.197176 0.916936 0.210618 0.912250
22 8.8182 4.5806 3.8725 0.193947 0.918510 0.207156 0.913611
23 8.7988 4.5465 3.8852 0.191183 0.919827 0.203889 0.915212
24 8.7536 4.5387 3.8529 0.188724 0.921001 0.200754 0.915853
25 8.7893 4.5521 3.8784 0.186474 0.922727 0.197712 0.916813
26 8.8822 4.6323 3.8859 0.184406 0.924221 0.194749 0.917854
27 8.7699 4.5080 3.9048 0.182534 0.925537 0.191874 0.918815
28 8.9495 4.6792 3.8981 0.180875 0.926854 0.189121 0.920096
29 8.7864 4.5731 3.8475 0.179447 0.927832 0.186555 0.921297
30 8.8496 4.5324 3.9392 0.178364 0.928864 0.184244 0.922818
31 8.8789 4.6146 3.8904 0.177982 0.930092 0.182171 0.924259
32 8.8961 4.6168 3.9092 0.178986 0.931524 0.180116 0.924099
33 8.9658 4.6565 3.9113 0.181090 0.932654 0.177189 0.925861
34 8.9018 4.5946 3.9395 0.180096 0.934282 0.170189 0.929704
35 8.8826 4.6374 3.8787 0.175106 0.936114 0.162217 0.934347
36 8.9186 4.6630 3.8865 0.176173 0.937173 0.160537 0.935548
37 8.7826 4.5215 3.8545 0.174663 0.938614 0.160649 0.934828
38 8.8360 4.6104 3.8615 0.167451 0.939868 0.158164 0.936189
39 8.8466 4.5675 3.9049 0.159031 0.941033 0.154420 0.938831
40 8.8576 4.6281 3.8630 0.153178 0.942154 0.152123 0.938511
41 8.8430 4.6221 3.8611 0.148722 0.942803 0.151139 0.938671
42 8.6649 4.4867 3.8151 0.143155 0.943364 0.149265 0.939472
43 8.7995 4.5563 3.8770 0.137476 0.944200 0.146495 0.940833
44 8.8882 4.6350 3.8870 0.133080 0.945009 0.144446 0.941954
45 8.7472 4.5570 3.8241 0.129596 0.945614 0.142811 0.942754
46 8.7938 4.5815 3.8460 0.126689 0.946290 0.141352 0.943635
47 8.9655 4.6794 3.9132 0.124135 0.946673 0.139921 0.944436
48 8.8720 4.6408 3.8711 0.121802 0.947304 0.138454 0.944756
49 8.8185 4.5469 3.8950 0.119604 0.947856 0.136920 0.944836
