epoch time fwd_time bwd_time loss acc val_loss val_acc
0 8.7230 4.5301 3.8192 0.462159 0.823811 0.461392 0.825220
1 8.7079 4.4798 3.8629 0.458021 0.823909 0.457282 0.825220
2 8.8138 4.5703 3.8772 0.349644 0.823882 0.388884 0.825701
3 8.8759 4.6080 3.8547 0.302238 0.826195 0.321045 0.833147
4 9.0126 4.6981 3.9300 0.234873 0.847375 0.256828 0.883026
5 8.9229 4.6571 3.8980 0.187930 0.892109 0.247024 0.896717
6 8.7940 4.5491 3.8705 0.153119 0.919969 0.228233 0.905284
7 8.8469 4.5845 3.8879 0.122544 0.930964 0.153974 0.936589
8 8.8724 4.6137 3.8886 0.101198 0.943026 0.148693 0.942594
9 8.8138 4.5966 3.8438 0.090168 0.948158 0.112205 0.954363
10 8.7133 4.4797 3.8594 0.086494 0.953522 0.113275 0.952682
11 8.8633 4.6212 3.8679 0.081899 0.955212 0.100807 0.958927
12 8.9593 4.6518 3.9294 0.081589 0.956013 0.096263 0.959327
13 8.8100 4.5381 3.8840 0.073043 0.958085 0.091956 0.961970
14 8.7800 4.5373 3.8666 0.075217 0.958308 0.111361 0.953563
15 8.9258 4.6397 3.9087 0.070931 0.958637 0.094079 0.959968
16 8.8387 4.5393 3.9199 0.083048 0.960283 0.095481 0.960608
17 8.7396 4.4887 3.8758 0.068026 0.959260 0.088961 0.963571
18 8.8156 4.5646 3.8746 0.063751 0.961074 0.084704 0.965172
19 8.9761 4.6515 3.9450 0.062399 0.961448 0.083817 0.965412
20 8.9501 4.6543 3.9265 0.066463 0.961030 0.086346 0.964532
21 8.8079 4.5862 3.8560 0.070219 0.962026 0.082700 0.965973
22 9.0158 4.7204 3.9138 0.061494 0.962088 0.082994 0.967014
23 8.8426 4.5427 3.9249 0.059095 0.963067 0.081698 0.967094
24 8.8269 4.5864 3.8569 0.068689 0.961537 0.083542 0.965252
25 8.9300 4.6661 3.8848 0.058081 0.963129 0.080662 0.967814
26 8.8838 4.5754 3.9350 0.067517 0.962115 0.083724 0.964692
27 8.9622 4.6585 3.9237 0.058407 0.964054 0.079411 0.967414
28 8.8832 4.5671 3.8933 0.066351 0.962444 0.083498 0.965332
29 8.7352 4.5030 3.8520 0.064068 0.963592 0.081216 0.967414
30 8.8087 4.5654 3.8635 0.066671 0.963236 0.080568 0.966293
31 8.7972 4.5496 3.8727 0.060389 0.964348 0.077696 0.968215
32 8.8799 4.6128 3.9000 0.059079 0.964410 0.077343 0.968295
33 8.8343 4.5792 3.8780 0.065572 0.964446 0.077804 0.969335
34 8.8252 4.5542 3.8881 0.059025 0.964499 0.080847 0.967814
35 8.7737 4.5073 3.8856 0.065569 0.964196 0.079274 0.966773
36 8.8914 4.6236 3.8909 0.062629 0.964686 0.076334 0.969175
37 8.7035 4.4926 3.8526 0.063140 0.964401 0.077866 0.967894
38 8.9303 4.6819 3.8753 0.063839 0.964161 0.079591 0.966773
39 8.8708 4.6147 3.8679 0.062197 0.965113 0.076032 0.969656
40 8.8565 4.5780 3.9063 0.061817 0.964739 0.077296 0.967654
41 8.7256 4.4993 3.8483 0.061946 0.964526 0.078533 0.967094
42 8.7845 4.5442 3.8718 0.057301 0.965264 0.079351 0.968775
43 8.7043 4.5065 3.8318 0.060961 0.965130 0.077176 0.967654
44 8.8891 4.6564 3.8645 0.061434 0.964872 0.077655 0.967414
45 8.8394 4.5439 3.9115 0.057334 0.965735 0.078590 0.969015
46 8.9545 4.6826 3.8835 0.060469 0.965451 0.076434 0.967894
47 8.8518 4.5647 3.9168 0.060930 0.965211 0.076797 0.967334
48 8.8492 4.5927 3.8717 0.056568 0.965860 0.078314 0.968935
49 8.7895 4.5581 3.8573 0.056578 0.966189 0.078051 0.968775
