epoch time fwd_time bwd_time loss acc val_loss val_acc
0 8.9479 4.6463 3.8951 0.496511 0.823909 0.494849 0.825220
1 8.7263 4.5008 3.8669 0.463475 0.823909 0.462321 0.825220
2 8.7675 4.5523 3.8571 0.462028 0.823909 0.460797 0.825220
3 8.8436 4.5890 3.8950 0.459188 0.823909 0.457620 0.825220
4 8.7975 4.5208 3.8709 0.389150 0.823909 0.394700 0.825220
5 8.8550 4.6170 3.8773 0.358670 0.823909 0.367934 0.825220
6 8.8811 4.6058 3.9128 0.347025 0.823918 0.359830 0.825220
7 8.7475 4.5012 3.8882 0.343194 0.824104 0.355190 0.825220
8 9.0719 4.7072 4.0032 0.339713 0.824122 0.351949 0.825300
9 8.9039 4.5808 3.9652 0.336559 0.824069 0.349237 0.825460
10 8.6857 4.4899 3.8349 0.333516 0.824042 0.346702 0.825701
11 8.8380 4.6119 3.8587 0.330085 0.824007 0.344021 0.825701
12 8.8530 4.5920 3.9110 0.325752 0.824131 0.340719 0.825620
13 8.7953 4.5637 3.8688 0.320095 0.824487 0.335008 0.826821
14 8.9581 4.6410 3.9509 0.302142 0.828419 0.320615 0.835388
15 8.7622 4.4784 3.9178 0.228451 0.871926 0.240659 0.902322
16 9.1636 4.7557 4.0440 0.201754 0.908645 0.211482 0.912410
17 8.9381 4.6196 3.9525 0.183880 0.916197 0.197391 0.918575
18 8.8156 4.5414 3.9082 0.184504 0.918395 0.191644 0.921857
19 8.9238 4.6452 3.9172 0.186423 0.921375 0.190953 0.923058
20 8.9693 4.6912 3.9186 0.182309 0.923527 0.188190 0.924019
21 8.8065 4.5363 3.9051 0.181289 0.924755 0.188341 0.923139
22 8.8893 4.6551 3.8709 0.179303 0.925715 0.190154 0.921938
23 8.8376 4.6160 3.8595 0.173883 0.926952 0.188642 0.922498
24 8.9032 4.6348 3.9096 0.169747 0.928162 0.185543 0.923939
25 8.9259 4.6338 3.8834 0.167054 0.929113 0.183573 0.924900
26 8.6739 4.4678 3.8465 0.164871 0.929994 0.182001 0.925781
27 8.8062 4.5350 3.9118 0.162979 0.930732 0.180601 0.926021
28 8.6649 4.4942 3.8064 0.161296 0.931577 0.179303 0.926581
29 8.7886 4.5240 3.8713 0.159776 0.932529 0.178084 0.927462
30 8.9030 4.6557 3.8854 0.158377 0.933223 0.176923 0.927462
31 8.8254 4.5760 3.8952 0.157052 0.933819 0.175803 0.927942
32 8.8101 4.5533 3.8889 0.155750 0.934495 0.174722 0.927862
33 8.6744 4.4949 3.8170 0.154373 0.934984 0.173669 0.927862
34 8.7848 4.5559 3.8637 0.152707 0.935803 0.172656 0.928022
35 8.8922 4.6287 3.8982 0.149902 0.936746 0.171690 0.927942
36 8.6792 4.4873 3.8227 0.137827 0.937893 0.166769 0.928183
37 8.8968 4.6691 3.8654 0.123935 0.941318 0.148833 0.938191
38 8.8847 4.6223 3.8915 0.120131 0.942714 0.144058 0.940432
39 8.7559 4.5153 3.8775 0.116887 0.943960 0.141349 0.940592
40 8.7347 4.5067 3.8671 0.113483 0.945009 0.139232 0.941713
41 8.9049 4.6241 3.9186 0.110306 0.946433 0.139168 0.942354
42 8.7311 4.4994 3.8653 0.107345 0.947749 0.140170 0.942354
43 8.9322 4.6390 3.9349 0.104867 0.948897 0.138797 0.942674
44 8.8271 4.5306 3.9258 0.102590 0.949697 0.136606 0.943155
45 8.7808 4.5369 3.8871 0.100508 0.950124 0.134181 0.944195
46 8.7702 4.5537 3.8517 0.098695 0.950613 0.131831 0.944596
47 8.6927 4.4721 3.8543 0.097145 0.951174 0.129724 0.945316
48 8.8266 4.5360 3.9242 0.095811 0.951583 0.127914 0.945957
49 8.9885 4.6870 3.9266 0.094634 0.952019 0.126367 0.946197
