epoch time fwd_time bwd_time loss acc val_loss val_acc
0 8.7974 4.5564 3.8444 0.462303 0.805496 0.461545 0.825220
1 8.8842 4.5776 3.8529 0.427535 0.823909 0.420960 0.825220
2 8.8495 4.5820 3.8647 0.347102 0.823909 0.355922 0.825220
3 8.8395 4.5258 3.9089 0.340972 0.823909 0.349362 0.825220
4 8.8904 4.6557 3.8332 0.326958 0.824211 0.343461 0.825220
5 8.9123 4.6098 3.9010 0.276557 0.833445 0.353796 0.866613
6 8.9305 4.5866 3.9419 0.226996 0.886727 0.202066 0.917374
7 9.0126 4.6498 3.9613 0.185033 0.917309 0.182917 0.923539
8 9.0086 4.6905 3.9178 0.212118 0.921205 0.182704 0.923779
9 8.9248 4.6731 3.8607 0.157974 0.925048 0.211682 0.903843
10 8.9473 4.6436 3.9001 0.163182 0.925244 0.214009 0.904884
11 8.8655 4.5653 3.9008 0.157494 0.927334 0.189446 0.916013
12 8.9072 4.5838 3.9195 0.172370 0.928197 0.188080 0.916253
13 8.8628 4.5978 3.8851 0.151671 0.930047 0.184525 0.917934
14 8.8758 4.5731 3.8977 0.154084 0.930216 0.180056 0.920416
15 8.8683 4.5807 3.8919 0.143779 0.931186 0.167869 0.925941
16 8.9277 4.6104 3.9098 0.149299 0.932325 0.176649 0.920977
17 9.0117 4.6917 3.9248 0.142994 0.933312 0.168338 0.925460
18 9.0333 4.7061 3.9297 0.139947 0.933863 0.167523 0.925220
19 8.8720 4.5816 3.8853 0.139367 0.934691 0.165410 0.926501
20 8.9854 4.6831 3.9129 0.135223 0.935411 0.165269 0.926261
21 8.8212 4.5473 3.8736 0.132165 0.935856 0.159312 0.930665
22 8.9665 4.6678 3.8893 0.133748 0.936345 0.172717 0.922098
23 8.9570 4.6470 3.9099 0.129059 0.937253 0.162227 0.927542
24 8.8505 4.5699 3.8790 0.134859 0.937173 0.171854 0.922018
25 8.8573 4.5685 3.8866 0.125454 0.939005 0.156549 0.930905
26 8.9279 4.6030 3.8866 0.125561 0.938320 0.165687 0.925140
27 8.8137 4.5519 3.8601 0.124125 0.939414 0.162607 0.926421
28 8.8652 4.6005 3.8685 0.111485 0.941140 0.152397 0.931946
29 8.7756 4.5096 3.8698 0.113703 0.940757 0.183462 0.920096
30 8.7893 4.5180 3.8818 0.095080 0.944271 0.154659 0.934107
31 9.0346 4.6546 3.9825 0.091617 0.946691 0.141840 0.938271
32 8.8859 4.5817 3.9058 0.087216 0.949519 0.111092 0.949480
33 8.8262 4.5302 3.8989 0.082283 0.952197 0.115608 0.948439
34 8.7793 4.5375 3.8412 0.087997 0.953060 0.101082 0.955004
35 9.0440 4.6768 3.9645 0.086084 0.954403 0.113368 0.949079
36 8.9476 4.6864 3.8622 0.083877 0.955399 0.096381 0.959808
37 8.9712 4.6651 3.9090 0.099747 0.955675 0.106368 0.956285
38 8.8274 4.6059 3.8278 0.076360 0.956600 0.097735 0.955725
39 8.9437 4.5959 3.9459 0.102327 0.956742 0.106462 0.956285
40 8.8228 4.5804 3.8376 0.071483 0.956662 0.093780 0.959568
41 8.8936 4.6030 3.8904 0.075874 0.958628 0.100818 0.955805
42 8.9401 4.6144 3.9208 0.074697 0.958628 0.093834 0.962530
43 8.9314 4.5962 3.9294 0.081675 0.959437 0.099376 0.957726
44 9.0428 4.6782 3.9621 0.073429 0.959980 0.089119 0.962930
45 8.8679 4.6278 3.8358 0.068495 0.960229 0.090621 0.960448
46 8.8118 4.5788 3.8395 0.064786 0.958948 0.088203 0.961970
47 9.0715 4.6864 3.9433 0.088282 0.960398 0.097616 0.958847
48 8.8368 4.5831 3.8540 0.083145 0.958103 0.090525 0.962930
49 9.0770 4.7339 3.9400 0.073083 0.961670 0.086224 0.963731
