epoch time fwd_time bwd_time loss acc val_loss val_acc
0 8.8605 4.5391 3.9290 0.460283 0.794047 0.459554 0.825220
1 8.8614 4.6265 3.8561 0.399579 0.823909 0.399532 0.825220
2 8.7339 4.4961 3.8459 0.349180 0.823909 0.358306 0.825220
3 8.8502 4.5837 3.8863 0.341133 0.823909 0.348963 0.825220
4 8.8740 4.6146 3.8740 0.329566 0.823909 0.342655 0.825220
5 9.0855 4.7806 3.9159 0.324698 0.824487 0.334713 0.825941
6 8.7997 4.5016 3.9016 0.309059 0.826906 0.310898 0.830264
7 8.9221 4.6046 3.9153 0.259723 0.854153 0.243979 0.908727
8 8.8676 4.5905 3.8735 0.186032 0.902285 0.228233 0.899199
9 9.0244 4.7293 3.8996 0.212155 0.914285 0.194712 0.917454
10 8.8405 4.5658 3.8732 0.212234 0.918555 0.187615 0.920657
11 8.8225 4.5066 3.9047 0.170504 0.921988 0.205670 0.905845
12 8.9411 4.6308 3.9114 0.175179 0.925324 0.198085 0.910488
13 8.8313 4.5701 3.8571 0.168427 0.927432 0.195544 0.910969
14 8.7539 4.5336 3.7944 0.164623 0.929167 0.192141 0.911849
15 8.8576 4.5998 3.8679 0.161186 0.930910 0.189251 0.914011
16 8.9392 4.6128 3.9289 0.158749 0.931453 0.186601 0.915132
17 8.8746 4.5658 3.9115 0.156842 0.932200 0.184270 0.916013
18 8.9464 4.6052 3.9042 0.155220 0.932645 0.182210 0.917374
19 8.7543 4.5312 3.8242 0.153742 0.933401 0.180348 0.918255
20 9.0369 4.6467 3.9915 0.152345 0.934113 0.178629 0.919215
21 8.8950 4.6127 3.8821 0.151004 0.934646 0.177020 0.919696
22 9.0468 4.6707 3.9337 0.149708 0.935171 0.175503 0.920336
23 8.9608 4.5980 3.9593 0.148453 0.935625 0.174066 0.920657
24 8.7821 4.5027 3.8732 0.147242 0.935972 0.172708 0.921457
25 9.1027 4.7129 3.9957 0.146088 0.936203 0.171441 0.922018
26 8.9170 4.6621 3.8598 0.144995 0.936621 0.170262 0.922898
27 8.8772 4.6025 3.8742 0.143959 0.936888 0.169151 0.923459
28 8.8402 4.5811 3.8560 0.142953 0.937261 0.168048 0.923939
29 8.9049 4.6059 3.8929 0.141942 0.937484 0.166876 0.924900
30 8.8873 4.6426 3.8642 0.140908 0.937795 0.165574 0.925620
31 8.9170 4.6173 3.8985 0.139895 0.938026 0.164230 0.925781
32 9.0310 4.6797 3.9518 0.138956 0.938089 0.162982 0.926501
33 8.7596 4.5144 3.8514 0.138121 0.938391 0.161939 0.927142
34 9.0311 4.7303 3.9022 0.137368 0.938738 0.161056 0.928183
35 8.7908 4.5409 3.8515 0.136703 0.939041 0.160384 0.928263
36 8.9402 4.5881 3.9472 0.136003 0.939441 0.159495 0.928903
37 8.7788 4.5080 3.8690 0.135673 0.939556 0.159849 0.928903
38 8.8872 4.6216 3.8699 0.134293 0.940055 0.156250 0.929944
39 8.8456 4.5809 3.8609 0.134484 0.940179 0.158296 0.929223
40 8.9101 4.6191 3.8853 0.134060 0.940268 0.158212 0.928983
41 9.0219 4.6752 3.9377 0.132663 0.940633 0.154468 0.931305
42 8.8317 4.5477 3.8815 0.132436 0.940793 0.154686 0.930985
43 8.9516 4.5965 3.9002 0.131871 0.940873 0.153868 0.931545
44 8.8062 4.5296 3.8671 0.131007 0.940998 0.152391 0.932346
45 8.8985 4.5860 3.9144 0.130617 0.941229 0.152264 0.933147
46 8.9897 4.6191 3.9734 0.131045 0.941273 0.154541 0.931465
47 9.0164 4.6861 3.9275 0.130486 0.941638 0.152231 0.933787
48 8.9614 4.6574 3.8948 0.131422 0.941914 0.155062 0.930344
49 8.9507 4.6838 3.8633 0.129919 0.942038 0.152728 0.932026
