epoch time fwd_time bwd_time loss acc val_loss val_acc
0 8.9183 4.5909 3.9270 0.456855 0.802409 0.455881 0.825220
1 8.8375 4.5271 3.9142 0.360817 0.823909 0.367360 0.825220
2 8.8000 4.5240 3.8764 0.340795 0.823909 0.348965 0.825220
3 8.7092 4.4938 3.8246 0.328688 0.823909 0.337636 0.825220
4 8.8594 4.5675 3.8984 0.293240 0.826382 0.323755 0.856205
5 8.9400 4.6404 3.9005 0.222369 0.877156 0.269220 0.890392
6 8.9123 4.5712 3.9399 0.203623 0.901618 0.244215 0.892954
7 8.9430 4.6106 3.9289 0.184959 0.912613 0.207827 0.910488
8 9.0358 4.6474 3.9799 0.176556 0.914979 0.198283 0.912650
9 9.0616 4.7190 3.8969 0.171748 0.917719 0.209158 0.906245
10 8.8387 4.5617 3.8722 0.168774 0.920859 0.206618 0.907766
11 8.8097 4.5533 3.8586 0.170831 0.921979 0.204110 0.908327
12 8.8714 4.6064 3.8624 0.174772 0.923198 0.191937 0.914572
13 8.9658 4.6431 3.8845 0.172572 0.924319 0.187056 0.916894
14 9.0354 4.6832 3.9491 0.170853 0.925546 0.183154 0.919215
15 8.8485 4.5924 3.8575 0.169177 0.926543 0.179988 0.920657
16 8.8100 4.5423 3.8722 0.167598 0.927352 0.177298 0.922658
17 8.9282 4.6264 3.9041 0.166179 0.928375 0.175130 0.923779
18 8.7564 4.4950 3.8686 0.164981 0.929256 0.173419 0.924820
19 8.9860 4.6269 3.9504 0.163925 0.929789 0.172768 0.925620
20 8.9056 4.6150 3.8879 0.162705 0.930804 0.172745 0.924900
21 8.9563 4.6675 3.8830 0.160909 0.931729 0.171352 0.924980
22 8.8798 4.5652 3.9118 0.158195 0.932218 0.171036 0.926181
23 8.8264 4.5575 3.8653 0.151900 0.933374 0.172346 0.924820
24 8.7681 4.5332 3.8306 0.142516 0.935518 0.157232 0.930665
25 8.9052 4.5920 3.9073 0.139623 0.935224 0.154966 0.932026
26 8.8983 4.5627 3.9347 0.137855 0.936212 0.149877 0.934508
27 9.0020 4.6569 3.9474 0.136463 0.936932 0.145161 0.936189
28 8.7158 4.4951 3.8289 0.135090 0.937662 0.142746 0.936749
29 8.8027 4.5614 3.8441 0.133362 0.938409 0.140333 0.938751
30 8.8209 4.5998 3.8195 0.131720 0.939076 0.138386 0.940112
31 8.9424 4.6277 3.9130 0.130326 0.939903 0.137062 0.941313
32 9.0177 4.5947 4.0255 0.129238 0.940562 0.136469 0.941873
33 8.9689 4.6512 3.9132 0.128413 0.941086 0.136384 0.940913
34 8.8718 4.5487 3.9086 0.127734 0.941914 0.136151 0.941393
35 8.8261 4.5600 3.8654 0.127122 0.942350 0.135419 0.941633
36 8.8492 4.5468 3.8973 0.126523 0.942563 0.135026 0.941713
37 8.8848 4.5592 3.9262 0.125998 0.942732 0.134581 0.941954
38 9.0371 4.6278 3.9639 0.125524 0.942946 0.134477 0.941954
39 8.8788 4.6199 3.8593 0.125086 0.943248 0.134089 0.941873
40 8.9291 4.6411 3.8922 0.124737 0.943310 0.133528 0.942514
41 8.7232 4.4844 3.8421 0.124368 0.943462 0.132417 0.943955
42 8.9620 4.7239 3.8383 0.124016 0.943568 0.132240 0.944115
43 8.8260 4.5261 3.8953 0.123793 0.943648 0.131091 0.944916
44 8.8297 4.5347 3.8975 0.123371 0.943782 0.131629 0.944436
45 8.8116 4.5418 3.8614 0.123699 0.943755 0.131420 0.944115
46 9.0912 4.7538 3.9379 0.122902 0.944413 0.129552 0.945316
47 8.8487 4.5462 3.9039 0.125126 0.943284 0.141905 0.938831
48 9.1038 4.7042 4.0021 0.125586 0.943408 0.137478 0.939151
49 8.9731 4.6742 3.8993 0.122181 0.944974 0.128922 0.944996
