epoch time fwd_time bwd_time loss acc val_loss val_acc
0 8.8960 4.6207 3.8668 0.458129 0.812140 0.457387 0.825220
1 8.8736 4.6099 3.8618 0.345530 0.823909 0.353681 0.825220
2 8.8955 4.5986 3.8944 0.334838 0.823909 0.338635 0.825220
3 8.9853 4.6702 3.9044 0.307982 0.824887 0.318816 0.825861
4 8.8727 4.6209 3.8458 0.315596 0.823633 0.327150 0.825220
5 8.8024 4.5129 3.8917 0.299724 0.827164 0.311030 0.832426
6 8.9409 4.6812 3.8427 0.244022 0.852694 0.274208 0.900560
7 8.8872 4.6112 3.8757 0.206506 0.901200 0.226186 0.903603
8 8.8964 4.6344 3.8665 0.186747 0.912390 0.214138 0.904964
9 9.0240 4.6536 3.9719 0.177776 0.917932 0.209104 0.905845
10 8.9130 4.5889 3.9253 0.171087 0.920521 0.203421 0.906725
11 8.9921 4.6721 3.9135 0.167013 0.922362 0.188774 0.916093
12 8.9399 4.6345 3.9038 0.163873 0.924541 0.189873 0.915773
13 8.9132 4.6087 3.8996 0.160973 0.926196 0.186761 0.916493
14 8.8152 4.5293 3.8787 0.158293 0.927041 0.183439 0.918655
15 8.8004 4.5123 3.8848 0.155912 0.928010 0.180533 0.919696
16 8.8562 4.5658 3.8868 0.153755 0.928820 0.177846 0.921297
17 8.9806 4.6269 3.9099 0.151776 0.929816 0.175261 0.923219
18 8.9052 4.5949 3.9080 0.150020 0.930706 0.172728 0.924580
19 8.9321 4.6554 3.8785 0.148499 0.931684 0.170655 0.925620
20 8.8553 4.5614 3.8914 0.147036 0.932538 0.168928 0.925861
21 8.8318 4.5196 3.8650 0.145654 0.933339 0.167421 0.926821
22 9.0529 4.6829 3.9668 0.144375 0.934077 0.166074 0.927062
23 8.9139 4.6153 3.8972 0.143193 0.934753 0.164803 0.926902
24 8.8277 4.5830 3.8416 0.142084 0.935313 0.163497 0.927382
25 9.1372 4.7520 3.9775 0.141043 0.935776 0.162195 0.928423
26 9.0486 4.6859 3.9651 0.140073 0.936390 0.160940 0.929063
27 9.1470 4.7465 3.9946 0.139156 0.936995 0.159687 0.929544
28 8.9105 4.6183 3.8866 0.138272 0.937475 0.158423 0.929864
29 8.9910 4.6506 3.9466 0.137409 0.937929 0.157180 0.930184
30 8.9374 4.6375 3.9025 0.136566 0.938445 0.155989 0.930665
31 9.0207 4.6478 3.9684 0.135751 0.939041 0.154883 0.930745
32 8.8380 4.5332 3.9094 0.134969 0.939343 0.153872 0.931625
33 8.8379 4.5451 3.8875 0.134246 0.939539 0.153029 0.932026
34 8.9321 4.6142 3.9212 0.133557 0.939779 0.152405 0.932266
35 8.9971 4.6681 3.9246 0.132860 0.940179 0.151457 0.932346
36 9.0588 4.6978 3.9560 0.132382 0.940508 0.151705 0.932266
37 8.9792 4.6593 3.9144 0.131658 0.940740 0.150391 0.932906
38 8.7939 4.5137 3.8765 0.131235 0.940784 0.150813 0.933387
39 8.9124 4.5899 3.9096 0.130719 0.940953 0.150496 0.933227
40 8.8422 4.5699 3.8704 0.130214 0.941238 0.150456 0.933066
41 8.9639 4.6565 3.8971 0.129717 0.941469 0.150350 0.933307
42 8.8132 4.5262 3.8897 0.129220 0.941656 0.150281 0.932986
43 8.9009 4.5475 3.9457 0.128719 0.941896 0.150216 0.932986
44 8.9492 4.5959 3.9516 0.128207 0.942172 0.150132 0.933147
45 8.8617 4.6099 3.8535 0.127671 0.942332 0.149990 0.933307
46 8.8571 4.5296 3.8764 0.127098 0.942474 0.149742 0.933387
47 8.8377 4.5391 3.8862 0.126473 0.942661 0.149329 0.933627
48 8.8106 4.5179 3.8902 0.125787 0.942866 0.148699 0.934107
49 8.7896 4.5487 3.8400 0.125038 0.943123 0.147837 0.934668
