epoch time fwd_time bwd_time loss acc val_loss val_acc
0 8.8668 4.5767 3.8550 0.455485 0.823909 0.454616 0.825220
1 8.8495 4.5719 3.8751 0.338455 0.823944 0.346807 0.825220
2 8.7620 4.4773 3.8809 0.294719 0.825848 0.327339 0.851081
3 8.9443 4.6708 3.8703 0.269041 0.851618 0.265528 0.876621
4 8.9235 4.6105 3.9276 0.354447 0.881986 0.636818 0.827782
5 9.0474 4.6941 3.9535 0.163316 0.899937 0.183473 0.920336
6 8.7041 4.4851 3.8234 0.158560 0.916509 0.174134 0.922978
7 8.8220 4.5452 3.8769 0.160692 0.923162 0.208586 0.908006
8 8.8209 4.5587 3.8650 0.161469 0.926641 0.164988 0.931385
9 8.9624 4.6295 3.9147 0.155537 0.927228 0.159233 0.932906
10 8.9615 4.6620 3.9005 0.149621 0.928615 0.156463 0.933947
11 8.9729 4.6230 3.9483 0.139852 0.928437 0.183836 0.917854
12 8.9859 4.6554 3.9334 0.152275 0.929158 0.221357 0.899119
13 9.0292 4.6405 3.9883 0.140921 0.930928 0.211679 0.903363
14 8.9882 4.6731 3.9126 0.137481 0.931115 0.177907 0.921137
15 8.9904 4.6654 3.9080 0.145293 0.931675 0.212258 0.909768
16 9.9456 5.2546 4.2687 0.113236 0.940072 0.120930 0.953403
17 9.0918 4.6959 3.9835 0.086901 0.950524 0.123214 0.950200
18 8.8580 4.5571 3.8926 0.083110 0.957899 0.238042 0.901922
19 8.7976 4.5082 3.8863 0.069710 0.953620 0.098726 0.960288
20 8.8776 4.6068 3.8683 0.066832 0.959918 0.084226 0.963971
21 8.9149 4.5880 3.9186 0.069304 0.960487 0.094865 0.960929
22 8.9200 4.6554 3.8657 0.069391 0.960469 0.090620 0.961409
23 8.8274 4.5466 3.8866 0.061925 0.961581 0.082981 0.965572
24 8.8460 4.5682 3.8780 0.057858 0.960674 0.081958 0.964772
25 8.9043 4.5703 3.8925 0.060497 0.959571 0.093088 0.961970
26 8.9132 4.6454 3.8621 0.062277 0.960612 0.081391 0.964371
27 9.0535 4.6776 3.9694 0.062406 0.960291 0.081906 0.964532
28 8.8795 4.5751 3.9062 0.060589 0.960976 0.082191 0.965172
29 9.1640 4.7868 3.9741 0.064479 0.958423 0.081072 0.965813
30 8.8841 4.6011 3.8752 0.058037 0.961323 0.083330 0.962770
31 9.1177 4.7104 3.9953 0.059536 0.959740 0.100543 0.954524
32 8.8842 4.5619 3.9228 0.064542 0.959740 0.086091 0.961489
33 9.0201 4.7144 3.8991 0.057274 0.960336 0.081737 0.964452
34 8.9480 4.6518 3.8942 0.062235 0.961083 0.083639 0.965733
35 8.8578 4.6030 3.8471 0.063842 0.961964 0.079622 0.966853
36 8.8651 4.5763 3.8783 0.067855 0.961350 0.096432 0.959568
37 8.9669 4.6884 3.8733 0.059563 0.960087 0.086818 0.963651
38 8.9524 4.6494 3.8932 0.063087 0.961154 0.084147 0.965012
39 8.9653 4.6724 3.8915 0.062226 0.962275 0.084717 0.964211
40 8.8361 4.5578 3.8805 0.057822 0.961608 0.094968 0.960368
41 8.9496 4.6102 3.9381 0.058658 0.962044 0.093123 0.960769
42 8.7765 4.5129 3.8634 0.062844 0.962088 0.080946 0.967174
43 8.9857 4.6721 3.9055 0.058399 0.962337 0.107818 0.955084
44 8.9856 4.6474 3.9323 0.059203 0.962809 0.083704 0.964051
45 8.8687 4.5701 3.9051 0.058568 0.962649 0.082295 0.966373
46 8.9239 4.6219 3.9060 0.068495 0.961661 0.091875 0.961489
47 8.9668 4.6403 3.9127 0.060919 0.962444 0.077661 0.967814
48 8.9955 4.6727 3.9259 0.063028 0.961901 0.084709 0.964532
49 9.2063 4.7703 4.0308 0.058529 0.963111 0.095457 0.960769
