epoch time fwd_time bwd_time loss acc val_loss val_acc
0 5.3593 2.4342 2.5290 0.546560 0.824176 0.538516 0.822818
1 5.2745 2.3763 2.5474 0.512709 0.824176 0.501687 0.822818
2 5.1948 2.3298 2.5149 0.496055 0.824176 0.482655 0.822818
3 5.3197 2.4312 2.5368 0.488600 0.824176 0.473445 0.822818
4 5.3587 2.4451 2.5615 0.485709 0.824176 0.469301 0.822818
5 5.2504 2.4055 2.4956 0.484877 0.824176 0.467615 0.822818
6 5.2970 2.3935 2.5605 0.484816 0.824176 0.467009 0.822818
7 5.4521 2.5495 2.5418 0.484947 0.824176 0.466818 0.822818
8 5.2719 2.4082 2.5072 0.485065 0.824176 0.466763 0.822818
9 5.4521 2.5409 2.5502 0.485128 0.824176 0.466745 0.822818
10 5.3293 2.4636 2.5129 0.485147 0.824176 0.466734 0.822818
11 5.2840 2.3517 2.5772 0.485141 0.824176 0.466724 0.822818
12 5.3253 2.4509 2.5320 0.485123 0.824176 0.466712 0.822818
13 5.1990 2.3360 2.5111 0.485099 0.824176 0.466700 0.822818
14 5.3116 2.3770 2.5849 0.485072 0.824176 0.466687 0.822818
15 5.3046 2.4280 2.5230 0.485040 0.824176 0.466670 0.822818
16 5.2282 2.3759 2.5042 0.484996 0.824176 0.466646 0.822818
17 5.2115 2.3521 2.5081 0.484931 0.824176 0.466607 0.822818
18 5.2477 2.3590 2.5375 0.484837 0.824176 0.466547 0.822818
19 5.2516 2.3742 2.5243 0.484620 0.824176 0.466407 0.822818
20 5.3150 2.4084 2.5600 0.483835 0.824176 0.465914 0.822818
21 5.2683 2.3515 2.5756 0.482477 0.824176 0.464892 0.822818
22 5.2857 2.3790 2.5514 0.481004 0.824176 0.463492 0.822818
23 5.3014 2.3872 2.5755 0.478266 0.824176 0.460588 0.822818
24 5.3742 2.4830 2.5437 0.435304 0.824176 0.426358 0.822818
25 5.2906 2.4418 2.4879 0.378971 0.817540 0.377161 0.817054
26 5.3454 2.4164 2.5850 0.363771 0.823339 0.359967 0.822818
27 5.2958 2.3743 2.5666 0.357607 0.824576 0.354261 0.823058
28 5.2760 2.3683 2.5644 0.353511 0.824878 0.350776 0.823299
29 5.3817 2.5154 2.5223 0.349722 0.824718 0.347650 0.823619
30 5.2050 2.3323 2.5185 0.346037 0.824354 0.344546 0.823619
31 5.2439 2.3423 2.5490 0.342036 0.824460 0.341050 0.823539
32 5.2540 2.3546 2.5575 0.337406 0.824976 0.336969 0.824500
33 5.3611 2.4191 2.5610 0.332089 0.825946 0.332262 0.824900
34 5.2866 2.3662 2.5696 0.325749 0.827147 0.326590 0.827062
35 5.2576 2.3518 2.5553 0.317552 0.829824 0.318823 0.830745
36 5.2313 2.3324 2.5421 0.287989 0.848700 0.292752 0.865893
37 5.2647 2.3877 2.5191 0.233146 0.892225 0.247310 0.903683
38 5.1715 2.3225 2.5064 0.222627 0.908361 0.228956 0.909287
39 5.2045 2.3609 2.4950 0.223663 0.909633 0.221828 0.910889
40 5.1667 2.3332 2.4902 0.218478 0.910629 0.218713 0.911289
41 5.4065 2.5042 2.5539 0.213250 0.911679 0.215199 0.911529
42 5.2766 2.3985 2.5244 0.209972 0.912755 0.212075 0.912170
43 5.3091 2.4042 2.5570 0.207784 0.913529 0.209465 0.913050
44 5.4058 2.4960 2.5530 0.206036 0.914516 0.207217 0.913931
45 5.3102 2.3878 2.5740 0.204482 0.914908 0.205222 0.914412
46 5.3579 2.4465 2.5557 0.203053 0.915459 0.203421 0.914492
47 5.3483 2.4123 2.5853 0.201726 0.915913 0.201776 0.914652
48 5.2682 2.3798 2.5294 0.200495 0.916322 0.200262 0.915132
49 5.3421 2.4581 2.5246 0.199353 0.916829 0.198861 0.915612
