epoch time fwd_time bwd_time loss acc val_loss val_acc
0 5.3013 2.3668 2.5805 0.484960 0.824176 0.466717 0.822818
1 5.2862 2.4113 2.5310 0.484898 0.824176 0.466567 0.822818
2 5.2911 2.4233 2.4735 0.482311 0.824176 0.464463 0.822818
3 5.1810 2.3206 2.5098 0.471345 0.824176 0.456182 0.822818
4 5.3652 2.4440 2.5648 0.368030 0.824158 0.362138 0.822978
5 5.3706 2.4427 2.5725 0.341724 0.823713 0.345650 0.823299
6 5.3372 2.4415 2.5444 0.304109 0.833765 0.311069 0.845076
7 5.3004 2.4395 2.5157 0.290385 0.872139 0.284591 0.873819
8 5.2483 2.3614 2.5273 0.243468 0.892660 0.250351 0.889912
9 5.2707 2.3979 2.5181 0.217599 0.899190 0.234471 0.899600
10 5.3081 2.4272 2.5212 0.211797 0.903442 0.222583 0.904243
11 5.1707 2.3168 2.5087 0.209490 0.905345 0.221221 0.903683
12 5.1885 2.3238 2.5237 0.210793 0.907258 0.212332 0.906886
13 5.2420 2.3578 2.5355 0.211120 0.908370 0.204550 0.911769
14 5.3071 2.4117 2.5462 0.206532 0.909455 0.202543 0.911769
15 5.1651 2.3348 2.4804 0.203302 0.910762 0.200595 0.912810
16 5.3118 2.3809 2.5793 0.200700 0.911910 0.198771 0.913851
17 5.3733 2.4810 2.5369 0.198347 0.912915 0.197113 0.914572
18 5.3486 2.4351 2.5691 0.196155 0.913618 0.195561 0.915132
19 5.3646 2.3995 2.5649 0.194068 0.914481 0.194072 0.916493
20 5.2009 2.3814 2.4732 0.192028 0.915255 0.192612 0.917134
21 5.2165 2.3853 2.4869 0.189967 0.915895 0.191149 0.917774
22 5.3244 2.4774 2.4928 0.187808 0.916571 0.189648 0.919135
23 5.4006 2.5020 2.5430 0.185484 0.917469 0.188073 0.920176
24 5.1307 2.3083 2.4763 0.182967 0.918492 0.186395 0.920977
25 5.3317 2.4032 2.5765 0.180279 0.919382 0.184593 0.921857
26 5.3192 2.4000 2.5683 0.177497 0.920565 0.182668 0.922658
27 5.3190 2.3776 2.5530 0.174733 0.921499 0.180657 0.923379
28 5.2880 2.3632 2.5646 0.172103 0.922682 0.178605 0.924339
29 5.2513 2.3901 2.5160 0.169687 0.923572 0.176538 0.925460
30 5.2286 2.4076 2.4687 0.167526 0.924577 0.174491 0.926421
31 5.3175 2.4003 2.5668 0.165653 0.925778 0.172504 0.927142
32 5.1442 2.3220 2.4750 0.164090 0.926667 0.170611 0.927782
33 5.2783 2.4037 2.5270 0.162826 0.927512 0.168840 0.928823
34 5.3073 2.3981 2.5575 0.161797 0.928162 0.167204 0.929223
35 5.3237 2.4247 2.5457 0.160889 0.928731 0.165702 0.930184
36 5.3457 2.4478 2.5498 0.160011 0.929398 0.164315 0.930584
37 5.3360 2.4378 2.5405 0.159125 0.930021 0.163024 0.930825
38 5.3876 2.4493 2.5774 0.158228 0.930670 0.161812 0.931465
39 5.4225 2.5509 2.5218 0.157321 0.930990 0.160662 0.931305
40 5.2600 2.3608 2.5491 0.156402 0.931177 0.159565 0.932106
41 5.3562 2.4776 2.5265 0.155468 0.931569 0.158510 0.932586
42 5.2085 2.3455 2.5081 0.154520 0.932084 0.157491 0.932826
43 5.3459 2.4130 2.5856 0.153563 0.932511 0.156505 0.933547
44 5.3056 2.3815 2.5702 0.152605 0.932841 0.155549 0.934027
45 5.2317 2.3830 2.4972 0.151656 0.933187 0.154626 0.934187
46 5.1845 2.3330 2.5096 0.150722 0.933490 0.153737 0.934588
47 5.4229 2.4636 2.5986 0.149810 0.933783 0.152884 0.934267
48 5.4621 2.4563 2.5999 0.148924 0.934228 0.152068 0.934748
49 5.1782 2.3506 2.4812 0.148068 0.934468 0.151289 0.935308
