epoch time fwd_time bwd_time loss acc val_loss val_acc
0 5.1930 2.3557 2.4877 0.485313 0.748512 0.467132 0.822818
1 5.3646 2.4811 2.5316 0.485571 0.824176 0.466889 0.822818
2 5.1988 2.3463 2.5084 0.485411 0.824176 0.466749 0.822818
3 5.3689 2.4920 2.5293 0.485175 0.824176 0.466436 0.822818
4 5.3947 2.5211 2.5238 0.479210 0.824176 0.461722 0.822818
5 5.2280 2.3659 2.5237 0.472325 0.824176 0.455735 0.822818
6 5.2897 2.4175 2.5300 0.445010 0.824176 0.432235 0.822818
7 5.3016 2.4282 2.5228 0.382648 0.824176 0.372389 0.822818
8 5.2670 2.3659 2.5466 0.367715 0.824176 0.365271 0.822818
9 5.3026 2.3715 2.5780 0.358390 0.824176 0.356740 0.822818
10 5.3556 2.4578 2.5418 0.351195 0.824176 0.350243 0.822818
11 5.2655 2.3813 2.5287 0.340183 0.824176 0.339911 0.822818
12 5.2898 2.4309 2.5112 0.340869 0.824176 0.337969 0.822978
13 5.2511 2.3772 2.5246 0.286031 0.826133 0.301329 0.824179
14 5.1868 2.3265 2.5125 0.257944 0.867131 0.284603 0.873739
15 5.3102 2.4379 2.5249 0.245821 0.895071 0.259249 0.895917
16 5.2296 2.4001 2.4805 0.244525 0.896485 0.243212 0.898559
17 5.3465 2.4395 2.5503 0.229228 0.896343 0.235577 0.898719
18 5.2208 2.3651 2.5008 0.223681 0.898896 0.227672 0.900961
19 5.2352 2.3623 2.5257 0.218432 0.901298 0.220582 0.904003
20 5.2885 2.4290 2.5115 0.213304 0.903824 0.213968 0.906645
21 5.2906 2.3696 2.5697 0.208066 0.906457 0.208076 0.908887
22 5.4214 2.5100 2.5485 0.203175 0.909393 0.202761 0.911930
23 5.2718 2.3492 2.5681 0.199544 0.911768 0.197854 0.913371
24 5.3430 2.4262 2.5268 0.196749 0.913627 0.193276 0.915612
25 5.2370 2.3493 2.5391 0.195043 0.915931 0.187238 0.918735
26 5.2699 2.3513 2.5639 0.191935 0.918857 0.184842 0.920416
27 5.3050 2.3899 2.5753 0.187670 0.921668 0.174929 0.923619
28 5.2677 2.3872 2.5409 0.184398 0.923474 0.171310 0.924820
29 5.1970 2.3190 2.5228 0.183870 0.925662 0.174379 0.924019
30 5.2803 2.3524 2.5822 0.181264 0.924986 0.163697 0.929944
31 5.3430 2.4650 2.5277 0.178066 0.927886 0.159156 0.932346
32 5.3593 2.4606 2.5540 0.176937 0.931328 0.168595 0.926982
33 5.2628 2.3696 2.5429 0.174349 0.930554 0.154474 0.934908
34 5.4290 2.5250 2.5470 0.172342 0.933383 0.166101 0.928983
35 5.3035 2.3922 2.5682 0.166775 0.931791 0.149981 0.936189
36 5.3329 2.4096 2.5539 0.163935 0.935064 0.148328 0.936429
37 5.2943 2.4083 2.5417 0.167395 0.936443 0.164051 0.930424
38 5.3027 2.4575 2.4879 0.162689 0.933606 0.153802 0.933467
39 5.3102 2.3686 2.5956 0.164496 0.935278 0.145448 0.938431
40 5.2248 2.3629 2.5230 0.162991 0.934691 0.154139 0.935228
41 5.2488 2.3451 2.5509 0.157757 0.937431 0.153554 0.934347
42 5.2121 2.3574 2.4955 0.159788 0.934824 0.144552 0.938751
43 5.3047 2.4230 2.5333 0.158298 0.937831 0.146348 0.938831
44 5.2882 2.3764 2.5550 0.155678 0.938409 0.143645 0.940512
45 5.2232 2.3157 2.5440 0.150707 0.940731 0.141839 0.939552
46 5.2502 2.3478 2.5418 0.149638 0.939325 0.143626 0.938591
47 5.2403 2.3500 2.5349 0.146170 0.938667 0.133156 0.944996
48 5.3612 2.4385 2.5770 0.144617 0.939370 0.132589 0.944195
49 5.1316 2.3131 2.4694 0.143807 0.940802 0.131879 0.944676
