epoch time fwd_time bwd_time loss acc val_loss val_acc
0 5.3636 2.4763 2.5400 0.515231 0.488200 0.503324 0.822818
1 5.2149 2.3565 2.5114 0.484543 0.824176 0.466877 0.822818
2 5.2293 2.3652 2.5134 0.484978 0.824176 0.466711 0.822818
3 5.2356 2.4166 2.4723 0.484971 0.824176 0.466696 0.822818
4 5.3052 2.3978 2.5539 0.484939 0.824176 0.466677 0.822818
5 5.1264 2.3163 2.4641 0.484900 0.824176 0.466649 0.822818
6 5.1693 2.3443 2.4792 0.484809 0.824176 0.466574 0.822818
7 5.3223 2.4254 2.5409 0.483629 0.824176 0.465733 0.822818
8 5.3231 2.4211 2.5407 0.476257 0.824176 0.459397 0.822818
9 5.2238 2.3801 2.4823 0.436740 0.824176 0.422240 0.822818
10 5.3983 2.4465 2.5944 0.384030 0.824176 0.379142 0.822818
11 5.3597 2.4937 2.4799 0.348584 0.824176 0.347395 0.822818
12 5.2461 2.3540 2.5474 0.330445 0.824176 0.330311 0.822818
13 5.3048 2.4214 2.5286 0.311599 0.824176 0.314096 0.822818
14 5.2696 2.4111 2.5080 0.294812 0.826711 0.303697 0.835228
15 5.3152 2.4374 2.5419 0.281979 0.849278 0.293541 0.871657
16 5.3107 2.4213 2.5396 0.272266 0.875644 0.284835 0.887750
17 5.2085 2.3433 2.5169 0.265527 0.887270 0.277895 0.892954
18 5.2192 2.3633 2.5140 0.260535 0.891949 0.272451 0.893195
19 5.3449 2.4017 2.5565 0.256593 0.893977 0.268003 0.893835
20 5.2595 2.3885 2.5216 0.253345 0.895027 0.264221 0.893275
21 5.2572 2.3494 2.5541 0.250529 0.895907 0.260943 0.893675
22 5.3561 2.4767 2.5257 0.247922 0.896592 0.258072 0.893515
23 5.2740 2.3649 2.5532 0.245413 0.897073 0.255496 0.893835
24 5.3728 2.5124 2.5155 0.243008 0.897766 0.253121 0.894476
25 5.2882 2.3696 2.5685 0.240729 0.898131 0.250892 0.894876
26 5.2912 2.4175 2.5176 0.238575 0.898825 0.248779 0.895196
27 5.3373 2.4496 2.5427 0.236533 0.899323 0.246758 0.895917
28 5.3014 2.3625 2.5921 0.234587 0.899821 0.244785 0.896477
29 5.2759 2.3715 2.5522 0.233281 0.900595 0.242115 0.897918
30 5.2143 2.3794 2.4891 0.227291 0.901467 0.240036 0.899840
31 5.3542 2.4249 2.5765 0.218886 0.902668 0.243027 0.894396
32 5.1389 2.3129 2.4856 0.236418 0.902846 0.243151 0.903363
33 5.4171 2.4532 2.6053 0.218469 0.903264 0.229494 0.903763
34 5.2773 2.4371 2.4963 0.215976 0.905105 0.226592 0.905524
35 5.2336 2.3413 2.5244 0.210654 0.906110 0.229152 0.904404
36 5.3229 2.4357 2.5473 0.206559 0.907542 0.234241 0.900160
37 5.3677 2.4224 2.5977 0.215247 0.907631 0.218340 0.908727
38 5.3352 2.3992 2.5917 0.210971 0.909117 0.216656 0.909608
39 5.3447 2.4143 2.5866 0.208152 0.909642 0.214187 0.910088
40 5.5096 2.4755 2.6483 0.206217 0.910380 0.212583 0.912330
41 5.5516 2.5051 2.6828 0.203133 0.911350 0.211055 0.912730
42 6.2300 2.8125 3.0315 0.199818 0.912328 0.209790 0.913291
43 5.4444 2.4780 2.6160 0.197740 0.913164 0.208378 0.913050
44 5.2394 2.3605 2.5340 0.193098 0.913831 0.209792 0.910488
45 5.3453 2.4740 2.5140 0.190575 0.914863 0.205748 0.912250
46 5.3123 2.3924 2.5721 0.186225 0.916793 0.198922 0.916493
47 5.3149 2.4006 2.5659 0.183555 0.918777 0.194194 0.919936
48 5.3501 2.4313 2.5606 0.180432 0.919942 0.191390 0.920256
49 5.3098 2.3997 2.5619 0.177683 0.920654 0.188451 0.921938
