epoch time fwd_time bwd_time loss acc val_loss val_acc
0 5.2596 2.3490 2.5593 0.583463 0.824176 0.578220 0.822818
1 5.2367 2.3646 2.5250 0.534580 0.824176 0.525466 0.822818
2 5.3302 2.4453 2.5442 0.498045 0.824176 0.484904 0.822818
3 5.1540 2.3008 2.5080 0.487048 0.824176 0.471260 0.822818
4 5.2613 2.3979 2.5182 0.485028 0.824176 0.467788 0.822818
5 5.2471 2.4048 2.4947 0.484974 0.824176 0.467002 0.822818
6 5.3916 2.5110 2.5408 0.485125 0.824176 0.466825 0.822818
7 5.2734 2.3583 2.5637 0.485182 0.824176 0.466755 0.822818
8 5.2283 2.3810 2.5032 0.485155 0.824176 0.466693 0.822818
9 5.3293 2.4373 2.5501 0.485083 0.824176 0.466622 0.822818
10 5.2664 2.3896 2.5406 0.484980 0.824176 0.466535 0.822818
11 5.2364 2.3636 2.5304 0.484843 0.824176 0.466422 0.822818
12 5.3590 2.4510 2.5638 0.484650 0.824176 0.466266 0.822818
13 5.3829 2.4649 2.5768 0.484355 0.824176 0.466032 0.822818
14 5.3262 2.3831 2.5937 0.483867 0.824176 0.465659 0.822818
15 5.4081 2.5467 2.4895 0.483058 0.824176 0.465048 0.822818
16 5.1827 2.3448 2.4962 0.481862 0.824176 0.464103 0.822818
17 5.4118 2.4686 2.5623 0.480192 0.824176 0.462691 0.822818
18 5.2961 2.3658 2.5791 0.477775 0.824176 0.460582 0.822818
19 5.3765 2.5193 2.5115 0.473990 0.824176 0.457359 0.822818
20 5.2984 2.4103 2.5425 0.468423 0.824176 0.452598 0.822818
21 5.3177 2.3820 2.5431 0.455494 0.824176 0.439885 0.822818
22 5.1686 2.3299 2.4923 0.388133 0.824176 0.374916 0.822818
23 5.3666 2.4277 2.5771 0.366998 0.824176 0.357412 0.822818
24 5.3499 2.4168 2.5833 0.352351 0.824176 0.347953 0.822818
25 5.2511 2.3803 2.5256 0.342878 0.824176 0.340372 0.822818
26 5.2617 2.3697 2.5411 0.336214 0.824176 0.333582 0.822818
27 5.2390 2.3981 2.4933 0.331725 0.824176 0.327384 0.822818
28 5.2457 2.3740 2.5227 0.325912 0.824193 0.322049 0.822978
29 5.2551 2.3962 2.5015 0.319937 0.826310 0.316916 0.826261
30 5.1795 2.3662 2.4711 0.313920 0.830936 0.311736 0.830344
31 5.1723 2.3278 2.4884 0.307764 0.838177 0.306445 0.836910
32 5.2976 2.3890 2.5583 0.301538 0.846992 0.301126 0.844996
33 5.3076 2.4508 2.5086 0.295533 0.856546 0.295959 0.855084
34 5.3358 2.4481 2.5425 0.289949 0.864347 0.291018 0.860368
35 5.2521 2.4117 2.5004 0.284746 0.869568 0.286266 0.865973
36 5.2844 2.3731 2.5740 0.279788 0.874229 0.281642 0.870376
37 5.3198 2.4458 2.5282 0.274955 0.878757 0.277103 0.876942
38 5.2666 2.3445 2.5725 0.270190 0.882466 0.272625 0.880624
39 5.2674 2.4196 2.5143 0.265499 0.885340 0.268202 0.883907
40 5.3014 2.4196 2.5407 0.260936 0.887715 0.263842 0.886229
41 5.2401 2.3992 2.4930 0.256584 0.890205 0.259572 0.888631
42 5.2118 2.3292 2.5464 0.252517 0.891726 0.255436 0.890392
43 5.2989 2.4012 2.5446 0.248780 0.893141 0.251497 0.891914
44 5.2677 2.3957 2.5301 0.245375 0.894182 0.247808 0.893435
45 5.1236 2.3012 2.4789 0.242278 0.895151 0.244401 0.894636
46 5.3470 2.4394 2.5544 0.239462 0.896530 0.241281 0.895596
47 5.4102 2.4636 2.5884 0.236902 0.897882 0.238431 0.896637
48 5.3666 2.5062 2.5040 0.234574 0.898745 0.235828 0.897998
49 5.2773 2.3897 2.5462 0.232452 0.899528 0.233443 0.899600
