epoch time fwd_time bwd_time loss acc val_loss val_acc
0 5.2161 2.3268 2.5416 0.612437 0.815716 0.608112 0.822818
1 5.2567 2.4024 2.5132 0.534741 0.824176 0.525471 0.822818
2 5.2333 2.3468 2.5274 0.497056 0.824176 0.483713 0.822818
3 5.3916 2.5015 2.5296 0.486668 0.824176 0.470744 0.822818
4 5.3744 2.4460 2.5755 0.484893 0.824176 0.467535 0.822818
5 5.1920 2.3115 2.5234 0.484953 0.824176 0.466889 0.822818
6 5.2165 2.3499 2.5143 0.485150 0.824176 0.466782 0.822818
7 5.2762 2.4260 2.5014 0.485238 0.824176 0.466760 0.822818
8 5.2435 2.3718 2.5243 0.485251 0.824176 0.466744 0.822818
9 5.2103 2.3569 2.5137 0.485232 0.824176 0.466726 0.822818
10 5.1749 2.3380 2.4991 0.485203 0.824176 0.466706 0.822818
11 5.2137 2.3448 2.5149 0.485169 0.824176 0.466682 0.822818
12 5.2887 2.3754 2.5624 0.485133 0.824176 0.466655 0.822818
13 5.2339 2.3428 2.5402 0.485095 0.824176 0.466622 0.822818
14 5.4166 2.4572 2.6088 0.485051 0.824176 0.466578 0.822818
15 5.3468 2.3955 2.6055 0.484992 0.824176 0.466512 0.822818
16 5.4912 2.4905 2.6071 0.484867 0.824176 0.466379 0.822818
17 5.3112 2.4208 2.5158 0.483737 0.824176 0.465657 0.822818
18 5.3267 2.4537 2.5307 0.482194 0.824176 0.464555 0.822818
19 5.2711 2.3610 2.5631 0.480821 0.824176 0.463530 0.822818
20 5.3075 2.3817 2.5864 0.478766 0.824176 0.462223 0.822818
21 5.2351 2.3602 2.5179 0.477267 0.824176 0.461078 0.822818
22 5.3293 2.4334 2.5430 0.475769 0.824176 0.459850 0.822818
23 5.2659 2.3751 2.5388 0.473976 0.824176 0.458351 0.822818
24 5.1787 2.3321 2.5035 0.471579 0.824176 0.456331 0.822818
25 5.2613 2.3611 2.5442 0.467663 0.824176 0.453103 0.822818
26 5.1596 2.3133 2.5035 0.462142 0.824176 0.448464 0.822818
27 5.3897 2.4787 2.5539 0.424306 0.824176 0.417343 0.822818
28 5.2938 2.4085 2.5457 0.361168 0.824487 0.365073 0.824019
29 5.1868 2.3321 2.5107 0.342723 0.825821 0.352721 0.827462
30 5.2321 2.3468 2.5298 0.317678 0.834343 0.328290 0.843715
31 5.2375 2.3429 2.5538 0.285704 0.858520 0.293092 0.871417
32 5.3122 2.4008 2.5601 0.270273 0.875493 0.276425 0.879023
33 5.2405 2.3359 2.5509 0.261213 0.882662 0.265831 0.883427
34 5.1533 2.3182 2.4860 0.253636 0.885873 0.258731 0.886629
35 5.1633 2.3196 2.5016 0.248388 0.888222 0.253758 0.887590
36 5.3054 2.4062 2.5542 0.244097 0.890383 0.249446 0.889912
37 5.3616 2.3804 2.5828 0.240352 0.891958 0.245629 0.891513
38 5.1722 2.3175 2.5019 0.236976 0.893683 0.242157 0.892954
39 5.2456 2.3842 2.5036 0.233869 0.895445 0.238946 0.894476
40 5.2070 2.3542 2.5087 0.230978 0.896752 0.235952 0.895997
41 5.4381 2.4915 2.5583 0.228263 0.898096 0.233143 0.897678
42 5.2965 2.4745 2.4752 0.225697 0.899581 0.230496 0.899440
43 5.1653 2.3105 2.5057 0.223255 0.900595 0.227990 0.901121
44 5.1876 2.3577 2.4789 0.220919 0.901636 0.225606 0.902402
45 5.1825 2.3571 2.4788 0.218673 0.902766 0.223328 0.902962
46 5.1596 2.3272 2.4887 0.216504 0.903860 0.221142 0.904163
47 5.2675 2.4201 2.4999 0.214400 0.904820 0.219034 0.904884
48 5.3391 2.3811 2.6101 0.212351 0.905550 0.216995 0.905845
49 5.2632 2.4068 2.5172 0.210350 0.906493 0.215014 0.907126
