epoch time fwd_time bwd_time loss acc val_loss val_acc
0 5.1841 2.3446 2.4903 0.489829 0.642463 0.474567 0.822818
1 5.3832 2.4944 2.5359 0.484931 0.824176 0.466530 0.822818
2 5.2599 2.3742 2.5332 0.484379 0.824176 0.465998 0.822818
3 5.2815 2.3735 2.5226 0.483018 0.824176 0.464814 0.822818
4 5.2350 2.3828 2.4990 0.476924 0.824176 0.459520 0.822818
5 5.1771 2.3292 2.4949 0.406579 0.824176 0.400230 0.822818
6 5.3039 2.4117 2.5469 0.370704 0.824193 0.362561 0.822818
7 5.4229 2.4754 2.5919 0.341023 0.834236 0.334429 0.843795
8 5.2855 2.3659 2.5710 0.315792 0.857577 0.322218 0.860368
9 5.3206 2.3964 2.5791 0.293613 0.868456 0.287116 0.867734
10 5.3176 2.4325 2.5411 0.261020 0.880643 0.263437 0.889432
11 5.3549 2.5072 2.4978 0.336196 0.880474 0.324820 0.850040
12 5.3327 2.4628 2.5078 0.257695 0.885144 0.266363 0.891753
13 5.2164 2.3393 2.5249 0.256021 0.890961 0.253442 0.895757
14 5.4003 2.5018 2.5401 0.245959 0.895258 0.247139 0.897358
15 5.2856 2.3804 2.5425 0.241698 0.895133 0.243237 0.897758
16 5.2633 2.4317 2.4895 0.239052 0.896023 0.240625 0.897998
17 5.2855 2.3694 2.5621 0.236002 0.896761 0.238189 0.898719
18 5.2656 2.4008 2.5082 0.232671 0.897704 0.235601 0.899119
19 5.2915 2.3774 2.5637 0.229003 0.898638 0.232661 0.899440
20 5.1859 2.3273 2.5111 0.225160 0.899981 0.228950 0.900881
21 5.2240 2.3479 2.5208 0.220866 0.900986 0.224739 0.901281
22 5.3246 2.4028 2.5640 0.215628 0.902677 0.220025 0.905685
23 5.2381 2.3595 2.5240 0.211935 0.904260 0.215258 0.908167
24 5.2443 2.3812 2.4996 0.207805 0.905737 0.211143 0.909848
25 5.2421 2.3569 2.5256 0.203673 0.907613 0.207731 0.910568
26 5.2186 2.3430 2.5281 0.199797 0.909126 0.204635 0.911689
27 5.3370 2.4139 2.5679 0.196470 0.910620 0.201579 0.913451
28 5.3236 2.4552 2.5254 0.193878 0.912123 0.198772 0.914732
29 5.3743 2.4432 2.5582 0.191717 0.913449 0.196766 0.915052
30 5.2313 2.3414 2.5404 0.189584 0.914863 0.195388 0.915052
31 5.1290 2.3135 2.4747 0.187495 0.916215 0.193998 0.916013
32 5.3634 2.3922 2.5921 0.185552 0.917087 0.192411 0.917134
33 5.2770 2.3817 2.5490 0.183763 0.917861 0.190687 0.918255
34 5.2278 2.3466 2.5248 0.182092 0.918626 0.188925 0.919536
35 5.1646 2.3210 2.4915 0.180508 0.919480 0.187183 0.920336
36 5.2739 2.4047 2.4792 0.178991 0.920334 0.185485 0.922018
37 5.2398 2.3380 2.5530 0.177527 0.921197 0.183836 0.922898
38 5.3041 2.4052 2.5516 0.176105 0.921926 0.182233 0.923459
39 5.3035 2.3741 2.5726 0.174717 0.922700 0.180671 0.924339
40 5.3471 2.4862 2.5139 0.173360 0.923420 0.179144 0.924980
41 5.2264 2.3718 2.5092 0.172036 0.923901 0.177652 0.925941
42 5.3157 2.4240 2.5409 0.170745 0.924559 0.176193 0.925781
43 5.1788 2.3154 2.5130 0.169483 0.925084 0.174766 0.926501
44 5.3523 2.4207 2.5847 0.168245 0.925715 0.173366 0.927142
45 5.3594 2.4325 2.5708 0.167031 0.926098 0.171989 0.928102
46 5.3512 2.3887 2.6092 0.165840 0.926667 0.170631 0.928823
47 5.3398 2.4974 2.4888 0.164672 0.927245 0.169289 0.929624
48 5.2257 2.4187 2.4692 0.163528 0.927655 0.167960 0.930424
49 5.0941 2.2951 2.4558 0.162408 0.928144 0.166642 0.931465
