epoch time fwd_time bwd_time loss acc val_loss val_acc
0 5.3330 2.3869 2.5716 0.839330 0.175824 0.842491 0.177182
1 5.2374 2.3485 2.5379 0.712032 0.175824 0.711332 0.177182
2 5.2824 2.4110 2.5279 0.620423 0.715324 0.616454 0.822818
3 5.2462 2.3450 2.5497 0.553076 0.824176 0.545354 0.822818
4 5.2339 2.3628 2.5116 0.516272 0.824176 0.505596 0.822818
5 5.5111 2.5296 2.6384 0.498173 0.824176 0.485265 0.822818
6 5.3324 2.4244 2.5637 0.489769 0.824176 0.475185 0.822818
7 5.2858 2.3591 2.5724 0.486195 0.824176 0.470377 0.822818
8 5.4467 2.5486 2.5421 0.484894 0.824176 0.468193 0.822818
9 5.2142 2.3832 2.4917 0.484572 0.824176 0.467257 0.822818
10 5.2658 2.3640 2.5496 0.484610 0.824176 0.466884 0.822818
11 5.3034 2.3947 2.5668 0.484739 0.824176 0.466749 0.822818
12 5.2596 2.3650 2.5440 0.484857 0.824176 0.466705 0.822818
13 5.1971 2.3819 2.4747 0.484938 0.824176 0.466693 0.822818
14 5.1669 2.3255 2.4924 0.484985 0.824176 0.466690 0.822818
15 5.2866 2.3804 2.5455 0.485008 0.824176 0.466689 0.822818
16 5.3257 2.4003 2.5679 0.485015 0.824176 0.466687 0.822818
17 5.2357 2.3802 2.5079 0.485013 0.824176 0.466685 0.822818
18 5.2184 2.3330 2.5341 0.485007 0.824176 0.466683 0.822818
19 5.3102 2.3990 2.5600 0.484999 0.824176 0.466680 0.822818
20 5.2629 2.3523 2.5677 0.484989 0.824176 0.466678 0.822818
21 5.3391 2.4092 2.5323 0.484979 0.824176 0.466675 0.822818
22 5.2308 2.3516 2.5339 0.484969 0.824176 0.466673 0.822818
23 5.3593 2.4585 2.5469 0.484959 0.824176 0.466670 0.822818
24 5.3895 2.4733 2.5671 0.484949 0.824176 0.466668 0.822818
25 5.2373 2.3491 2.5016 0.484939 0.824176 0.466666 0.822818
26 5.1977 2.3551 2.5023 0.484929 0.824176 0.466663 0.822818
27 5.3219 2.4218 2.5515 0.484919 0.824176 0.466661 0.822818
28 5.3211 2.4421 2.5288 0.484909 0.824176 0.466658 0.822818
29 5.3415 2.4192 2.5283 0.484899 0.824176 0.466656 0.822818
30 5.2940 2.4037 2.5381 0.484888 0.824176 0.466654 0.822818
31 5.4658 2.5346 2.5657 0.484878 0.824176 0.466651 0.822818
32 5.2371 2.3954 2.4824 0.484867 0.824176 0.466648 0.822818
33 5.3337 2.3950 2.5824 0.484855 0.824176 0.466645 0.822818
34 5.2604 2.3780 2.5278 0.484843 0.824176 0.466642 0.822818
35 5.2697 2.3704 2.5486 0.484830 0.824176 0.466638 0.822818
36 5.3068 2.4137 2.5381 0.484814 0.824176 0.466633 0.822818
37 5.2490 2.3803 2.5250 0.484797 0.824176 0.466627 0.822818
38 5.2376 2.3469 2.5284 0.484775 0.824176 0.466619 0.822818
39 5.2896 2.4301 2.5034 0.484746 0.824176 0.466607 0.822818
40 5.2522 2.3614 2.5531 0.484705 0.824176 0.466589 0.822818
41 5.2245 2.3654 2.5080 0.484639 0.824176 0.466555 0.822818
42 5.2922 2.3780 2.5558 0.484511 0.824176 0.466481 0.822818
43 5.2909 2.3725 2.5658 0.484189 0.824176 0.466251 0.822818
44 5.2803 2.3729 2.5581 0.483333 0.824176 0.465431 0.822818
45 5.4368 2.5154 2.5580 0.482151 0.824176 0.464521 0.822818
46 5.3906 2.4831 2.5641 0.480933 0.824176 0.463576 0.822818
47 5.1938 2.3414 2.5039 0.479507 0.824176 0.462442 0.822818
48 5.3745 2.4676 2.5496 0.477683 0.824176 0.460977 0.822818
49 5.3157 2.4230 2.5330 0.475191 0.824176 0.458970 0.822818
