epoch time fwd_time bwd_time loss acc val_loss val_acc
0 5.2708 2.3694 2.5536 0.485096 0.824176 0.466681 0.822818
1 5.2581 2.3772 2.5291 0.484870 0.824176 0.466594 0.822818
2 5.2029 2.3465 2.5112 0.474480 0.824176 0.457918 0.822818
3 5.3134 2.4190 2.5368 0.376676 0.824176 0.368958 0.822818
4 5.2092 2.3345 2.5269 0.353998 0.824176 0.348963 0.822818
5 5.3059 2.4459 2.5009 0.343298 0.824176 0.337622 0.822818
6 5.2960 2.4432 2.5063 0.326628 0.824176 0.325195 0.822818
7 5.2568 2.3741 2.5318 0.310575 0.827351 0.308378 0.836669
8 5.2499 2.3608 2.5392 0.276572 0.847250 0.289612 0.869736
9 5.2414 2.3390 2.5483 0.256574 0.881968 0.270810 0.877742
10 5.2742 2.3800 2.5416 0.277957 0.886203 0.258374 0.889832
11 5.4094 2.5262 2.5348 0.241714 0.891629 0.252009 0.888951
12 5.2582 2.3623 2.5472 0.244229 0.893390 0.245872 0.894636
13 5.2648 2.3867 2.5229 0.241536 0.896254 0.241012 0.895677
14 5.2761 2.3764 2.5557 0.249298 0.897331 0.236619 0.898879
15 5.3316 2.5070 2.4746 0.231097 0.899234 0.233154 0.900400
16 5.2661 2.4374 2.4812 0.241401 0.900924 0.229329 0.902002
17 5.3273 2.4126 2.5642 0.238257 0.902232 0.226108 0.903523
18 5.2818 2.3722 2.5506 0.230476 0.903575 0.223542 0.905204
19 5.2024 2.3487 2.5071 0.225780 0.905496 0.220130 0.906886
20 5.3057 2.4825 2.4642 0.222532 0.906653 0.218044 0.908327
21 5.2209 2.3872 2.4837 0.222720 0.907622 0.215584 0.909448
22 5.2781 2.4026 2.5211 0.218619 0.908921 0.214072 0.911129
23 5.2568 2.4121 2.5117 0.214696 0.910033 0.212972 0.912330
24 5.2826 2.4052 2.5170 0.209517 0.911092 0.212246 0.914091
25 5.2772 2.3861 2.5471 0.205911 0.912301 0.211176 0.914091
26 5.1738 2.3462 2.4748 0.203017 0.913502 0.209956 0.915773
27 5.4080 2.5782 2.4435 0.200438 0.914303 0.208442 0.916573
28 5.2929 2.3632 2.5828 0.198159 0.915343 0.206722 0.917054
29 5.3587 2.4316 2.5737 0.196125 0.916384 0.204938 0.918175
30 5.2832 2.3799 2.5586 0.194255 0.917309 0.203139 0.918735
31 5.2333 2.3648 2.5199 0.192508 0.918074 0.201343 0.919376
32 5.2176 2.3494 2.5176 0.190876 0.918626 0.199551 0.919055
33 5.1840 2.3170 2.5171 0.189355 0.919320 0.197749 0.919616
34 5.3981 2.4707 2.5634 0.187934 0.919898 0.195949 0.920496
35 5.2165 2.3552 2.4641 0.186601 0.920547 0.194182 0.921217
36 5.1323 2.3150 2.4655 0.185351 0.921125 0.192476 0.921297
37 5.3104 2.4156 2.5477 0.184175 0.921730 0.190846 0.921857
38 5.3191 2.4009 2.5707 0.183067 0.922273 0.189297 0.922018
39 5.3566 2.4650 2.5405 0.182019 0.922762 0.187829 0.922338
40 5.2423 2.3637 2.5309 0.181024 0.923251 0.186439 0.922978
41 5.2820 2.3984 2.5263 0.180077 0.923696 0.185124 0.923219
42 5.2456 2.3699 2.5122 0.179174 0.924212 0.183877 0.923219
43 5.3659 2.4275 2.5889 0.178310 0.924755 0.182695 0.923139
44 5.3175 2.4164 2.5386 0.177481 0.925182 0.181570 0.923539
45 5.1895 2.3344 2.5112 0.176684 0.925546 0.180498 0.923619
46 5.2169 2.3515 2.5087 0.175917 0.926062 0.179474 0.924420
47 5.4045 2.5227 2.5267 0.175177 0.926472 0.178493 0.924900
48 5.2940 2.3904 2.5558 0.174462 0.926818 0.177548 0.925300
49 5.2205 2.3406 2.5279 0.173769 0.927103 0.176638 0.925861
