epoch time fwd_time bwd_time loss acc val_loss val_acc
0 5.3423 2.4484 2.5397 0.484405 0.801048 0.466514 0.822818
1 5.2992 2.3849 2.5611 0.482218 0.824176 0.464973 0.822818
2 5.1930 2.3157 2.5247 0.466861 0.824176 0.451159 0.822818
3 5.3543 2.4585 2.5307 0.378464 0.824176 0.356639 0.822818
4 5.4023 2.4783 2.5764 0.339803 0.824176 0.319912 0.822818
5 5.2809 2.3862 2.5428 0.299876 0.842447 0.295229 0.852522
6 5.2470 2.3729 2.5277 0.265251 0.871258 0.274080 0.880945
7 5.2377 2.3412 2.5366 0.254741 0.881141 0.265427 0.886629
8 5.4706 2.5594 2.5415 0.251905 0.887866 0.258614 0.887190
9 5.1246 2.3014 2.4670 0.251305 0.890072 0.254086 0.890953
10 5.3961 2.4463 2.5564 0.243441 0.892020 0.250077 0.890873
11 5.3010 2.4228 2.5344 0.236374 0.893675 0.247427 0.890793
12 5.2587 2.3915 2.4903 0.231421 0.895347 0.244772 0.891513
13 5.1932 2.3611 2.4818 0.226771 0.897402 0.241057 0.894556
14 5.3329 2.4609 2.5247 0.224734 0.898798 0.237257 0.896958
15 5.3228 2.4505 2.5257 0.223392 0.900444 0.233862 0.898399
16 5.3306 2.4185 2.5520 0.222911 0.901840 0.230501 0.900160
17 5.1794 2.3324 2.4994 0.222207 0.903121 0.227017 0.902722
18 5.3884 2.4578 2.5864 0.223366 0.903797 0.223253 0.905124
19 5.2243 2.3370 2.5404 0.223459 0.905087 0.221280 0.908006
20 5.2397 2.3541 2.5395 0.224628 0.906573 0.219630 0.908487
21 5.4288 2.5310 2.5311 0.223622 0.907596 0.216993 0.908567
22 5.2713 2.3744 2.5485 0.221840 0.908565 0.214076 0.910649
23 5.1705 2.3264 2.5000 0.219843 0.909570 0.211236 0.911849
24 5.3171 2.3856 2.5843 0.218411 0.910220 0.208867 0.912490
25 5.1980 2.3231 2.5304 0.216842 0.911029 0.206820 0.912890
26 5.3772 2.4861 2.5398 0.215176 0.911661 0.205007 0.914331
27 5.3104 2.3821 2.5836 0.213305 0.912435 0.203427 0.915773
28 5.2163 2.3906 2.4810 0.210973 0.913200 0.202068 0.916493
29 5.2567 2.3704 2.5354 0.208210 0.913796 0.200949 0.917534
30 5.3515 2.4613 2.5296 0.205292 0.914285 0.200077 0.917534
31 5.3951 2.4525 2.5598 0.202430 0.914917 0.199424 0.918575
32 5.1846 2.3459 2.4935 0.199719 0.915655 0.198952 0.919135
33 5.1138 2.2916 2.4655 0.197214 0.916073 0.198606 0.918815
34 5.3050 2.3757 2.5788 0.194942 0.916704 0.198318 0.919215
35 5.4258 2.5078 2.5664 0.192901 0.917363 0.198032 0.919215
36 5.2104 2.3617 2.4952 0.191069 0.917985 0.197710 0.919616
37 5.1553 2.3112 2.4987 0.189416 0.918510 0.197329 0.919856
38 5.2046 2.3354 2.5184 0.187917 0.919106 0.196878 0.920336
39 5.3463 2.4672 2.5280 0.186554 0.919515 0.196355 0.920576
40 5.3180 2.3974 2.5654 0.185312 0.919862 0.195763 0.920256
41 5.2112 2.3877 2.4803 0.184182 0.920147 0.195105 0.920096
42 5.2537 2.3447 2.5626 0.183153 0.920601 0.194388 0.920576
43 5.4187 2.4729 2.5876 0.182213 0.921063 0.193617 0.920496
44 5.3410 2.4621 2.5348 0.181352 0.921383 0.192800 0.920496
45 5.2977 2.3951 2.5486 0.180556 0.921882 0.191948 0.920737
46 5.2787 2.3854 2.5421 0.179813 0.922273 0.191070 0.920817
47 5.3699 2.4554 2.5529 0.179114 0.922664 0.190175 0.921137
48 5.3187 2.4236 2.5444 0.178449 0.923100 0.189275 0.921457
49 5.1865 2.3245 2.5165 0.177810 0.923500 0.188376 0.921777
