epoch time fwd_time bwd_time loss acc val_loss val_acc
0 5.4017 2.4950 2.5192 0.474982 0.824176 0.453318 0.822818
1 5.2661 2.3464 2.5580 0.283720 0.861144 0.301344 0.882146
2 5.2324 2.3886 2.4916 0.260376 0.886852 0.263081 0.890873
3 5.2008 2.3223 2.5344 0.241915 0.891602 0.256588 0.890472
4 5.3676 2.4390 2.5423 0.231936 0.894938 0.242009 0.894956
5 5.2369 2.3368 2.5501 0.224841 0.897829 0.235430 0.897518
6 5.1728 2.3522 2.4680 0.218615 0.899626 0.233646 0.899760
7 5.2790 2.4155 2.5230 0.212787 0.901236 0.226607 0.902642
8 5.3365 2.4429 2.5340 0.217085 0.901938 0.222610 0.902642
9 5.1780 2.3010 2.5288 0.212176 0.903797 0.221263 0.902162
10 5.3101 2.4084 2.5518 0.212309 0.904011 0.216156 0.905685
11 5.2656 2.3590 2.5586 0.208778 0.906057 0.212910 0.906886
12 5.3813 2.4583 2.5349 0.204397 0.906368 0.211134 0.906725
13 5.3472 2.4873 2.4999 0.196174 0.907222 0.204378 0.911449
14 5.5268 2.5857 2.5678 0.207920 0.909553 0.206706 0.907686
15 5.2370 2.3312 2.5555 0.210756 0.912968 0.203571 0.909207
16 5.3385 2.4220 2.5681 0.207547 0.913582 0.202078 0.909928
17 5.2344 2.4079 2.4876 0.204581 0.915166 0.196624 0.912890
18 5.2092 2.3394 2.5294 0.202807 0.916633 0.189444 0.916733
19 5.3728 2.4384 2.5714 0.203140 0.918866 0.188767 0.916653
20 5.2409 2.3689 2.5184 0.204609 0.919996 0.182294 0.920096
21 5.1818 2.3570 2.4755 0.202960 0.921721 0.178313 0.922178
22 5.2690 2.4206 2.4922 0.200191 0.922309 0.175162 0.923539
23 5.2006 2.3213 2.5230 0.196883 0.923154 0.172990 0.925380
24 5.2626 2.4195 2.4950 0.194176 0.924559 0.171571 0.926581
25 5.2690 2.4171 2.5079 0.192013 0.925600 0.171798 0.925701
26 5.1894 2.3240 2.5027 0.191425 0.926258 0.171815 0.925620
27 5.3822 2.4932 2.5429 0.181002 0.927014 0.171756 0.925140
28 5.2501 2.3550 2.5409 0.183685 0.927299 0.172790 0.924099
29 5.4277 2.4715 2.5659 0.180277 0.928055 0.172456 0.924099
30 5.3057 2.3961 2.5610 0.172603 0.929024 0.171649 0.924820
31 5.3236 2.3857 2.5794 0.168340 0.929336 0.171437 0.925220
32 5.3731 2.4637 2.5635 0.143841 0.928384 0.152860 0.934107
33 5.3262 2.4842 2.4934 0.149677 0.930910 0.161515 0.930264
34 5.2962 2.3949 2.5463 0.151023 0.931373 0.161840 0.930424
35 5.2667 2.4192 2.4880 0.144247 0.932253 0.159554 0.930825
36 5.3304 2.3980 2.5813 0.183214 0.934193 0.158707 0.930905
37 5.2040 2.3590 2.5052 0.154217 0.932325 0.175554 0.921777
38 5.2112 2.3467 2.5163 0.146122 0.933748 0.166830 0.926501
39 5.2528 2.3460 2.5539 0.145576 0.934193 0.158249 0.931225
40 5.2128 2.3372 2.5220 0.142059 0.934344 0.157188 0.931625
41 5.1861 2.3491 2.4946 0.138329 0.935402 0.153173 0.932906
42 5.2396 2.4033 2.4757 0.136997 0.935847 0.148777 0.936269
43 5.2047 2.3701 2.4720 0.137598 0.935989 0.153560 0.932986
44 5.3054 2.4064 2.5470 0.161489 0.935723 0.166408 0.925060
45 5.1939 2.3395 2.4952 0.133605 0.934486 0.141498 0.940432
46 5.2077 2.3253 2.5292 0.141092 0.937769 0.170997 0.921457
47 5.2942 2.3726 2.5722 0.135011 0.935785 0.146941 0.937070
48 5.3023 2.3886 2.5716 0.143055 0.937786 0.173604 0.920416
49 5.3481 2.4902 2.5063 0.133208 0.936639 0.149950 0.934428
