epoch time fwd_time bwd_time loss acc val_loss val_acc
0 7.3108 3.7629 3.1876 0.740089 0.175940 0.741244 0.176141
1 7.4519 3.8358 3.2486 0.622603 0.572839 0.618899 0.823859
2 7.3295 3.7811 3.1817 0.533920 0.824060 0.525845 0.823859
3 7.4696 3.9352 3.1739 0.489695 0.824060 0.477595 0.823859
4 7.3162 3.7816 3.1789 0.481726 0.824060 0.467458 0.823859
5 7.3617 3.8169 3.1749 0.480925 0.824060 0.465665 0.823859
6 7.4216 3.8713 3.1918 0.481007 0.824060 0.465352 0.823859
7 7.4086 3.8390 3.2127 0.481034 0.824060 0.465254 0.823859
8 7.3488 3.7701 3.1851 0.480951 0.824060 0.465160 0.823859
9 7.4377 3.8556 3.2280 0.480761 0.824060 0.465015 0.823859
10 7.3028 3.7415 3.1982 0.480421 0.824060 0.464772 0.823859
11 7.2989 3.7627 3.1719 0.479920 0.824060 0.464418 0.823859
12 7.4285 3.8526 3.1741 0.479445 0.824060 0.464064 0.823859
13 7.3371 3.7914 3.1881 0.479081 0.824060 0.463762 0.823859
14 7.3795 3.8161 3.2057 0.478731 0.824060 0.463460 0.823859
15 7.4015 3.8151 3.2207 0.478329 0.824060 0.463120 0.823859
16 7.3792 3.8336 3.1485 0.477844 0.824060 0.462716 0.823859
17 7.3453 3.8129 3.1699 0.477251 0.824060 0.462226 0.823859
18 7.3740 3.8328 3.1801 0.476515 0.824060 0.461619 0.823859
19 7.3653 3.8143 3.1843 0.475584 0.824060 0.460852 0.823859
20 7.3555 3.8248 3.1659 0.474366 0.824060 0.459849 0.823859
21 7.3659 3.8074 3.1989 0.472605 0.824060 0.458421 0.823859
22 7.3133 3.7470 3.2019 0.469581 0.824060 0.456104 0.823859
23 7.4104 3.8293 3.2084 0.466334 0.824060 0.453459 0.823859
24 7.4608 3.9079 3.1938 0.462923 0.824060 0.450556 0.823859
25 7.3525 3.8047 3.1838 0.458853 0.824060 0.447079 0.823859
26 7.4001 3.8330 3.1988 0.453894 0.824060 0.442821 0.823859
27 7.4239 3.8314 3.2214 0.447720 0.824060 0.437483 0.823859
28 7.4055 3.8268 3.2119 0.439757 0.824060 0.430551 0.823859
29 7.3750 3.8033 3.2087 0.429013 0.824060 0.421126 0.823859
30 7.3674 3.8308 3.1670 0.409969 0.824060 0.404355 0.823859
31 7.7490 3.9998 3.3697 0.347594 0.826684 0.342506 0.827942
32 7.3481 3.7800 3.1962 0.333959 0.833009 0.327347 0.838351
33 7.3823 3.8090 3.2124 0.319248 0.848122 0.312801 0.861009
34 7.5692 3.9719 3.2287 0.295714 0.870307 0.294367 0.884788
35 7.4186 3.8367 3.2111 0.266271 0.887288 0.269570 0.895116
36 7.7611 4.0034 3.3792 0.258048 0.892331 0.258358 0.894956
37 7.4983 3.8666 3.2038 0.253641 0.893666 0.253591 0.894956
38 7.4413 3.8668 3.2054 0.249699 0.894279 0.258291 0.890793
39 7.3933 3.8249 3.1953 0.241000 0.895418 0.255413 0.892234
40 7.3469 3.7796 3.1975 0.239492 0.896201 0.245216 0.896477
41 7.3973 3.8243 3.2003 0.238739 0.896859 0.239281 0.897678
42 7.3534 3.8196 3.1700 0.236006 0.897588 0.236136 0.898479
43 7.4307 3.8411 3.2175 0.232839 0.898522 0.233679 0.899840
44 7.3547 3.7790 3.1995 0.229679 0.899376 0.231488 0.900400
45 7.3737 3.8223 3.1810 0.226653 0.899946 0.229463 0.901922
46 7.3599 3.8088 3.1770 0.223801 0.900577 0.227562 0.902242
47 7.4223 3.8410 3.2117 0.221121 0.901494 0.225760 0.902642
48 7.4151 3.8250 3.2167 0.218582 0.902241 0.224033 0.903523
49 7.3165 3.7734 3.1727 0.216148 0.903166 0.222362 0.904884
