epoch time fwd_time bwd_time loss acc val_loss val_acc
0 7.3290 3.7991 3.1680 0.615783 0.610226 0.608947 0.823859
1 7.3681 3.8293 3.1819 0.531588 0.824060 0.523719 0.823859
2 7.3913 3.8299 3.1986 0.498677 0.824060 0.488066 0.823859
3 7.3356 3.7814 3.1866 0.486278 0.824060 0.473732 0.823859
4 7.5216 3.9060 3.2089 0.482083 0.824060 0.468233 0.823859
5 7.4341 3.8650 3.2143 0.480947 0.824060 0.466260 0.823859
6 7.5002 3.9151 3.2226 0.480798 0.824060 0.465605 0.823859
7 7.4209 3.8642 3.1953 0.480879 0.824060 0.465399 0.823859
8 7.4673 3.8891 3.2156 0.480957 0.824060 0.465330 0.823859
9 7.3833 3.8171 3.2084 0.480989 0.824060 0.465293 0.823859
10 7.4338 3.8501 3.2188 0.480978 0.824060 0.465258 0.823859
11 7.4218 3.8811 3.1839 0.480926 0.824060 0.465208 0.823859
12 7.4540 3.8598 3.1898 0.480818 0.824060 0.465125 0.823859
13 7.3129 3.8006 3.1468 0.480583 0.824060 0.464956 0.823859
14 7.4117 3.8355 3.2163 0.480045 0.824060 0.464587 0.823859
15 7.2913 3.7492 3.1839 0.479401 0.824060 0.464144 0.823859
16 7.3528 3.8022 3.1952 0.479026 0.824060 0.463822 0.823859
17 7.3830 3.8199 3.1981 0.478630 0.824060 0.463476 0.823859
18 7.4587 3.8689 3.2282 0.477664 0.824060 0.462728 0.823859
19 7.4169 3.8403 3.2154 0.405812 0.824060 0.407913 0.823859
20 7.4894 3.8930 3.2320 0.389182 0.824060 0.384659 0.823859
21 7.4400 3.8613 3.2214 0.379661 0.824060 0.373665 0.823859
22 7.4221 3.8505 3.2158 0.344883 0.832697 0.348445 0.859087
23 7.3871 3.8302 3.1977 0.300858 0.864872 0.307402 0.882466
24 7.4617 3.8789 3.2254 0.280182 0.885962 0.281852 0.893915
25 7.3770 3.8106 3.2147 0.269859 0.890650 0.268377 0.896157
26 7.7529 4.0390 3.3369 0.262479 0.892892 0.260186 0.896637
27 7.4692 3.8894 3.2220 0.257548 0.894164 0.256001 0.897758
28 7.3755 3.8495 3.1683 0.253289 0.895480 0.253419 0.896557
29 7.3386 3.8063 3.1702 0.250198 0.896450 0.255075 0.893195
30 7.3849 3.8170 3.1975 0.244212 0.897757 0.255197 0.891273
31 7.3588 3.8198 3.1757 0.239744 0.898060 0.249258 0.894075
32 7.4032 3.8422 3.2060 0.237721 0.898603 0.243788 0.897118
33 7.3693 3.8172 3.1841 0.235560 0.899599 0.240727 0.898959
34 7.4234 3.8775 3.1859 0.232578 0.900230 0.238734 0.899920
35 7.3503 3.8030 3.1932 0.230175 0.900631 0.236734 0.900160
36 7.4062 3.8392 3.2037 0.227723 0.901147 0.234944 0.901041
37 7.3859 3.8230 3.1624 0.225117 0.901796 0.233385 0.901681
38 7.3649 3.8210 3.1797 0.222566 0.902303 0.232048 0.902082
39 7.2778 3.7604 3.1686 0.220268 0.902668 0.230843 0.902562
40 7.4240 3.8514 3.2010 0.218172 0.902979 0.229713 0.902482
41 7.4408 3.8704 3.2111 0.216203 0.903477 0.228655 0.902722
42 7.3927 3.8455 3.1944 0.214344 0.903904 0.227669 0.902962
43 7.3054 3.8037 3.1519 0.212587 0.904296 0.226747 0.903122
44 7.3804 3.8371 3.1807 0.210922 0.904874 0.225879 0.903523
45 7.4573 3.8956 3.1963 0.209337 0.905399 0.225059 0.903603
46 7.3580 3.8185 3.1736 0.207818 0.905897 0.224282 0.903683
47 7.4063 3.8588 3.1872 0.206359 0.906021 0.223541 0.903923
48 7.3051 3.7572 3.1911 0.204959 0.906244 0.222830 0.904083
49 7.4243 3.8514 3.2075 0.203621 0.906591 0.222140 0.904003
