epoch time fwd_time bwd_time loss acc val_loss val_acc
0 7.3353 3.7829 3.1895 0.479892 0.823775 0.465494 0.823859
1 7.3834 3.8103 3.2001 0.480980 0.824060 0.465288 0.823859
2 7.4191 3.8455 3.1975 0.480013 0.824060 0.464434 0.823859
3 7.4801 3.8828 3.2180 0.395399 0.824060 0.390583 0.823859
4 7.3393 3.8008 3.1737 0.364695 0.824078 0.359755 0.823859
5 7.4309 3.8687 3.1864 0.336425 0.828090 0.331328 0.854764
6 7.2609 3.7157 3.1693 0.265483 0.868581 0.273501 0.885188
7 7.4028 3.8407 3.1964 0.254363 0.884584 0.262274 0.892394
8 7.6126 3.9303 3.3184 0.249909 0.888818 0.254467 0.897358
9 7.5199 3.8829 3.2635 0.247218 0.890926 0.250553 0.896878
10 7.2163 3.6859 3.1633 0.243827 0.892660 0.247032 0.897438
11 7.3681 3.8261 3.1807 0.240330 0.893532 0.243898 0.897918
12 7.3917 3.8548 3.1684 0.236981 0.894279 0.241120 0.898078
13 7.3869 3.8234 3.1869 0.234049 0.895196 0.238524 0.898399
14 7.4201 3.8708 3.1795 0.231655 0.896085 0.235812 0.899760
15 7.3956 3.8269 3.1977 0.229492 0.897179 0.232556 0.900560
16 7.3592 3.8004 3.1908 0.226849 0.897775 0.228734 0.902242
17 7.4256 3.8487 3.2099 0.224032 0.898611 0.225576 0.902882
18 7.3862 3.8425 3.1655 0.218947 0.900471 0.221161 0.905364
19 7.4298 3.8626 3.1915 0.212619 0.902321 0.217096 0.907926
20 7.3872 3.8058 3.1720 0.208920 0.904384 0.212823 0.908807
21 7.2637 3.7410 3.1563 0.202133 0.906128 0.206863 0.910488
22 7.3500 3.8124 3.1685 0.193088 0.908272 0.201524 0.912170
23 7.3963 3.8633 3.1607 0.186202 0.910300 0.201325 0.915532
24 7.4174 3.8326 3.1819 0.182632 0.912390 0.195855 0.917054
25 7.3614 3.8006 3.1874 0.176439 0.914134 0.186677 0.920576
26 7.2904 3.7413 3.1812 0.175041 0.916713 0.183081 0.920256
27 7.4247 3.8832 3.1721 0.172202 0.918999 0.178185 0.924259
28 7.3411 3.7890 3.1858 0.167704 0.920432 0.174619 0.926581
29 7.3607 3.7930 3.1869 0.163508 0.922415 0.171446 0.927142
30 7.3906 3.8413 3.1793 0.158714 0.924052 0.168541 0.927702
31 7.4189 3.8262 3.2235 0.154609 0.925466 0.165329 0.929384
32 7.4641 3.9009 3.1971 0.149596 0.927281 0.162050 0.931145
33 7.3386 3.8326 3.1299 0.155679 0.929060 0.158558 0.933867
34 7.3885 3.8345 3.1881 0.147329 0.930199 0.154825 0.935548
35 7.3608 3.8009 3.1838 0.142483 0.930243 0.153121 0.937470
36 7.4353 3.8567 3.2145 0.136857 0.933570 0.149743 0.939151
37 7.2621 3.7646 3.1308 0.135681 0.934371 0.147389 0.940512
38 7.4459 3.8666 3.2048 0.132553 0.934993 0.145673 0.941793
39 7.3892 3.8254 3.1934 0.131066 0.935305 0.144358 0.942674
40 7.3828 3.8215 3.1950 0.127748 0.936336 0.141712 0.941954
41 7.3519 3.8055 3.1671 0.125223 0.937155 0.139920 0.942994
42 7.4046 3.8392 3.2013 0.123004 0.938000 0.138367 0.944195
43 7.2799 3.7386 3.1735 0.121057 0.938791 0.136822 0.944836
44 7.4450 3.8644 3.2155 0.119350 0.939361 0.135224 0.945076
45 7.3983 3.8519 3.1754 0.117637 0.939930 0.133755 0.946597
46 7.3762 3.8213 3.1791 0.115880 0.940562 0.132518 0.947398
47 7.4073 3.8543 3.1846 0.114199 0.941122 0.131402 0.947078
48 7.3749 3.8393 3.1767 0.112665 0.941940 0.130331 0.946757
49 7.3707 3.7927 3.1705 0.111321 0.942394 0.129091 0.947398
