epoch time fwd_time bwd_time loss acc val_loss val_acc
0 7.4798 3.8985 3.1785 0.454570 0.756153 0.461890 0.826101
1 7.3913 3.8115 3.1691 0.453417 0.823811 0.460633 0.826101
2 7.5225 3.9386 3.1821 0.448805 0.823811 0.455788 0.826101
3 7.5228 3.8970 3.2200 0.434650 0.823811 0.442145 0.826101
4 7.6965 3.9783 3.3110 0.377598 0.823811 0.389201 0.826101
5 7.6459 3.9797 3.2562 0.345811 0.823811 0.358959 0.826101
6 7.5186 3.9466 3.1715 0.321535 0.824149 0.341891 0.826902
7 7.4305 3.8599 3.1700 0.221658 0.862692 0.304964 0.859007
8 7.5799 3.9305 3.2404 0.192910 0.896681 0.219567 0.911930
9 7.6031 3.9522 3.2507 0.178241 0.908752 0.213077 0.910488
10 7.4564 3.8421 3.2130 0.166613 0.913315 0.205555 0.914011
11 7.4701 3.8857 3.1424 0.157577 0.917078 0.200829 0.916493
12 7.3656 3.7872 3.1668 0.145092 0.922051 0.186685 0.926661
13 7.4880 3.8988 3.1847 0.144808 0.926516 0.167657 0.929704
14 7.5230 3.9281 3.1849 0.168601 0.926943 0.185547 0.917614
15 7.4577 3.8981 3.1660 0.125409 0.929674 0.163718 0.932666
16 7.4609 3.8806 3.1749 0.158067 0.931622 0.176267 0.920817
17 7.4343 3.8750 3.1620 0.138282 0.931266 0.153655 0.933147
18 7.4245 3.8685 3.1585 0.130873 0.934895 0.148152 0.936990
19 7.5370 3.9533 3.1831 0.128690 0.936923 0.145129 0.938911
20 7.4527 3.8879 3.1647 0.123914 0.938409 0.141467 0.939952
21 7.3993 3.8286 3.1557 0.119466 0.939868 0.137281 0.941153
22 7.6097 3.9514 3.2520 0.115923 0.940971 0.133432 0.943074
23 7.4811 3.9177 3.1573 0.111114 0.942367 0.129419 0.945076
24 7.4714 3.9137 3.1464 0.107009 0.943782 0.125921 0.947558
25 7.4800 3.9049 3.1700 0.102836 0.945178 0.122868 0.948839
26 7.5005 3.9200 3.1791 0.097928 0.946593 0.120076 0.950040
27 7.5237 3.9533 3.1594 0.094293 0.948639 0.115574 0.952042
28 7.4002 3.8396 3.1544 0.093778 0.950026 0.112697 0.953563
29 7.4686 3.8906 3.1770 0.091185 0.951111 0.110421 0.954924
30 7.3862 3.8124 3.1617 0.088303 0.952170 0.108755 0.955965
31 7.5444 3.9462 3.1897 0.085669 0.953140 0.107007 0.956525
32 7.4534 3.8749 3.1689 0.089329 0.954714 0.102069 0.958207
33 7.5106 3.9168 3.1806 0.091596 0.955541 0.100403 0.958527
34 7.4773 3.8958 3.1745 0.092835 0.956484 0.099212 0.958607
35 7.4444 3.8864 3.1618 0.090479 0.956724 0.098332 0.959167
36 7.3965 3.8394 3.1526 0.080392 0.956618 0.095745 0.960288
37 7.6120 3.9663 3.2404 0.083449 0.959206 0.098472 0.959968
38 7.4807 3.8803 3.1885 0.074614 0.957632 0.095243 0.961089
39 7.5403 3.9098 3.2210 0.080092 0.959411 0.094629 0.961409
40 7.5379 3.9636 3.1702 0.076593 0.959535 0.094739 0.961329
41 7.4994 3.9069 3.1892 0.073194 0.960434 0.101511 0.957966
42 7.5868 3.9427 3.2387 0.071613 0.960549 0.102367 0.958287
43 7.6032 3.9412 3.2554 0.069973 0.960807 0.102693 0.958367
44 7.5155 3.9289 3.1479 0.070178 0.960807 0.100225 0.959408
45 7.5622 3.9359 3.2243 0.067600 0.961457 0.101819 0.959007
46 7.5002 3.8753 3.2154 0.069940 0.960905 0.092354 0.961970
47 7.5775 3.9462 3.2270 0.066175 0.962373 0.099550 0.959808
48 7.6252 3.9668 3.2525 0.066046 0.961768 0.089814 0.963331
49 7.4135 3.8486 3.1554 0.066719 0.962658 0.095042 0.961009
