epoch time fwd_time bwd_time loss acc val_loss val_acc
0 7.3618 3.7985 3.1866 0.484372 0.794786 0.465616 0.823859
1 7.3354 3.7581 3.2079 0.480705 0.824060 0.465190 0.823859
2 7.3621 3.8240 3.1712 0.478911 0.824060 0.463557 0.823859
3 7.3549 3.8270 3.1551 0.471103 0.824060 0.456949 0.823859
4 7.3341 3.7921 3.1777 0.374031 0.824060 0.374028 0.823859
5 7.3458 3.7934 3.1813 0.338785 0.824060 0.338024 0.823859
6 7.3667 3.8360 3.1774 0.309222 0.831292 0.314680 0.842994
7 7.3781 3.8340 3.1774 0.277260 0.852587 0.298077 0.865012
8 7.2509 3.7021 3.1733 0.241156 0.876996 0.251631 0.893755
9 7.3989 3.8241 3.2066 0.226521 0.895587 0.234509 0.901601
10 7.3874 3.8160 3.2053 0.213811 0.902187 0.226274 0.905284
11 7.4003 3.8664 3.1670 0.209116 0.905230 0.220615 0.906405
12 7.3572 3.8089 3.1825 0.204878 0.907053 0.215908 0.908006
13 7.4017 3.8375 3.1968 0.200199 0.908467 0.211248 0.910969
14 7.4679 3.9024 3.2028 0.195468 0.909704 0.206769 0.913211
15 7.4018 3.8573 3.1763 0.191436 0.911029 0.202615 0.915372
16 7.3352 3.7982 3.1706 0.187649 0.912257 0.198643 0.917054
17 7.3722 3.8284 3.1784 0.184006 0.913324 0.194858 0.918495
18 7.4219 3.8493 3.2027 0.180553 0.914534 0.191346 0.919135
19 7.3892 3.8614 3.1602 0.176864 0.915931 0.187983 0.920737
20 7.2223 3.6885 3.1571 0.173288 0.917203 0.184724 0.923459
21 7.3931 3.8085 3.2137 0.169842 0.918270 0.182031 0.924420
22 7.4145 3.8656 3.1832 0.165869 0.919711 0.181487 0.924420
23 7.4412 3.8816 3.1945 0.169869 0.921668 0.179648 0.924580
24 7.3236 3.7978 3.1496 0.161425 0.924310 0.167836 0.930024
25 7.3891 3.8244 3.1926 0.153901 0.927254 0.162404 0.932986
26 7.4044 3.8371 3.1954 0.165418 0.929638 0.157704 0.934668
27 7.4075 3.8328 3.2101 0.165700 0.931524 0.153789 0.936189
28 7.4381 3.8166 3.2177 0.165466 0.933134 0.150231 0.937470
29 7.3886 3.8300 3.1853 0.161633 0.934566 0.147457 0.938751
30 7.3958 3.8454 3.1776 0.155563 0.935607 0.145191 0.940112
31 7.4136 3.8668 3.1767 0.154840 0.936763 0.142698 0.940993
32 7.3062 3.7323 3.1668 0.154582 0.937804 0.140329 0.942434
33 7.4324 3.8679 3.2002 0.154759 0.938916 0.138067 0.943955
34 7.4184 3.8493 3.1971 0.155178 0.940046 0.135525 0.945797
35 7.3562 3.8045 3.1781 0.151940 0.941273 0.133673 0.946677
36 7.4035 3.8510 3.1846 0.149554 0.942412 0.131875 0.948038
37 7.3721 3.8103 3.1894 0.148510 0.943159 0.129548 0.948839
38 7.4293 3.8783 3.1855 0.145684 0.943888 0.127519 0.949239
39 7.3531 3.7648 3.1933 0.141535 0.944502 0.125762 0.950120
40 7.4600 3.8614 3.1694 0.138790 0.944903 0.124440 0.949560
41 7.2861 3.7316 3.1644 0.135008 0.945934 0.124131 0.948199
42 7.4158 3.8479 3.1818 0.130974 0.946851 0.122858 0.948279
43 7.3902 3.8005 3.1945 0.125884 0.947189 0.120737 0.948919
44 7.4459 3.8682 3.1894 0.117359 0.947580 0.118539 0.949880
45 7.3662 3.8032 3.1654 0.107771 0.947696 0.116763 0.951401
46 7.4039 3.8238 3.1826 0.107205 0.948087 0.119834 0.948759
47 7.4595 3.8693 3.2019 0.117566 0.948176 0.114304 0.953723
48 7.2901 3.7251 3.1788 0.115129 0.949003 0.115217 0.952122
49 7.4060 3.8468 3.1723 0.112752 0.949537 0.113849 0.952282
