epoch time fwd_time bwd_time loss acc val_loss val_acc
0 7.4111 3.8484 3.2177 0.626059 0.458632 0.617817 0.823859
1 7.2791 3.8021 3.1485 0.524586 0.824060 0.515847 0.823859
2 7.3929 3.8350 3.2096 0.490582 0.824060 0.478465 0.823859
3 7.4052 3.8488 3.2088 0.482514 0.824060 0.468370 0.823859
4 7.3039 3.7875 3.1643 0.481268 0.824060 0.466064 0.823859
5 7.2761 3.7952 3.1370 0.481295 0.824060 0.465606 0.823859
6 7.4136 3.8689 3.1945 0.481393 0.824060 0.465516 0.823859
7 7.3649 3.8358 3.1867 0.481418 0.824060 0.465488 0.823859
8 7.4387 3.8999 3.1884 0.481400 0.824060 0.465469 0.823859
9 7.3258 3.7696 3.2097 0.481365 0.824060 0.465451 0.823859
10 7.4386 3.8737 3.2111 0.481326 0.824060 0.465434 0.823859
11 7.3833 3.8351 3.1970 0.481286 0.824060 0.465416 0.823859
12 7.6066 3.9635 3.2781 0.481244 0.824060 0.465397 0.823859
13 7.3751 3.8436 3.1967 0.481200 0.824060 0.465376 0.823859
14 7.3848 3.8351 3.2028 0.481153 0.824060 0.465351 0.823859
15 7.3371 3.8118 3.1832 0.481099 0.824060 0.465321 0.823859
16 7.3737 3.8141 3.2147 0.481035 0.824060 0.465282 0.823859
17 7.4589 3.8725 3.1951 0.480955 0.824060 0.465229 0.823859
18 7.4114 3.8692 3.1937 0.480850 0.824060 0.465154 0.823859
19 7.3987 3.8331 3.2139 0.480701 0.824060 0.465041 0.823859
20 7.4321 3.8439 3.2428 0.480474 0.824060 0.464861 0.823859
21 7.4705 3.8558 3.2202 0.480041 0.824060 0.464518 0.823859
22 7.3558 3.8037 3.2076 0.478391 0.824060 0.463497 0.823859
23 7.3612 3.8115 3.2014 0.477411 0.824060 0.462655 0.823859
24 7.4384 3.8630 3.2155 0.476413 0.824060 0.461822 0.823859
25 7.4249 3.8757 3.2025 0.475181 0.824060 0.460805 0.823859
26 7.3647 3.8253 3.1951 0.473661 0.824060 0.459550 0.823859
27 7.4415 3.8658 3.2247 0.471772 0.824060 0.457980 0.823859
28 7.4305 3.8611 3.2231 0.469367 0.824060 0.455964 0.823859
29 7.3426 3.8004 3.1426 0.466197 0.824060 0.453281 0.823859
30 7.3748 3.8339 3.2025 0.461626 0.824060 0.449386 0.823859
31 7.3750 3.8216 3.2064 0.453751 0.824060 0.442832 0.823859
32 7.3497 3.8090 3.1936 0.424329 0.824060 0.418308 0.823939
33 7.4039 3.8473 3.1958 0.345805 0.824060 0.354042 0.830745
34 7.3251 3.7877 3.1851 0.326395 0.833347 0.332637 0.841793
35 7.2213 3.7070 3.1687 0.304488 0.845747 0.312740 0.862050
36 7.4273 3.8722 3.1982 0.279935 0.865779 0.290672 0.876141
37 7.4169 3.8645 3.1975 0.263517 0.877912 0.274345 0.884388
38 7.3776 3.8290 3.1962 0.253309 0.885589 0.264203 0.888791
39 7.4099 3.8306 3.2279 0.246204 0.891024 0.257426 0.891433
40 7.4446 3.8877 3.2094 0.241145 0.894182 0.252551 0.893034
41 7.3718 3.8134 3.2007 0.237191 0.896067 0.248902 0.895276
42 7.3726 3.8234 3.1986 0.234088 0.897162 0.246166 0.895997
43 7.4036 3.8351 3.2164 0.232177 0.898167 0.247409 0.893835
44 7.3371 3.7845 3.2045 0.227473 0.899359 0.249501 0.892314
45 7.4140 3.8324 3.2218 0.224007 0.899928 0.244970 0.894636
46 7.7034 4.0055 3.2933 0.222231 0.900221 0.240313 0.896797
47 7.4642 3.8862 3.2277 0.221047 0.900773 0.236139 0.898799
48 7.4054 3.8489 3.1981 0.219757 0.901209 0.232794 0.900320
49 7.3991 3.8573 3.2016 0.217978 0.901645 0.230204 0.901601
