epoch time fwd_time bwd_time loss acc val_loss val_acc
0 7.3877 3.8205 3.2021 0.619184 0.592338 0.614063 0.823859
1 7.4443 3.8731 3.2053 0.512508 0.824060 0.502275 0.823859
2 7.4506 3.8509 3.2279 0.483344 0.824060 0.468851 0.823859
3 7.3891 3.8232 3.2057 0.481945 0.824060 0.466064 0.823859
4 7.4127 3.8370 3.2100 0.481899 0.824060 0.465804 0.823859
5 7.2683 3.7187 3.1799 0.481701 0.824060 0.465649 0.823859
6 7.4393 3.8678 3.2055 0.481456 0.824060 0.465490 0.823859
7 7.4284 3.8577 3.1927 0.481157 0.824060 0.465298 0.823859
8 7.2863 3.7763 3.1397 0.480749 0.824060 0.465042 0.823859
9 7.3864 3.8145 3.2052 0.480245 0.824060 0.464728 0.823859
10 7.4468 3.8670 3.2088 0.479712 0.824060 0.464373 0.823859
11 7.2558 3.7354 3.1521 0.479114 0.824060 0.463938 0.823859
12 7.3325 3.7931 3.1809 0.478309 0.824060 0.463329 0.823859
13 7.2380 3.7082 3.1647 0.477259 0.824060 0.462509 0.823859
14 7.4230 3.8411 3.2030 0.476094 0.824060 0.461545 0.823859
15 7.4228 3.8547 3.1940 0.474573 0.824060 0.460268 0.823859
16 7.4249 3.8707 3.1937 0.472113 0.824060 0.458227 0.823859
17 7.4006 3.8504 3.1828 0.467790 0.824060 0.454616 0.823859
18 7.4626 3.8571 3.2354 0.460154 0.824060 0.447967 0.823859
19 7.5386 3.8895 3.2738 0.441789 0.824060 0.430619 0.823859
20 7.5593 3.8911 3.2615 0.361531 0.824060 0.358405 0.823859
21 7.3615 3.8040 3.1897 0.342299 0.824060 0.336124 0.823859
22 7.3858 3.8223 3.1932 0.330691 0.824060 0.326162 0.823859
23 7.4038 3.8324 3.1989 0.320354 0.824060 0.317192 0.823859
24 7.3822 3.8410 3.1721 0.310697 0.824131 0.309169 0.824820
25 7.3837 3.8194 3.1928 0.302575 0.826382 0.301918 0.831065
26 7.3807 3.8482 3.1703 0.296085 0.836086 0.295315 0.847398
27 7.4098 3.8569 3.1845 0.293603 0.852916 0.291972 0.871978
28 7.3474 3.8257 3.1537 0.290129 0.870262 0.293876 0.886869
29 7.3980 3.8297 3.2017 0.282665 0.881221 0.294217 0.890152
30 7.2988 3.7591 3.1751 0.275658 0.887724 0.289354 0.892634
31 7.4456 3.8577 3.2130 0.269384 0.891584 0.284068 0.892394
32 7.3650 3.8416 3.1600 0.263776 0.892660 0.278134 0.893435
33 7.3122 3.7863 3.1518 0.260048 0.893550 0.271783 0.893915
34 7.3906 3.8346 3.1806 0.258107 0.894146 0.266238 0.895997
35 7.4141 3.8449 3.2030 0.256287 0.893977 0.262055 0.896878
36 7.5003 3.9159 3.2235 0.254215 0.894582 0.258780 0.897598
37 7.2280 3.7101 3.1548 0.252031 0.894760 0.256034 0.897838
38 7.4152 3.8337 3.2152 0.249836 0.895196 0.253635 0.898078
39 7.4667 3.8846 3.2103 0.247684 0.895587 0.251490 0.897758
40 7.3221 3.7807 3.1699 0.245606 0.896005 0.249544 0.898159
41 7.3816 3.8261 3.1568 0.243613 0.896379 0.247760 0.897758
42 7.3652 3.8407 3.1471 0.241706 0.896583 0.246110 0.898399
43 7.5345 3.8851 3.2801 0.239879 0.896948 0.244573 0.898799
44 7.4691 3.8874 3.2213 0.238125 0.897357 0.243132 0.899119
45 7.5039 3.8739 3.2159 0.236435 0.897651 0.241772 0.899600
46 7.2770 3.7275 3.1852 0.234804 0.897829 0.240485 0.900160
47 7.3922 3.8146 3.2113 0.233236 0.898113 0.239264 0.900160
48 7.3834 3.8285 3.1830 0.231741 0.898487 0.238104 0.900240
49 7.5203 3.9169 3.2275 0.230331 0.898656 0.236998 0.900721
