epoch time fwd_time bwd_time loss acc val_loss val_acc
0 7.3954 3.8076 3.1988 0.483972 0.824060 0.465346 0.823859
1 7.4140 3.8406 3.1758 0.479773 0.824060 0.464367 0.823859
2 7.4452 3.8536 3.1943 0.383947 0.824060 0.375389 0.823859
3 7.3682 3.8068 3.1741 0.300693 0.828668 0.306044 0.860288
4 7.2898 3.7244 3.1770 0.251390 0.877218 0.262001 0.891593
5 7.4023 3.8238 3.1859 0.236663 0.890775 0.249476 0.897838
6 7.4273 3.8338 3.1960 0.234494 0.895471 0.241492 0.899520
7 7.4103 3.8316 3.1848 0.230164 0.898745 0.234421 0.904163
8 7.4302 3.8293 3.2151 0.226410 0.902516 0.227801 0.907366
9 7.4409 3.8580 3.1858 0.220045 0.905808 0.221280 0.908167
10 7.4458 3.8622 3.1930 0.214541 0.907142 0.215414 0.910969
11 7.4273 3.8437 3.1835 0.208746 0.908396 0.210117 0.912730
12 7.4680 3.8794 3.1905 0.202511 0.909508 0.205323 0.914412
13 7.4249 3.8498 3.1879 0.196245 0.911011 0.200870 0.916253
14 7.4308 3.8399 3.1947 0.190132 0.912595 0.196510 0.917934
15 7.3184 3.7619 3.1576 0.184363 0.914329 0.191875 0.920096
16 7.4068 3.8199 3.1873 0.184823 0.916447 0.189293 0.919536
17 7.4209 3.8241 3.2023 0.173195 0.918564 0.183738 0.921857
18 7.3401 3.7780 3.1721 0.170565 0.920423 0.180232 0.923058
19 7.4437 3.8382 3.1737 0.167846 0.923047 0.172078 0.926581
20 7.3571 3.7970 3.1732 0.161510 0.925280 0.166481 0.929704
21 7.3401 3.7709 3.1791 0.148442 0.927699 0.160319 0.932906
22 7.4380 3.8448 3.2086 0.142746 0.929540 0.155692 0.934508
23 7.3325 3.7856 3.1590 0.144471 0.931818 0.151513 0.936189
24 7.4381 3.8452 3.1957 0.137018 0.934317 0.148229 0.938511
25 7.5354 3.8982 3.2369 0.132505 0.935216 0.144233 0.940352
26 7.4239 3.8331 3.2055 0.129605 0.936239 0.140819 0.941393
27 7.3386 3.7811 3.1679 0.127023 0.937146 0.137687 0.942834
28 7.2513 3.7280 3.1319 0.124523 0.938373 0.134969 0.943635
29 7.3079 3.7598 3.1590 0.122157 0.939254 0.132624 0.945637
30 7.4468 3.8476 3.2067 0.119975 0.940482 0.130578 0.946998
31 7.4110 3.8249 3.2023 0.118006 0.941202 0.128769 0.947558
32 7.3595 3.8095 3.1668 0.116248 0.942145 0.127155 0.949079
33 7.5046 3.9012 3.1966 0.114686 0.943035 0.125707 0.949880
34 7.3076 3.7596 3.1632 0.113317 0.943755 0.124411 0.950280
35 7.4255 3.8503 3.1887 0.112174 0.944262 0.123255 0.951001
36 7.3148 3.7573 3.1645 0.111354 0.944867 0.122207 0.951161
37 7.3639 3.8169 3.1598 0.111040 0.945481 0.121182 0.951721
38 7.4272 3.8427 3.1940 0.111466 0.945952 0.120037 0.952122
39 7.4215 3.8539 3.1728 0.112657 0.946335 0.118783 0.952762
40 7.3195 3.7593 3.1643 0.114105 0.946646 0.117723 0.952522
41 7.3238 3.7689 3.1616 0.114795 0.947029 0.116985 0.953082
42 7.3766 3.8088 3.1830 0.114447 0.947233 0.116276 0.953643
43 7.4612 3.8858 3.1801 0.113728 0.947847 0.115539 0.953563
44 7.3423 3.7878 3.1670 0.112923 0.948265 0.114795 0.954283
45 7.3541 3.8010 3.1518 0.112078 0.948772 0.114037 0.954524
46 7.4436 3.8547 3.1942 0.111211 0.949359 0.113251 0.954604
47 7.4333 3.8449 3.2007 0.110327 0.949839 0.112421 0.955004
48 7.4312 3.8262 3.1673 0.109415 0.950097 0.111522 0.955004
49 7.2474 3.6933 3.1593 0.108464 0.950569 0.110529 0.955805
