epoch time fwd_time bwd_time loss acc val_loss val_acc
0 7.3807 3.8269 3.2041 0.667015 0.283208 0.664002 0.823859
1 7.2565 3.7369 3.1775 0.539439 0.824060 0.531523 0.823859
2 7.4340 3.8569 3.2222 0.494015 0.824060 0.482495 0.823859
3 7.3421 3.8231 3.1753 0.483109 0.824060 0.469383 0.823859
4 7.4967 3.8783 3.2163 0.481201 0.824060 0.466275 0.823859
5 7.3380 3.8107 3.1713 0.481123 0.824060 0.465621 0.823859
6 7.3969 3.8659 3.1859 0.481224 0.824060 0.465482 0.823859
7 7.3696 3.8314 3.1916 0.481256 0.824060 0.465432 0.823859
8 7.4392 3.8782 3.2189 0.481234 0.824060 0.465392 0.823859
9 7.3409 3.7980 3.2037 0.481183 0.824060 0.465349 0.823859
10 7.4167 3.8615 3.2120 0.481114 0.824060 0.465297 0.823859
11 7.2884 3.7522 3.1808 0.481019 0.824060 0.465226 0.823859
12 7.2430 3.7403 3.1585 0.480876 0.824060 0.465119 0.823859
13 7.3564 3.8098 3.1869 0.480617 0.824060 0.464924 0.823859
14 7.4623 3.8870 3.2254 0.480059 0.824060 0.464515 0.823859
15 7.3821 3.8375 3.2005 0.479191 0.824060 0.463887 0.823859
16 7.4253 3.8491 3.2191 0.478584 0.824060 0.463386 0.823859
17 7.3715 3.8455 3.1764 0.478055 0.824060 0.462923 0.823859
18 7.3210 3.7736 3.1938 0.477418 0.824060 0.462388 0.823859
19 7.3928 3.8429 3.1942 0.476592 0.824060 0.461715 0.823859
20 7.4424 3.8753 3.2084 0.475362 0.824060 0.460759 0.823859
21 7.3604 3.8166 3.1878 0.471895 0.824060 0.458413 0.823859
22 7.3439 3.8149 3.1864 0.422021 0.824060 0.418131 0.823859
23 7.3731 3.8214 3.1987 0.381575 0.824060 0.376245 0.823859
24 7.4114 3.8513 3.2065 0.375939 0.824060 0.369141 0.823859
25 7.4134 3.8262 3.1906 0.371438 0.824060 0.364251 0.823859
26 7.3987 3.8425 3.1992 0.365377 0.824060 0.359195 0.823859
27 7.3387 3.8054 3.1911 0.357390 0.824060 0.352024 0.823859
28 7.4348 3.8987 3.1986 0.333197 0.825448 0.337556 0.834027
29 7.3887 3.8379 3.1929 0.314543 0.842153 0.318894 0.851001
30 7.3825 3.8254 3.2037 0.306620 0.853744 0.304401 0.859968
31 7.3977 3.8663 3.1864 0.297167 0.860495 0.296188 0.864772
32 7.2624 3.7477 3.1637 0.288883 0.865779 0.290285 0.869416
33 7.4225 3.8849 3.1849 0.280775 0.870235 0.286110 0.871017
34 7.3135 3.7694 3.1907 0.273400 0.874043 0.282447 0.872938
35 7.4455 3.8628 3.2252 0.267023 0.876943 0.278481 0.874460
36 7.2359 3.7079 3.1534 0.261406 0.879647 0.274571 0.877262
37 8.9878 4.9874 3.6200 0.256590 0.882200 0.270817 0.879183
38 7.3566 3.7836 3.2168 0.252621 0.884174 0.267096 0.881825
39 7.4823 3.8897 3.2246 0.248533 0.885820 0.263508 0.883987
40 7.4381 3.8696 3.1980 0.236113 0.889351 0.257712 0.892234
41 7.4390 3.8545 3.2177 0.224623 0.895836 0.252206 0.896637
42 7.4087 3.8390 3.2042 0.218515 0.899465 0.248204 0.898239
43 7.4022 3.8483 3.1917 0.214365 0.901191 0.245063 0.900400
44 7.4355 3.8447 3.2317 0.211239 0.902588 0.242329 0.902402
45 7.4984 3.8997 3.2332 0.208360 0.903344 0.239454 0.903683
46 7.2743 3.7307 3.1889 0.205606 0.904322 0.236882 0.903923
47 7.4047 3.8604 3.1874 0.203485 0.905123 0.235235 0.904163
48 7.4028 3.8703 3.1823 0.201210 0.905861 0.233154 0.904484
49 7.4354 3.8825 3.1826 0.198277 0.906564 0.233116 0.904243
