epoch time fwd_time bwd_time loss acc val_loss val_acc
0 7.3513 3.7570 3.2053 0.492147 0.707460 0.465748 0.823859
1 7.4071 3.8474 3.1660 0.480989 0.824060 0.465387 0.823859
2 7.4316 3.8593 3.1777 0.480241 0.824060 0.464789 0.823859
3 7.3861 3.8271 3.1791 0.477352 0.824060 0.462509 0.823859
4 7.3243 3.7827 3.1559 0.466826 0.824060 0.453743 0.823859
5 7.4373 3.8576 3.1860 0.439652 0.824060 0.430486 0.823859
6 7.4053 3.8322 3.1922 0.392976 0.824060 0.389978 0.823859
7 7.4461 3.8543 3.1594 0.354252 0.824060 0.351880 0.823859
8 7.4389 3.8466 3.1972 0.341244 0.824060 0.338011 0.823859
9 7.3847 3.8024 3.1882 0.334037 0.824060 0.328079 0.823859
10 7.3271 3.7733 3.1692 0.324899 0.824336 0.318941 0.825220
11 7.4365 3.8494 3.1933 0.315127 0.828819 0.310573 0.832666
12 7.3875 3.8186 3.1839 0.305897 0.835651 0.302025 0.839311
13 7.4098 3.8212 3.2003 0.296276 0.841610 0.292646 0.845316
14 7.4510 3.8638 3.1887 0.282500 0.851457 0.281313 0.859488
15 7.4015 3.8475 3.1685 0.263775 0.867611 0.269250 0.881025
16 7.3803 3.8048 3.1866 0.246784 0.884005 0.260071 0.889992
17 7.4238 3.8458 3.1853 0.236005 0.890374 0.252843 0.891273
18 7.3476 3.7889 3.1704 0.230857 0.892322 0.246542 0.894235
19 7.4608 3.8903 3.1812 0.227419 0.894698 0.241228 0.896557
20 7.3809 3.8216 3.1667 0.225068 0.896717 0.236458 0.898879
21 7.4350 3.8555 3.1866 0.222443 0.898220 0.232157 0.901521
22 7.3180 3.7609 3.1775 0.218026 0.900008 0.228212 0.904564
23 7.3656 3.8118 3.1625 0.215229 0.901938 0.224539 0.906085
24 7.3171 3.7711 3.1661 0.211902 0.903415 0.221248 0.907606
25 7.3881 3.8080 3.1969 0.209321 0.904909 0.218245 0.909367
26 7.3512 3.7861 3.1758 0.205805 0.906306 0.215913 0.910088
27 7.4208 3.8540 3.1835 0.203763 0.908396 0.213612 0.911209
28 7.3842 3.8125 3.1785 0.201084 0.909668 0.211816 0.912490
29 7.4076 3.8213 3.1971 0.197477 0.910807 0.210743 0.913050
30 7.4054 3.8102 3.2023 0.193121 0.911812 0.210459 0.914091
31 7.4427 3.8640 3.1957 0.188790 0.913031 0.208985 0.914892
32 7.4095 3.8181 3.2029 0.185166 0.914045 0.206057 0.916813
33 7.3399 3.7887 3.1569 0.181578 0.914970 0.203054 0.918094
34 7.4241 3.8539 3.1763 0.178083 0.916366 0.199225 0.919456
35 7.4399 3.8652 3.1839 0.175851 0.918190 0.192690 0.921617
36 7.4153 3.8254 3.1623 0.173475 0.919400 0.190751 0.922978
37 7.4579 3.8687 3.1937 0.173010 0.921419 0.181090 0.925140
38 7.4575 3.8368 3.2299 0.169426 0.924248 0.177074 0.927142
39 7.4083 3.8482 3.1722 0.164280 0.926285 0.172183 0.930424
40 7.4212 3.8504 3.1855 0.160027 0.928464 0.166626 0.932986
41 7.3808 3.8200 3.1705 0.159963 0.930892 0.162107 0.935869
42 7.4168 3.8291 3.1944 0.151213 0.932992 0.157532 0.938671
43 7.3410 3.7727 3.1755 0.150528 0.934406 0.154206 0.939552
44 8.8987 4.9537 3.5286 0.145078 0.935918 0.152880 0.940512
45 7.9533 4.0812 3.4670 0.139836 0.936897 0.152211 0.940432
46 7.4564 3.8608 3.2024 0.137265 0.937511 0.150561 0.941153
47 7.4965 3.8703 3.2362 0.135166 0.938098 0.148719 0.941873
48 8.0882 4.2282 3.4538 0.133446 0.938445 0.146983 0.942194
49 7.6809 3.9653 3.3131 0.132086 0.938836 0.145061 0.943235
