epoch time fwd_time bwd_time loss acc val_loss val_acc
0 7.3622 3.7633 3.2047 0.488419 0.824060 0.465234 0.823859
1 7.4267 3.8387 3.2005 0.476334 0.824060 0.461526 0.823859
2 7.3611 3.8048 3.1580 0.398787 0.824060 0.389136 0.823859
3 7.3125 3.7318 3.1865 0.326520 0.825110 0.323387 0.840112
4 7.4678 3.8807 3.2037 0.259911 0.856190 0.274673 0.881825
5 7.4217 3.8587 3.1660 0.235686 0.886291 0.246113 0.897358
6 7.4401 3.8194 3.1971 0.236563 0.893239 0.236921 0.897998
7 7.4435 3.8375 3.2053 0.212904 0.897766 0.232926 0.894235
8 7.4190 3.8428 3.1848 0.218707 0.901289 0.217104 0.903443
9 7.3333 3.7462 3.1910 0.234016 0.903708 0.228545 0.909047
10 7.3816 3.7881 3.1952 0.201313 0.906181 0.211628 0.907366
11 7.4092 3.8357 3.1805 0.199407 0.909295 0.201851 0.910408
12 7.4141 3.8195 3.2035 0.189073 0.912533 0.194172 0.916894
13 7.3259 3.7493 3.1825 0.177461 0.917203 0.198572 0.917774
14 7.4074 3.8055 3.1811 0.173725 0.918190 0.184718 0.922658
15 7.3359 3.7711 3.1691 0.171293 0.920449 0.172890 0.926902
16 7.2929 3.7380 3.1627 0.165674 0.922540 0.178283 0.924820
17 7.3657 3.7898 3.1821 0.158690 0.921632 0.163860 0.931865
18 7.4042 3.8269 3.1853 0.156812 0.928108 0.159017 0.933947
19 7.3390 3.7994 3.1449 0.157969 0.928944 0.150214 0.937550
20 7.4385 3.8468 3.1994 0.146383 0.932894 0.145372 0.940673
21 7.3829 3.8148 3.1770 0.144071 0.935073 0.132724 0.945236
22 7.4527 3.8708 3.1868 0.139594 0.936746 0.129732 0.947238
23 7.3028 3.7453 3.1628 0.131246 0.939752 0.127602 0.947398
24 7.4803 3.8632 3.2137 0.125309 0.941780 0.146691 0.939712
25 7.4757 3.8697 3.2178 0.125942 0.940152 0.132672 0.945316
26 7.4068 3.8606 3.1609 0.125780 0.945765 0.120915 0.951161
27 7.3180 3.7826 3.1491 0.119960 0.947198 0.125880 0.949480
28 7.4146 3.8411 3.1755 0.121371 0.949484 0.138107 0.944916
29 7.4794 3.8805 3.1982 0.109534 0.949706 0.116418 0.952762
30 7.4493 3.8711 3.1806 0.112055 0.951476 0.118943 0.952442
31 7.3496 3.8129 3.1438 0.117894 0.952455 0.100374 0.959808
32 7.3802 3.8090 3.1785 0.107342 0.953202 0.109686 0.955645
33 7.6939 3.9631 3.3253 0.121517 0.955568 0.105971 0.957566
34 7.5876 3.8837 3.2962 0.111117 0.955959 0.095923 0.960608
35 7.4490 3.8685 3.1939 0.091170 0.951841 0.095142 0.961249
36 7.3806 3.8195 3.1728 0.093069 0.954554 0.091068 0.962370
37 7.4079 3.8159 3.1907 0.084832 0.958948 0.087227 0.965332
38 7.4765 3.8705 3.2050 0.087256 0.958486 0.085635 0.966213
39 7.4424 3.8205 3.1814 0.100291 0.958619 0.084692 0.965733
40 7.3603 3.7824 3.1728 0.096931 0.958157 0.084011 0.966613
41 7.3885 3.8123 3.1822 0.090922 0.958406 0.090146 0.962930
42 7.4164 3.8243 3.1964 0.081979 0.959028 0.082498 0.967414
43 7.4126 3.8269 3.1891 0.081178 0.956431 0.087888 0.963571
44 7.3926 3.8206 3.1864 0.092419 0.960176 0.083170 0.966613
45 7.4205 3.8285 3.1945 0.090653 0.959580 0.081325 0.967974
46 7.4196 3.8324 3.1973 0.087655 0.961715 0.080893 0.968295
47 7.4437 3.8561 3.1836 0.086469 0.961919 0.080547 0.968455
48 7.3531 3.7995 3.1616 0.083524 0.963245 0.080829 0.968215
49 7.3927 3.8243 3.1689 0.081846 0.962346 0.079992 0.968535
