epoch time fwd_time bwd_time loss acc val_loss val_acc
0 7.5213 3.8865 3.2051 0.367127 0.823811 0.367665 0.826101
1 7.5245 3.9229 3.1883 0.297552 0.826230 0.339948 0.836509
2 7.4883 3.8837 3.1810 0.282441 0.867371 0.247785 0.882786
3 7.4715 3.8893 3.1769 0.204755 0.907943 0.230769 0.891033
4 7.5097 3.9174 3.1734 0.166196 0.911607 0.191042 0.925941
5 7.5963 3.9918 3.1865 0.164283 0.919747 0.205399 0.921697
6 7.6218 3.9364 3.2632 0.178883 0.924924 0.174180 0.930184
7 7.4755 3.8932 3.1559 0.129315 0.929007 0.204622 0.915693
8 7.5035 3.9043 3.1702 0.121439 0.933090 0.193141 0.917934
9 7.5356 3.9227 3.1871 0.221277 0.936923 0.146136 0.939552
10 7.4990 3.8807 3.2108 0.118134 0.934406 0.175132 0.923779
11 7.5051 3.9054 3.1778 0.196083 0.942474 0.125696 0.951561
12 7.4948 3.8882 3.1966 0.133073 0.944404 0.140201 0.939311
13 7.4812 3.8957 3.1666 0.130831 0.948950 0.127259 0.946117
14 7.5217 3.9137 3.1521 0.129105 0.951547 0.116702 0.951401
15 7.5040 3.9200 3.1648 0.084765 0.955390 0.130819 0.943395
16 7.5223 3.9165 3.1973 0.093292 0.956849 0.108778 0.954604
17 7.4643 3.8691 3.1692 0.137072 0.956289 0.095588 0.963731
18 7.6312 3.9870 3.2211 0.083041 0.955541 0.097857 0.960689
19 7.6057 3.9837 3.2093 0.081577 0.957578 0.103474 0.956365
20 7.4466 3.8745 3.1539 0.089005 0.958655 0.092973 0.964452
21 7.7007 3.9923 3.2766 0.068788 0.958503 0.098926 0.956605
22 7.5350 3.9324 3.1808 0.078334 0.960060 0.092820 0.961649
23 7.4510 3.8613 3.1686 0.073330 0.960265 0.097699 0.957006
24 7.3977 3.8094 3.1586 0.075574 0.960718 0.093918 0.959968
25 7.4875 3.9268 3.1439 0.074560 0.960994 0.093760 0.959568
26 7.7023 4.1113 3.1643 0.074712 0.961208 0.091209 0.961809
27 7.6102 3.9007 3.2635 0.074381 0.961492 0.090102 0.962130
28 7.4595 3.8714 3.1484 0.074531 0.961715 0.088029 0.963651
29 7.4947 3.8779 3.1729 0.074262 0.961901 0.087434 0.963891
30 7.5786 3.9433 3.2088 0.074455 0.962124 0.085611 0.964532
31 7.5520 3.8869 3.2260 0.073812 0.962328 0.086428 0.964532
32 7.5800 3.9430 3.1978 0.074380 0.962497 0.083508 0.965813
33 7.4794 3.8458 3.2009 0.073776 0.962328 0.084187 0.965172
34 7.5353 3.9252 3.1719 0.073936 0.962480 0.082788 0.965813
35 7.4667 3.8609 3.1593 0.070620 0.962248 0.080595 0.967654
36 7.4382 3.8197 3.1730 0.073380 0.962569 0.080250 0.967094
37 7.5611 3.9471 3.1758 0.073064 0.962658 0.079926 0.967414
38 7.4676 3.8581 3.1718 0.072761 0.962764 0.079663 0.967414
39 7.5040 3.9079 3.1502 0.072372 0.962907 0.079403 0.967574
40 7.4481 3.8413 3.1558 0.071920 0.962987 0.079149 0.967734
41 7.3560 3.7620 3.1523 0.071403 0.963191 0.078902 0.967574
42 7.5784 3.9348 3.2101 0.070818 0.963316 0.078663 0.967734
43 7.6238 3.9757 3.1563 0.070169 0.963423 0.078431 0.967974
44 7.4712 3.8756 3.1616 0.069475 0.963485 0.078204 0.968295
45 7.5846 3.9303 3.2061 0.068748 0.963636 0.077977 0.968455
46 7.5476 3.9257 3.1700 0.068009 0.963681 0.077743 0.968455
47 7.6132 3.9711 3.1959 0.067262 0.963752 0.077493 0.968615
48 7.6199 3.9368 3.2478 0.066512 0.963823 0.077215 0.968695
49 7.4913 3.8847 3.1633 0.065790 0.963698 0.076887 0.968775
