epoch time fwd_time bwd_time loss acc val_loss val_acc
0 7.2892 3.7273 3.1794 0.482287 0.824060 0.464563 0.823859
1 7.3436 3.7953 3.1571 0.407350 0.824060 0.396368 0.823859
2 7.3676 3.8313 3.1403 0.289626 0.841468 0.275719 0.885428
3 7.3761 3.8082 3.1797 0.259383 0.886167 0.254753 0.889191
4 7.2909 3.7308 3.1658 0.240807 0.894573 0.232829 0.899600
5 7.3594 3.8097 3.1659 0.232699 0.898638 0.225964 0.901121
6 7.3791 3.7694 3.1781 0.219110 0.901458 0.222423 0.903122
7 7.4115 3.8227 3.1956 0.207103 0.903353 0.217364 0.905765
8 7.4258 3.8222 3.2185 0.221926 0.881586 0.248841 0.890713
9 7.4180 3.8482 3.1820 0.202175 0.905399 0.206624 0.911849
10 7.4983 3.9036 3.2024 0.194671 0.909446 0.201184 0.913211
11 7.3530 3.8003 3.1691 0.197482 0.912541 0.194282 0.915452
12 7.4080 3.8246 3.1912 0.177839 0.914899 0.188228 0.918094
13 7.3882 3.8135 3.1821 0.171993 0.917719 0.183214 0.920016
14 7.4428 3.8516 3.1995 0.174106 0.918599 0.174755 0.925941
15 7.3921 3.8295 3.1694 0.167217 0.923838 0.169779 0.928022
16 7.4496 3.8600 3.1948 0.154347 0.923162 0.162036 0.931625
17 7.3333 3.7498 3.1927 0.149982 0.928073 0.157135 0.933867
18 7.4451 3.8615 3.2048 0.166878 0.918572 0.174947 0.927062
19 7.3991 3.8098 3.1944 0.143919 0.930537 0.151032 0.936269
20 7.4382 3.8449 3.1946 0.141121 0.930003 0.145993 0.938271
21 7.4045 3.8452 3.1656 0.132302 0.934522 0.151087 0.935228
22 7.3495 3.8139 3.1428 0.137541 0.936007 0.134384 0.943555
23 7.3751 3.8106 3.1746 0.140406 0.937653 0.133301 0.945556
24 7.4207 3.8402 3.1880 0.124316 0.937048 0.129540 0.946037
25 7.4364 3.8402 3.2073 0.127218 0.941078 0.124889 0.947558
26 7.4120 3.8257 3.1991 0.401480 0.858173 0.392913 0.823859
27 7.3562 3.7973 3.1383 0.245960 0.840623 0.250259 0.900881
28 7.3635 3.7866 3.1828 0.162062 0.911376 0.177050 0.926341
29 7.2387 3.6949 3.1479 0.137783 0.931035 0.140674 0.942514
30 7.4432 3.8427 3.2037 0.137780 0.938605 0.130378 0.944275
31 7.3605 3.8126 3.1582 0.132202 0.940659 0.126005 0.946677
32 7.3715 3.8191 3.1643 0.121490 0.943995 0.122830 0.948439
33 7.3695 3.8175 3.1694 0.120121 0.941318 0.126266 0.948359
34 7.3366 3.7563 3.1914 0.116918 0.945552 0.116099 0.951882
35 7.4549 3.8541 3.2069 0.113494 0.948612 0.117657 0.949800
36 7.3985 3.8328 3.1698 0.198309 0.892394 0.209028 0.928903
37 7.3659 3.7948 3.1816 0.128296 0.930305 0.155637 0.936829
38 7.9435 4.1143 3.4257 0.107042 0.944298 0.124560 0.947398
39 7.3671 3.7928 3.1881 0.098718 0.950427 0.105100 0.956525
40 7.3804 3.7845 3.1972 0.090509 0.953424 0.116047 0.950200
41 8.0229 4.1272 3.4816 0.088472 0.954189 0.101376 0.958607
42 7.8217 4.0086 3.4154 0.088924 0.955132 0.114194 0.950440
43 7.6587 3.9545 3.3065 0.088372 0.955497 0.105228 0.954684
44 7.3565 3.7616 3.2042 0.082931 0.955737 0.122428 0.946517
45 7.5460 3.8805 3.2706 0.081861 0.956004 0.121957 0.946437
46 7.4628 3.8608 3.2215 0.080821 0.955630 0.119470 0.947478
47 7.3838 3.8187 3.1744 0.079271 0.956796 0.114358 0.949960
48 7.3596 3.7980 3.1679 0.082772 0.956155 0.098064 0.958287
49 7.3499 3.7447 3.2051 0.078787 0.958192 0.112332 0.951161
