epoch time fwd_time bwd_time loss acc val_loss val_acc
0 7.5103 3.9013 3.1903 0.455065 0.766232 0.461653 0.826101
1 7.4416 3.8492 3.1777 0.452951 0.823811 0.459630 0.826101
2 7.5060 3.8877 3.1931 0.442468 0.823811 0.449880 0.826101
3 7.5405 3.9275 3.1960 0.390694 0.823811 0.400026 0.826101
4 7.4909 3.9075 3.1645 0.340664 0.823811 0.352523 0.826101
5 7.5818 3.9514 3.2241 0.333548 0.823811 0.346763 0.826101
6 7.4948 3.8952 3.1472 0.330481 0.823811 0.342813 0.826101
7 7.4905 3.9021 3.1749 0.327033 0.823811 0.339044 0.826101
8 7.5271 3.8949 3.2093 0.323028 0.823811 0.333860 0.826101
9 7.5406 3.9415 3.1849 0.310270 0.824407 0.325243 0.827142
10 7.5070 3.9161 3.1745 0.290500 0.827182 0.316495 0.830024
11 7.4754 3.8929 3.1710 0.220692 0.847321 0.242369 0.887750
12 7.4973 3.9161 3.1651 0.197590 0.906368 0.209437 0.914091
13 7.5294 3.9179 3.1882 0.180258 0.912115 0.198845 0.919536
14 7.5238 3.9331 3.1807 0.169832 0.916091 0.191302 0.922578
15 7.4409 3.8694 3.1515 0.160248 0.918377 0.187332 0.924660
16 7.5538 3.9384 3.1927 0.155037 0.919284 0.185191 0.924339
17 7.4944 3.8941 3.1882 0.151373 0.920218 0.185316 0.924179
18 7.5597 3.9338 3.2163 0.148617 0.921606 0.184133 0.925220
19 7.3838 3.8165 3.1482 0.146229 0.922771 0.181944 0.926101
20 7.9528 4.1303 3.3864 0.144084 0.923838 0.179898 0.926982
21 7.6614 3.9835 3.2537 0.142130 0.924577 0.178052 0.927942
22 7.6444 3.9616 3.2663 0.140339 0.925306 0.176375 0.928423
23 7.4678 3.8808 3.1699 0.138686 0.925938 0.174836 0.928743
24 7.5147 3.9053 3.1911 0.137153 0.926383 0.173407 0.929303
25 7.4743 3.8871 3.1651 0.135724 0.926934 0.172071 0.929624
26 7.5195 3.9236 3.1881 0.134387 0.927263 0.170814 0.930344
27 7.4187 3.8367 3.1672 0.133129 0.927663 0.169624 0.930745
28 7.5004 3.8886 3.1849 0.131944 0.928073 0.168495 0.931305
29 7.4990 3.9200 3.1611 0.130822 0.928509 0.167420 0.931785
30 7.6286 3.9763 3.2299 0.129758 0.928882 0.166393 0.932186
31 7.4462 3.8708 3.1638 0.128746 0.929122 0.165411 0.932746
32 7.5066 3.8836 3.1991 0.127783 0.929389 0.164470 0.932826
33 7.5604 3.9300 3.2131 0.126863 0.929736 0.163566 0.933627
34 7.5185 3.9387 3.1567 0.125983 0.929967 0.162697 0.934107
35 7.5198 3.9238 3.1388 0.125141 0.930181 0.161861 0.934267
36 7.4852 3.8993 3.1732 0.124333 0.930528 0.161054 0.934668
37 7.4041 3.8302 3.1547 0.123557 0.930910 0.160275 0.935068
38 7.4876 3.8950 3.1908 0.122811 0.931168 0.159523 0.934748
39 7.4253 3.8727 3.1361 0.122094 0.931453 0.158796 0.935148
40 7.4789 3.8932 3.1626 0.121402 0.931755 0.158091 0.935468
41 7.5218 3.8976 3.2113 0.120736 0.931978 0.157409 0.935548
42 7.4859 3.9043 3.1692 0.120093 0.932271 0.156746 0.935548
43 7.5334 3.9065 3.1588 0.119472 0.932565 0.156104 0.935388
44 7.5139 3.9273 3.1556 0.118872 0.932734 0.155479 0.935548
45 7.4821 3.8978 3.1715 0.118292 0.932938 0.154872 0.935709
46 7.5140 3.9231 3.1656 0.117730 0.933143 0.154282 0.935949
47 7.5053 3.9189 3.1649 0.117186 0.933330 0.153707 0.936269
48 7.3975 3.8432 3.1385 0.116660 0.933365 0.153147 0.936509
49 7.5277 3.9182 3.1791 0.116150 0.933543 0.152601 0.936990
