epoch time fwd_time bwd_time loss acc val_loss val_acc
0 7.5679 3.8861 3.2569 0.483739 0.824060 0.465226 0.823859
1 7.3947 3.7818 3.1987 0.473321 0.824060 0.458862 0.823859
2 7.4079 3.8175 3.1702 0.375606 0.824060 0.377417 0.823859
3 7.4106 3.8111 3.1809 0.345198 0.824060 0.343974 0.823859
4 7.5063 3.8746 3.2105 0.320728 0.824060 0.326422 0.823859
5 7.4524 3.8362 3.2003 0.292819 0.832244 0.304017 0.853243
6 7.4272 3.8110 3.1949 0.258090 0.865370 0.264829 0.885028
7 7.4480 3.8585 3.1714 0.241522 0.889111 0.255779 0.893915
8 7.4929 3.8647 3.2048 0.232328 0.897162 0.242378 0.899039
9 7.4478 3.8464 3.1859 0.221623 0.900408 0.234458 0.905444
10 7.3971 3.7997 3.1685 0.229961 0.902001 0.228501 0.906565
11 7.4447 3.8257 3.1909 0.224305 0.903806 0.223953 0.908167
12 7.4506 3.8440 3.1765 0.222513 0.905381 0.219716 0.909848
13 7.4995 3.8710 3.2020 0.219637 0.906804 0.216208 0.910649
14 7.4046 3.8048 3.1755 0.215556 0.907960 0.213081 0.911449
15 7.4646 3.8527 3.1882 0.210937 0.909037 0.210251 0.912090
16 7.4649 3.8519 3.1834 0.208713 0.909855 0.207151 0.914011
17 7.4311 3.8391 3.1756 0.204689 0.910887 0.204504 0.914091
18 7.3931 3.7921 3.1864 0.202237 0.911474 0.202053 0.915452
19 7.4422 3.8233 3.2065 0.197672 0.912346 0.199758 0.916253
20 7.4022 3.8022 3.1815 0.194403 0.912746 0.197321 0.917454
21 7.4336 3.8347 3.1815 0.189260 0.915504 0.194549 0.917694
22 7.4641 3.8306 3.1836 0.183000 0.917025 0.189769 0.921617
23 7.3599 3.7479 3.1854 0.177677 0.918875 0.187333 0.924019
24 7.4139 3.8175 3.1742 0.179398 0.920610 0.185548 0.925220
25 7.4072 3.8047 3.1739 0.179188 0.922166 0.182640 0.925140
26 7.4103 3.8332 3.1600 0.179630 0.923198 0.177575 0.927862
27 7.4058 3.7924 3.1902 0.178412 0.924808 0.177274 0.927142
28 7.2762 3.6890 3.1653 0.179356 0.925137 0.173323 0.929864
29 7.3837 3.7855 3.1865 0.170613 0.926498 0.170959 0.930584
30 7.4752 3.8322 3.1856 0.168472 0.927503 0.169209 0.931145
31 7.3540 3.7702 3.1682 0.170179 0.928491 0.166805 0.931785
32 7.4605 3.8499 3.1884 0.158266 0.928766 0.162545 0.934748
33 7.4642 3.8452 3.2014 0.160993 0.929336 0.160902 0.934428
34 7.5270 3.9353 3.1604 0.156252 0.929941 0.157892 0.936109
35 7.4084 3.8065 3.1804 0.155002 0.931008 0.158361 0.935629
36 7.4576 3.8326 3.1945 0.159311 0.931515 0.154014 0.939872
37 7.4499 3.8461 3.1790 0.144307 0.933241 0.152881 0.941473
38 7.4855 3.8630 3.1937 0.162958 0.933268 0.148765 0.941954
39 7.3467 3.7956 3.1346 0.141154 0.935153 0.150292 0.941393
40 7.4309 3.8195 3.1873 0.141081 0.936283 0.146618 0.942994
41 7.2850 3.7066 3.1577 0.139287 0.938107 0.140946 0.945076
42 7.4955 3.8908 3.1864 0.140960 0.937128 0.146431 0.941954
43 7.4153 3.8280 3.1691 0.128938 0.938009 0.143237 0.943715
44 7.4700 3.8290 3.2141 0.127305 0.938987 0.138647 0.945396
45 7.2690 3.6962 3.1490 0.131781 0.940286 0.135411 0.947958
46 7.5232 3.8967 3.2082 0.136562 0.940926 0.136361 0.946677
47 7.4897 3.8676 3.1938 0.149831 0.938863 0.135922 0.944596
48 7.4853 3.8559 3.2016 0.149572 0.940028 0.134215 0.944836
49 7.3409 3.7633 3.1515 0.147408 0.940562 0.133303 0.945076
