epoch time fwd_time bwd_time loss acc val_loss val_acc
0 7.5714 3.8883 3.1983 0.451572 0.812443 0.458071 0.826101
1 7.4596 3.8747 3.1463 0.346078 0.823811 0.368927 0.826101
2 7.6127 3.9272 3.2100 0.342269 0.823811 0.350890 0.826101
3 7.5577 3.9256 3.1789 0.318726 0.823811 0.337524 0.826101
4 7.4964 3.8765 3.1739 0.303046 0.820875 0.320892 0.826101
5 7.5428 3.8809 3.2139 0.241560 0.852098 0.238248 0.906245
6 7.5782 3.9177 3.2095 0.190526 0.908948 0.259808 0.892714
7 7.5284 3.9107 3.1596 0.244888 0.915157 0.195190 0.922098
8 7.5395 3.8842 3.2079 0.275562 0.918537 0.202059 0.910969
9 7.4794 3.8555 3.1687 0.173949 0.915922 0.199191 0.909528
10 7.5531 3.9197 3.1702 0.164292 0.920405 0.195737 0.911129
11 7.6064 3.9350 3.2200 0.160886 0.922389 0.193590 0.913211
12 7.6616 3.9452 3.2470 0.157842 0.923732 0.191101 0.914492
13 7.5120 3.8390 3.2160 0.154593 0.924657 0.188247 0.916173
14 7.5944 3.9298 3.2141 0.151671 0.925733 0.185450 0.917694
15 7.5219 3.8997 3.1710 0.149139 0.926623 0.182948 0.918735
16 9.0927 4.9694 3.6344 0.146902 0.927761 0.180716 0.920016
17 7.5847 3.9090 3.2066 0.144827 0.928375 0.178638 0.921297
18 7.5768 3.9220 3.1991 0.142840 0.929024 0.176703 0.922898
19 7.5492 3.8966 3.1918 0.140912 0.929549 0.174956 0.923459
20 7.5318 3.9112 3.1728 0.139010 0.930163 0.173397 0.924259
21 7.5494 3.9214 3.1721 0.137073 0.930643 0.172008 0.924660
22 7.5796 3.8907 3.2343 0.135033 0.931328 0.170772 0.925140
23 7.5354 3.9040 3.1646 0.132892 0.931871 0.169667 0.925460
24 7.5700 3.9263 3.1913 0.130791 0.932494 0.168618 0.925620
25 7.5909 3.9067 3.2147 0.128857 0.932903 0.167536 0.926581
26 7.5045 3.9156 3.1547 0.127137 0.933419 0.166384 0.927062
27 7.5084 3.8865 3.1625 0.125668 0.933810 0.165213 0.927222
28 7.6901 3.9773 3.2565 0.124471 0.934121 0.164110 0.927622
29 7.5719 3.9398 3.1785 0.123495 0.934299 0.163124 0.928423
30 7.4973 3.8765 3.1635 0.122685 0.934406 0.162315 0.928823
31 7.7206 3.9769 3.2864 0.122014 0.934762 0.161794 0.929384
32 7.4684 3.8453 3.1672 0.121381 0.935011 0.161453 0.929384
33 7.7271 3.9860 3.2876 0.120684 0.935322 0.161029 0.929544
34 7.5099 3.8460 3.2119 0.119950 0.935545 0.160498 0.929704
35 7.5379 3.9146 3.1688 0.119179 0.936007 0.159826 0.929944
36 7.7549 3.9920 3.2878 0.118418 0.936247 0.159111 0.930104
37 7.5364 3.9054 3.1652 0.117690 0.936443 0.158408 0.930264
38 7.5069 3.8798 3.1717 0.117021 0.936657 0.157802 0.930424
39 7.5152 3.8776 3.1666 0.116416 0.936959 0.157322 0.930905
40 7.5560 3.9260 3.1656 0.115884 0.937226 0.156999 0.931145
41 7.6817 3.9791 3.2504 0.115433 0.937546 0.156866 0.931465
42 7.5917 3.9180 3.2178 0.115083 0.937680 0.156977 0.931545
43 7.5562 3.9256 3.1626 0.114875 0.937902 0.157432 0.931545
44 7.5732 3.9415 3.1787 0.114846 0.938080 0.158344 0.930825
45 7.4835 3.8662 3.1644 0.114812 0.938293 0.159500 0.929784
46 7.7264 3.9660 3.2599 0.114348 0.938347 0.160294 0.929063
47 7.5672 3.9478 3.1424 0.113655 0.938480 0.160735 0.928823
48 7.5443 3.9067 3.1768 0.112973 0.938649 0.161015 0.928663
49 7.6448 3.9412 3.2486 0.112340 0.938827 0.161216 0.928583
