epoch time fwd_time bwd_time loss acc val_loss val_acc
0 7.5531 3.8892 3.2010 0.449472 0.820102 0.456051 0.826101
1 7.4077 3.8242 3.1509 0.338050 0.823811 0.364243 0.826101
2 7.6497 3.9316 3.2489 0.339282 0.823811 0.351971 0.826101
3 7.4875 3.8598 3.1749 0.323877 0.823811 0.346241 0.826101
4 7.5899 3.9567 3.1777 0.312065 0.823855 0.346067 0.826101
5 7.4890 3.8729 3.1660 0.301932 0.824416 0.323246 0.828503
6 7.6097 3.9684 3.1835 0.286459 0.830029 0.300853 0.840753
7 7.5093 3.8958 3.1701 0.323849 0.865761 0.243105 0.910649
8 7.5294 3.9130 3.1644 0.252193 0.904402 0.250816 0.884067
9 7.6399 3.9482 3.2042 0.178003 0.912195 0.212883 0.907606
10 7.5444 3.9188 3.1774 0.170475 0.917843 0.207673 0.907606
11 7.4009 3.7780 3.1656 0.159692 0.919329 0.196372 0.915693
12 7.5258 3.9050 3.1725 0.153883 0.920752 0.188677 0.919856
13 7.5364 3.9234 3.1680 0.149685 0.921828 0.183625 0.923139
14 7.4755 3.8705 3.1532 0.146174 0.923056 0.180059 0.924259
15 7.5589 3.9301 3.1888 0.143089 0.923936 0.177207 0.926101
16 7.6350 3.9457 3.2375 0.140321 0.924808 0.174684 0.926821
17 7.5941 3.9491 3.1932 0.137817 0.925724 0.172292 0.927062
18 7.5004 3.8879 3.1658 0.135537 0.926489 0.170092 0.927782
19 7.5588 3.9194 3.1781 0.133372 0.927201 0.168178 0.928423
20 7.5973 3.9454 3.2094 0.131314 0.927948 0.166451 0.929944
21 8.1685 4.2441 3.4504 0.129376 0.928660 0.164859 0.930104
22 7.9100 4.0903 3.3598 0.127549 0.929211 0.163374 0.930665
23 7.5798 3.9165 3.2067 0.125825 0.929754 0.161983 0.931946
24 7.5338 3.9100 3.1716 0.124195 0.930208 0.160675 0.932746
25 7.5292 3.9226 3.1582 0.122651 0.930723 0.159444 0.933627
26 7.4919 3.8673 3.1805 0.121188 0.931204 0.158282 0.933707
27 7.6068 3.9122 3.2309 0.119799 0.931809 0.157186 0.934267
28 7.5767 3.9547 3.1787 0.118481 0.932156 0.156147 0.934267
29 7.8173 4.0769 3.2870 0.117230 0.932574 0.155161 0.934668
30 7.5041 3.8963 3.1584 0.116044 0.932992 0.154218 0.934828
31 7.5360 3.9151 3.1714 0.114921 0.933348 0.153314 0.935228
32 7.5489 3.9129 3.1797 0.113858 0.933721 0.152444 0.935709
33 7.5695 3.9245 3.1845 0.112853 0.934068 0.151604 0.936189
34 7.6395 3.9259 3.2448 0.111904 0.934379 0.150790 0.936109
35 7.4817 3.8549 3.1679 0.111008 0.934744 0.150002 0.936269
36 7.6819 3.9573 3.2675 0.110163 0.935171 0.149241 0.936429
37 7.6139 3.9200 3.2277 0.109365 0.935536 0.148502 0.936829
38 7.4914 3.8876 3.1448 0.108612 0.935856 0.147789 0.937310
39 7.5210 3.8875 3.1824 0.107902 0.936185 0.147102 0.937470
40 7.4880 3.8848 3.1555 0.107231 0.936390 0.146440 0.937630
41 7.4906 3.8842 3.1717 0.106598 0.936559 0.145803 0.938191
42 7.5426 3.8766 3.1746 0.106000 0.936799 0.145191 0.938591
43 7.5091 3.8900 3.1734 0.105436 0.937110 0.144604 0.938911
44 7.6679 3.9412 3.2611 0.104904 0.937448 0.144041 0.939071
45 7.5836 3.9615 3.1569 0.104403 0.937751 0.143503 0.939392
46 7.5549 3.9212 3.1752 0.103930 0.938009 0.142989 0.939632
47 7.5724 3.9200 3.1849 0.103485 0.938293 0.142496 0.939792
48 7.6222 3.9299 3.2483 0.103066 0.938614 0.142026 0.939952
49 7.6083 3.9390 3.2071 0.102673 0.938809 0.141576 0.940192
