epoch time fwd_time bwd_time loss acc val_loss val_acc
0 7.4467 3.8211 3.1993 0.485782 0.823304 0.464874 0.823859
1 7.4323 3.8168 3.1798 0.380213 0.824060 0.378743 0.823859
2 7.4980 3.8629 3.1930 0.295706 0.833249 0.313701 0.833147
3 7.4574 3.8146 3.1927 0.255020 0.874639 0.260205 0.887110
4 7.5172 3.8557 3.1749 0.236594 0.891495 0.269262 0.883747
5 7.2626 3.6865 3.1474 0.231661 0.893906 0.228300 0.903763
6 7.5154 3.8821 3.2103 0.225420 0.897766 0.220908 0.904884
7 7.4428 3.8309 3.1743 0.221469 0.904429 0.213772 0.907526
8 7.4617 3.8546 3.1790 0.204448 0.906937 0.220127 0.905925
9 7.4292 3.7964 3.1916 0.198063 0.908058 0.211713 0.908967
10 7.3594 3.7320 3.1937 0.193513 0.910184 0.204773 0.911449
11 7.4217 3.7945 3.1856 0.214845 0.910887 0.197390 0.919376
12 7.4952 3.8873 3.1710 0.183422 0.912791 0.193391 0.916653
13 7.4323 3.8178 3.1809 0.195064 0.916998 0.180407 0.922018
14 7.4544 3.8082 3.2006 0.188417 0.913226 0.172454 0.926261
15 7.3883 3.7775 3.1697 0.192102 0.923162 0.167870 0.928343
16 7.4670 3.8448 3.1813 0.187144 0.924399 0.173834 0.926341
17 7.4372 3.8083 3.1968 0.167357 0.926311 0.167548 0.928423
18 7.5040 3.8594 3.2037 0.156028 0.929576 0.164202 0.929464
19 7.3118 3.7255 3.1456 0.151042 0.925813 0.146209 0.937790
20 7.5215 3.8880 3.1977 0.135644 0.937555 0.131448 0.945156
21 7.4391 3.8125 3.1914 0.141895 0.933801 0.136525 0.944035
22 7.4891 3.8589 3.1890 0.139902 0.939067 0.142499 0.943475
23 7.4879 3.8579 3.1859 0.133252 0.938934 0.177249 0.934748
24 7.4386 3.8474 3.1606 0.132820 0.922433 0.128019 0.947478
25 7.4245 3.8404 3.1451 0.125154 0.945490 0.140492 0.942274
26 7.4044 3.7852 3.1892 0.261710 0.943435 0.490229 0.876541
27 7.4159 3.8108 3.1645 0.160731 0.887501 0.172025 0.931545
28 7.4966 3.8656 3.1927 0.133324 0.931711 0.151324 0.935709
29 7.4886 3.8272 3.1801 0.131071 0.931399 0.152267 0.934107
30 7.4425 3.8243 3.1941 0.132065 0.932814 0.139407 0.941633
31 7.4727 3.8461 3.1876 0.133537 0.934228 0.152006 0.936669
32 7.5007 3.8761 3.1856 0.126657 0.934442 0.134654 0.942674
33 7.4646 3.8576 3.1611 0.127849 0.935331 0.158164 0.930584
34 7.4237 3.8083 3.1811 0.144645 0.938160 0.142148 0.939552
35 7.4485 3.8071 3.2021 0.149829 0.938044 0.134581 0.943315
36 7.4641 3.8373 3.1879 0.122755 0.938489 0.131073 0.944275
37 7.4889 3.8655 3.1874 0.129451 0.937644 0.132070 0.943235
38 7.3793 3.7737 3.1675 0.127166 0.939361 0.131936 0.944035
39 7.4807 3.8454 3.2039 0.145728 0.939779 0.127804 0.947558
40 7.5044 3.8540 3.2123 0.126511 0.940313 0.119967 0.951001
41 7.4985 3.8656 3.2047 0.125208 0.938978 0.114360 0.953082
42 7.3969 3.7844 3.1641 0.127556 0.945943 0.122335 0.950040
43 7.4243 3.7988 3.1862 0.109078 0.947998 0.112569 0.955645
44 7.4479 3.8222 3.1860 0.118844 0.945045 0.109970 0.955004
45 7.4995 3.8544 3.2254 0.118632 0.948354 0.105776 0.957806
46 7.3942 3.7877 3.1757 0.116306 0.946237 0.105303 0.957246
47 7.3711 3.7463 3.1766 0.102581 0.953113 0.105125 0.958287
48 7.5030 3.8692 3.1948 0.107636 0.949635 0.107579 0.953803
49 7.3608 3.7428 3.1578 0.099583 0.957338 0.101790 0.959648
