epoch time fwd_time bwd_time loss acc val_loss val_acc
0 7.6734 3.9468 3.2747 0.454755 0.823811 0.461295 0.826101
1 7.5486 3.9093 3.1814 0.440056 0.823811 0.447152 0.826101
2 7.5137 3.8957 3.1647 0.335266 0.823811 0.363734 0.826101
3 7.6542 3.9356 3.2742 0.337518 0.823811 0.349639 0.826101
4 7.7165 3.9698 3.2974 0.330567 0.823811 0.345759 0.826101
5 7.5571 3.8849 3.2283 0.321502 0.823811 0.343820 0.826101
6 7.5891 3.9215 3.1942 0.309935 0.823873 0.340898 0.826101
7 7.5068 3.8860 3.1749 0.290962 0.824024 0.295098 0.827622
8 7.5915 3.9405 3.2101 0.249311 0.864623 0.295138 0.876221
9 7.6480 3.9315 3.2566 0.195500 0.896681 0.212768 0.910969
10 7.5561 3.9126 3.1881 0.189846 0.909908 0.212275 0.904484
11 7.5618 3.9118 3.1845 0.165639 0.915859 0.193349 0.914812
12 7.5564 3.9263 3.1656 0.151116 0.919418 0.178912 0.924339
13 7.7033 3.9553 3.2613 0.144830 0.922344 0.171623 0.928503
14 7.5385 3.8799 3.2047 0.141191 0.924354 0.167036 0.930184
15 7.5336 3.9090 3.1634 0.138269 0.925778 0.163432 0.932266
16 7.5294 3.9123 3.1743 0.135558 0.927272 0.160447 0.934027
17 7.5383 3.8927 3.1462 0.133127 0.928215 0.157922 0.935068
18 7.5077 3.8860 3.1836 0.130971 0.929167 0.155739 0.936509
19 7.5261 3.8837 3.1791 0.129049 0.930252 0.153811 0.937630
20 7.5949 3.9435 3.1876 0.127321 0.931142 0.152081 0.938110
21 7.4896 3.8982 3.1510 0.125752 0.931898 0.150508 0.938671
22 7.4484 3.8562 3.1533 0.124316 0.932440 0.149065 0.939151
23 7.5611 3.9271 3.1812 0.122996 0.932974 0.147731 0.939712
24 7.6233 3.9429 3.2196 0.121782 0.933356 0.146491 0.939952
25 7.5982 3.9805 3.1590 0.120662 0.933810 0.145333 0.940913
26 7.4288 3.8517 3.1435 0.119629 0.934202 0.144249 0.940833
27 7.3692 3.7809 3.1401 0.118673 0.934611 0.143230 0.941233
28 7.5608 3.9176 3.1700 0.117787 0.935038 0.142271 0.941954
29 7.5732 3.9018 3.2169 0.116966 0.935438 0.141367 0.942354
30 7.5307 3.9096 3.1738 0.116203 0.935865 0.140513 0.942434
31 7.5530 3.8918 3.2060 0.115494 0.936265 0.139707 0.942994
32 7.5600 3.9158 3.1984 0.114835 0.936754 0.138944 0.943155
33 7.5112 3.9076 3.1573 0.114222 0.937119 0.138222 0.943715
34 7.5027 3.8828 3.1634 0.113651 0.937528 0.137539 0.944195
35 7.5427 3.9181 3.1676 0.113119 0.937902 0.136891 0.944275
36 7.6276 3.9683 3.1986 0.112623 0.938071 0.136276 0.944996
37 7.5804 3.9558 3.1750 0.112160 0.938213 0.135692 0.945236
38 7.6546 3.9349 3.2655 0.111728 0.938418 0.135138 0.945556
39 7.5065 3.8872 3.1659 0.111325 0.938578 0.134611 0.945637
40 7.5869 3.9001 3.2121 0.110948 0.938836 0.134109 0.945877
41 7.4174 3.7968 3.1704 0.110595 0.938960 0.133632 0.946277
42 7.5682 3.9013 3.1667 0.110264 0.939156 0.133177 0.946517
43 7.4797 3.8593 3.1600 0.109955 0.939343 0.132742 0.946918
44 7.5579 3.9091 3.2009 0.109664 0.939610 0.132328 0.947078
45 7.5249 3.9019 3.1797 0.109391 0.939761 0.131932 0.947238
46 7.7029 4.0274 3.2176 0.109135 0.939806 0.131553 0.947238
47 7.6280 3.9550 3.2001 0.108893 0.940028 0.131190 0.947078
48 7.5382 3.8842 3.1972 0.108665 0.940233 0.130843 0.947158
49 7.6878 3.9789 3.2565 0.108451 0.940366 0.130510 0.947318
