epoch time fwd_time bwd_time loss acc val_loss val_acc
0 7.4585 3.8224 3.2107 0.413435 0.824158 0.381958 0.823859
1 7.4503 3.8233 3.1690 0.261691 0.859855 0.272553 0.883747
2 7.4231 3.7992 3.1996 0.237982 0.887466 0.253223 0.892154
3 7.4343 3.8238 3.1865 0.224069 0.896334 0.234144 0.904163
4 7.4549 3.8329 3.1963 0.218030 0.899314 0.227600 0.906085
5 7.4966 3.8774 3.1954 0.223418 0.901609 0.223304 0.908247
6 7.4291 3.8267 3.1815 0.227112 0.903602 0.217181 0.911689
7 7.4497 3.8374 3.1896 0.195754 0.907738 0.206576 0.914732
8 7.4066 3.8092 3.1877 0.193033 0.909659 0.204172 0.917374
9 7.4781 3.8636 3.1833 0.184009 0.914107 0.190588 0.920657
10 7.4003 3.8255 3.1544 0.166927 0.919097 0.184985 0.923939
11 7.4466 3.8243 3.1961 0.201148 0.924844 0.182133 0.922258
12 7.3806 3.8073 3.1588 0.176521 0.931569 0.187182 0.924740
13 7.4019 3.8222 3.1655 0.139177 0.934495 0.134900 0.944596
14 7.3762 3.7822 3.1761 0.153051 0.942528 0.163702 0.932906
15 7.3340 3.7292 3.1813 0.152538 0.945249 0.135032 0.942834
16 7.4334 3.8365 3.1776 0.126633 0.936666 0.111873 0.951721
17 7.4983 3.8865 3.2000 0.116749 0.944618 0.106846 0.957166
18 7.3528 3.7916 3.1460 0.113445 0.950533 0.098835 0.957966
19 7.4560 3.8259 3.2088 0.100614 0.954145 0.095399 0.959968
20 7.4978 3.8494 3.2230 0.105373 0.953291 0.098079 0.959408
21 7.4597 3.8589 3.1773 0.107311 0.953949 0.105604 0.954684
22 7.4366 3.8276 3.1820 0.106909 0.952730 0.099675 0.959648
23 7.4727 3.8463 3.1944 0.097861 0.953994 0.091178 0.960929
24 7.5135 3.8773 3.2072 0.104698 0.955897 0.096338 0.960048
25 7.4477 3.8440 3.1804 0.094402 0.955630 0.098417 0.959087
26 7.4368 3.8400 3.1787 0.098889 0.956689 0.091851 0.961890
27 7.3781 3.7660 3.1971 0.094526 0.956822 0.091784 0.962690
28 7.4220 3.7988 3.1864 0.100017 0.956742 0.090375 0.961649
29 7.4623 3.8698 3.1725 0.092077 0.957747 0.089204 0.963651
30 7.4377 3.8106 3.1658 0.095970 0.957516 0.087103 0.964051
31 7.4224 3.8362 3.1638 0.092994 0.957952 0.089591 0.963651
32 7.3263 3.7215 3.1753 0.090539 0.956502 0.086434 0.964932
33 7.4003 3.7995 3.1774 0.091776 0.955310 0.088380 0.964211
34 7.4058 3.8190 3.1608 0.089695 0.958032 0.088940 0.964211
35 7.4187 3.8183 3.1700 0.094145 0.956253 0.087526 0.964131
36 7.5341 3.9137 3.1870 0.088556 0.959562 0.088546 0.963811
37 7.4580 3.8386 3.1963 0.087511 0.959651 0.088837 0.963651
38 7.4497 3.8279 3.1605 0.087239 0.960016 0.084845 0.965252
39 7.3739 3.7647 3.1799 0.091650 0.955372 0.084046 0.965572
40 7.4290 3.8342 3.1673 0.089561 0.960336 0.086361 0.965092
41 7.4553 3.8372 3.1943 0.089205 0.959838 0.082113 0.966293
42 7.4741 3.8452 3.1962 0.088285 0.957400 0.090729 0.963331
43 7.3905 3.8130 3.1515 0.086696 0.960452 0.091145 0.963491
44 7.5411 3.9125 3.2000 0.084820 0.960149 0.081880 0.966213
45 7.4477 3.8397 3.1750 0.084624 0.961528 0.079732 0.966853
46 7.4119 3.8203 3.1648 0.084706 0.959526 0.085226 0.965653
47 7.4070 3.8106 3.1756 0.087785 0.959633 0.085875 0.965653
48 7.4324 3.7982 3.1991 0.083344 0.961297 0.078381 0.967974
49 7.4236 3.8134 3.1866 0.084260 0.957685 0.078948 0.967494
