epoch time fwd_time bwd_time loss acc val_loss val_acc
0 5.4100 2.4374 2.6297 0.463975 0.823944 0.470835 0.824900
1 5.3631 2.4538 2.5751 0.455109 0.823944 0.463834 0.824900
2 5.4895 2.5050 2.5906 0.412439 0.823944 0.429604 0.824900
3 5.4315 2.5161 2.5606 0.453934 0.823944 0.462002 0.824900
4 5.3296 2.4346 2.5410 0.448795 0.823944 0.454956 0.824900
5 5.5358 2.5898 2.5978 0.401970 0.817042 0.368346 0.815853
6 5.7562 2.7998 2.5974 0.369738 0.824807 0.331967 0.838351
7 5.5314 2.6118 2.5772 0.333884 0.855274 0.276629 0.884548
8 5.6232 2.6358 2.6315 0.261533 0.882769 0.237545 0.896958
9 5.4147 2.4871 2.5714 0.274957 0.894617 0.234126 0.899840
10 5.4396 2.5118 2.5805 0.232792 0.898843 0.225367 0.904163
11 5.2935 2.4254 2.5302 0.226177 0.904580 0.210817 0.910408
12 5.3038 2.4099 2.5443 0.221143 0.907240 0.203466 0.912250
13 5.4893 2.5432 2.5948 0.217225 0.909544 0.199688 0.914892
14 5.3934 2.4750 2.5748 0.213251 0.911403 0.195814 0.916253
15 5.3925 2.4403 2.6028 0.209684 0.912684 0.190963 0.918415
16 5.3507 2.4108 2.5969 0.206374 0.913911 0.186535 0.920897
17 5.5315 2.5259 2.6618 0.202846 0.915112 0.183405 0.922418
18 5.5213 2.5248 2.6493 0.199576 0.916455 0.180850 0.923299
19 5.4062 2.4827 2.5749 0.196599 0.917585 0.178561 0.924420
20 5.4655 2.5317 2.5748 0.193802 0.918457 0.176448 0.924980
21 5.3586 2.4384 2.5763 0.191129 0.919569 0.174467 0.925620
22 5.4902 2.4814 2.6582 0.188548 0.920458 0.172593 0.926741
23 5.5980 2.6498 2.5540 0.186038 0.921250 0.170807 0.927222
24 5.3682 2.4458 2.5760 0.183582 0.922006 0.169094 0.927782
25 5.5032 2.6160 2.5389 0.181162 0.922798 0.167438 0.928583
26 5.3438 2.4746 2.5288 0.178757 0.923803 0.165817 0.929063
27 5.4457 2.5039 2.5967 0.176347 0.924719 0.164215 0.930024
28 5.4240 2.4687 2.6153 0.173929 0.925644 0.162639 0.930344
29 5.3616 2.4278 2.5798 0.171520 0.926454 0.161104 0.931305
30 5.4289 2.4908 2.5902 0.169140 0.927361 0.159625 0.931946
31 5.3759 2.4484 2.5847 0.166803 0.928099 0.158212 0.932106
32 5.4275 2.5416 2.5484 0.164522 0.928784 0.156866 0.933147
33 5.4516 2.4638 2.6367 0.162306 0.929478 0.155591 0.933547
34 5.4458 2.4759 2.6239 0.160166 0.930350 0.154386 0.933867
35 5.3379 2.4479 2.5487 0.158110 0.931115 0.153254 0.934107
36 5.3750 2.4602 2.5745 0.156148 0.931595 0.152190 0.934508
37 5.5492 2.5603 2.6331 0.154284 0.932147 0.151193 0.934828
38 5.5176 2.5533 2.6205 0.152521 0.932654 0.150255 0.935148
39 5.4735 2.4941 2.6267 0.150859 0.932956 0.149371 0.935468
40 5.3569 2.4354 2.5785 0.149293 0.933401 0.148534 0.935709
41 5.3295 2.4119 2.5655 0.147817 0.933837 0.147737 0.936269
42 5.4445 2.4935 2.5940 0.146425 0.934290 0.146977 0.936829
43 5.5473 2.6564 2.5378 0.145110 0.934522 0.146250 0.937150
44 5.4671 2.5069 2.6014 0.143863 0.934851 0.145553 0.938110
45 5.4225 2.5122 2.5573 0.142678 0.935367 0.144884 0.938030
46 5.4276 2.4834 2.5988 0.141550 0.935723 0.144242 0.937950
47 5.4489 2.4871 2.6116 0.140473 0.936043 0.143626 0.938431
48 5.5071 2.5017 2.6441 0.139442 0.936283 0.143035 0.938831
49 5.4335 2.4950 2.5813 0.138454 0.936461 0.142469 0.939071
