epoch time fwd_time bwd_time loss acc val_loss val_acc
0 5.4670 2.4915 2.6290 0.455343 0.823944 0.464257 0.824900
1 5.4508 2.4913 2.6045 0.455006 0.823944 0.463321 0.824900
2 5.5670 2.5802 2.6359 0.389755 0.822076 0.366315 0.824980
3 5.5308 2.5590 2.5891 0.371840 0.824291 0.343168 0.825140
4 5.4772 2.5035 2.6299 0.360696 0.825252 0.332632 0.827862
5 5.3383 2.4436 2.5408 0.347645 0.826987 0.319897 0.831865
6 5.4441 2.4687 2.6167 0.321023 0.836967 0.294801 0.855725
7 5.5098 2.5296 2.5863 0.270475 0.879745 0.259868 0.885829
8 5.6895 2.6175 2.7098 0.231057 0.903219 0.214169 0.905204
9 5.6660 2.6213 2.6937 0.219281 0.910665 0.203589 0.910488
10 5.4254 2.4985 2.5806 0.210083 0.914454 0.195250 0.915612
11 5.5349 2.5636 2.6205 0.202560 0.917665 0.188809 0.919856
12 5.4081 2.4808 2.5848 0.196331 0.919916 0.183712 0.922178
13 5.3956 2.4625 2.5788 0.191069 0.921864 0.179727 0.924500
14 5.4364 2.5262 2.5544 0.186488 0.923278 0.176529 0.926341
15 5.6119 2.6290 2.6304 0.182321 0.924559 0.173836 0.927462
16 5.4282 2.4741 2.6044 0.178367 0.925787 0.171216 0.928183
17 5.4012 2.4645 2.5900 0.174136 0.927050 0.167728 0.929944
18 5.5568 2.6255 2.5779 0.169293 0.928971 0.163292 0.930985
19 5.4239 2.4990 2.5832 0.164797 0.931213 0.159880 0.934027
20 5.3058 2.4242 2.5500 0.161559 0.932680 0.157648 0.934748
21 5.5411 2.5352 2.6427 0.159086 0.933428 0.156077 0.935468
22 5.5324 2.5807 2.6072 0.157080 0.934050 0.154865 0.935548
23 5.4897 2.5109 2.6309 0.155392 0.934646 0.153885 0.936189
24 5.4157 2.5170 2.5553 0.153934 0.935055 0.153079 0.936509
25 5.4028 2.4848 2.5563 0.152652 0.935402 0.152404 0.937070
26 5.4123 2.4660 2.5978 0.151509 0.935812 0.151828 0.937710
27 5.5196 2.5506 2.6193 0.150478 0.935963 0.151326 0.937390
28 5.5886 2.6175 2.6165 0.149534 0.936239 0.150887 0.937310
29 5.4005 2.4693 2.5829 0.148656 0.936354 0.150506 0.937230
30 5.5555 2.5926 2.6054 0.147822 0.936496 0.150180 0.937310
31 5.4422 2.4985 2.5876 0.147012 0.936648 0.149905 0.937150
32 5.4826 2.4966 2.6150 0.146208 0.936648 0.149669 0.937470
33 5.3953 2.4596 2.5809 0.145404 0.936808 0.149458 0.937550
34 5.4976 2.5451 2.5865 0.144599 0.937119 0.149256 0.937870
35 5.4437 2.4853 2.6126 0.143800 0.937190 0.149053 0.938191
36 5.4795 2.5356 2.5554 0.143008 0.937528 0.148842 0.938591
37 5.4946 2.5579 2.5971 0.142226 0.937769 0.148625 0.938671
38 5.5731 2.5808 2.6326 0.141455 0.937875 0.148400 0.938991
39 5.5288 2.5488 2.6274 0.140699 0.938196 0.148169 0.939472
40 5.3868 2.4508 2.5934 0.139962 0.938453 0.147933 0.939151
41 5.4531 2.5319 2.5810 0.139250 0.938765 0.147694 0.939392
42 5.3306 2.4510 2.5314 0.138568 0.938872 0.147455 0.939071
43 5.3454 2.4412 2.5516 0.137919 0.939014 0.147219 0.939392
44 5.4505 2.5609 2.5395 0.137307 0.939254 0.146987 0.939472
45 5.4453 2.5069 2.5866 0.136732 0.939387 0.146762 0.939872
46 5.4235 2.4932 2.5802 0.136194 0.939539 0.146546 0.940032
47 5.4066 2.4969 2.5626 0.135693 0.939743 0.146340 0.939952
48 5.3673 2.4749 2.5473 0.135226 0.939654 0.146144 0.940032
49 5.3429 2.4399 2.5521 0.134791 0.939743 0.145960 0.940112
