epoch time fwd_time bwd_time loss acc val_loss val_acc
0 5.4628 2.4566 2.6470 0.460859 0.787429 0.468186 0.824900
1 5.4382 2.5039 2.5814 0.455156 0.823944 0.463984 0.824900
2 5.3513 2.4434 2.5640 0.454805 0.823944 0.463491 0.824900
3 5.4374 2.5102 2.5696 0.452702 0.823944 0.460198 0.824900
4 5.4184 2.4926 2.5704 0.448687 0.823944 0.454915 0.824900
5 5.4125 2.4652 2.5991 0.425130 0.823944 0.420812 0.824900
6 5.4296 2.5346 2.5523 0.401388 0.823944 0.375903 0.824900
7 5.4097 2.4539 2.5988 0.385547 0.823944 0.358993 0.824900
8 5.3556 2.4774 2.5398 0.376522 0.823944 0.350336 0.824900
9 5.3236 2.4256 2.5508 0.372595 0.823944 0.344001 0.824900
10 5.3421 2.4372 2.5557 0.368306 0.823944 0.338443 0.824900
11 5.4425 2.5505 2.5107 0.361383 0.823944 0.332962 0.824900
12 5.4827 2.5037 2.6294 0.350770 0.823944 0.328281 0.826101
13 5.4807 2.5323 2.5965 0.328890 0.832261 0.323235 0.852682
14 5.3628 2.4638 2.5595 0.313002 0.846147 0.291586 0.854043
15 5.4167 2.5312 2.5334 0.298168 0.864783 0.283336 0.881906
16 5.4914 2.4977 2.6324 0.282953 0.879095 0.267947 0.888871
17 5.4466 2.5243 2.5596 0.273766 0.885375 0.255814 0.891193
18 5.4001 2.4602 2.5898 0.265759 0.890081 0.244937 0.893675
19 5.5228 2.6157 2.5525 0.258261 0.893274 0.235075 0.896717
20 5.3899 2.4899 2.5537 0.250927 0.896850 0.227077 0.899680
21 5.4821 2.5195 2.6189 0.243516 0.900408 0.219856 0.903203
22 5.3697 2.4594 2.5709 0.236180 0.903566 0.213480 0.906565
23 5.4835 2.4926 2.6427 0.229372 0.905559 0.207890 0.908567
24 5.4045 2.4688 2.5834 0.223175 0.907356 0.202988 0.910809
25 5.4729 2.4771 2.6389 0.217196 0.908992 0.198441 0.912570
26 5.3507 2.4678 2.5305 0.211380 0.910780 0.194166 0.915212
27 5.4478 2.5322 2.5667 0.205847 0.912310 0.190197 0.917214
28 5.4163 2.5011 2.5659 0.200727 0.914116 0.186573 0.918094
29 5.3801 2.4649 2.5708 0.196045 0.915495 0.183339 0.919295
30 5.4782 2.5003 2.6211 0.191797 0.916900 0.180519 0.919696
31 5.6298 2.6504 2.6226 0.188004 0.918243 0.178032 0.920336
32 5.4947 2.5361 2.6222 0.184659 0.919658 0.175807 0.922178
33 5.3686 2.4601 2.5636 0.181701 0.920832 0.173807 0.923219
34 5.3396 2.4182 2.5651 0.179063 0.921597 0.171991 0.924580
35 5.4406 2.5556 2.5348 0.176723 0.922611 0.170491 0.925300
36 5.4442 2.4849 2.6168 0.174538 0.923234 0.168900 0.926181
37 5.4534 2.4989 2.6103 0.172357 0.924043 0.167335 0.926741
38 5.3767 2.4565 2.5631 0.170262 0.924826 0.165850 0.927782
39 5.5518 2.5827 2.6075 0.168257 0.925564 0.164431 0.928823
40 5.4148 2.4693 2.5658 0.166365 0.926222 0.163086 0.928983
41 5.4040 2.4908 2.5724 0.164572 0.926854 0.161829 0.929624
42 5.4448 2.4675 2.6313 0.162685 0.927557 0.160634 0.930424
43 5.4102 2.5270 2.5326 0.160997 0.928001 0.159514 0.930905
44 5.5280 2.6073 2.5732 0.159381 0.928348 0.158479 0.931705
45 5.3636 2.4416 2.5748 0.157990 0.928838 0.157601 0.932026
46 5.6128 2.6342 2.6261 0.156679 0.929247 0.156635 0.932506
47 5.3801 2.4867 2.5539 0.155122 0.929523 0.155522 0.933227
48 5.4403 2.5661 2.5253 0.153989 0.929878 0.154688 0.933627
49 5.4736 2.5854 2.5353 0.152905 0.930243 0.153849 0.934187
