epoch time fwd_time bwd_time loss acc val_loss val_acc
0 5.6716 2.5817 2.7348 0.525922 0.823944 0.529445 0.824900
1 5.6015 2.6300 2.6271 0.475919 0.823944 0.481868 0.824900
2 5.5742 2.5383 2.6788 0.459572 0.823944 0.467258 0.824900
3 5.4592 2.4774 2.6414 0.456240 0.823944 0.464670 0.824900
4 5.6339 2.5729 2.7178 0.455576 0.823944 0.464260 0.824900
5 5.3881 2.4736 2.5796 0.455387 0.823944 0.464125 0.824900
6 5.9753 2.7423 2.8493 0.455281 0.823944 0.464001 0.824900
7 5.5133 2.5421 2.6148 0.455171 0.823944 0.463838 0.824900
8 5.4390 2.4817 2.6127 0.455009 0.823944 0.463589 0.824900
9 5.4242 2.4804 2.6054 0.454726 0.823944 0.463159 0.824900
10 5.4083 2.4640 2.6081 0.453748 0.823944 0.461407 0.824900
11 5.4127 2.4788 2.5918 0.433267 0.823944 0.430034 0.824900
12 5.3958 2.5039 2.5558 0.401489 0.823944 0.388541 0.824900
13 5.3378 2.4480 2.5525 0.393925 0.823944 0.375767 0.824900
14 5.3752 2.4641 2.5617 0.389935 0.823953 0.367770 0.825300
15 5.3853 2.4997 2.5503 0.386455 0.824460 0.361377 0.823619
16 5.5569 2.5683 2.6361 0.382066 0.823589 0.355829 0.823219
17 5.6500 2.6893 2.5757 0.376367 0.823580 0.350286 0.822578
18 5.3910 2.4210 2.6231 0.369355 0.825056 0.343392 0.826902
19 5.3823 2.4493 2.5845 0.360863 0.828881 0.333327 0.835308
20 5.4277 2.4801 2.6026 0.342665 0.841094 0.317694 0.858046
21 5.4075 2.4766 2.5551 0.310799 0.859970 0.292310 0.870777
22 5.4494 2.4832 2.6219 0.300792 0.867620 0.281936 0.873659
23 5.4925 2.5379 2.6091 0.291312 0.872539 0.273073 0.879504
24 5.4510 2.5447 2.5611 0.281559 0.877850 0.263774 0.885188
25 5.5882 2.6205 2.6151 0.271896 0.883312 0.254336 0.889592
26 5.4975 2.5575 2.5939 0.262229 0.888248 0.245045 0.892314
27 5.4040 2.4551 2.5986 0.252733 0.893292 0.236164 0.897518
28 5.3564 2.4417 2.5666 0.243567 0.897544 0.227905 0.901201
29 5.4890 2.5156 2.5931 0.234831 0.901182 0.220417 0.904644
30 5.5542 2.6005 2.6154 0.226620 0.904803 0.213740 0.907846
31 5.3560 2.4481 2.5678 0.219019 0.907898 0.207821 0.910889
32 5.3216 2.4343 2.5468 0.212066 0.910264 0.202575 0.913131
33 5.3139 2.4269 2.5410 0.205779 0.912515 0.197907 0.914892
34 5.4600 2.5159 2.6024 0.200213 0.914534 0.193725 0.917614
35 5.3427 2.4546 2.5492 0.195462 0.916206 0.190007 0.919776
36 5.4312 2.4611 2.6223 0.191428 0.917576 0.186796 0.921217
37 5.5002 2.5654 2.5969 0.187843 0.918857 0.184021 0.922578
38 5.5140 2.5954 2.5773 0.184570 0.920067 0.181551 0.924179
39 5.6186 2.6708 2.6030 0.181564 0.921312 0.179311 0.925300
40 5.4542 2.5189 2.5837 0.178793 0.922344 0.177263 0.926101
41 5.3792 2.4598 2.5731 0.176224 0.923420 0.175379 0.926661
42 5.4405 2.4647 2.6199 0.173828 0.924096 0.173637 0.927542
43 5.5611 2.5467 2.6577 0.171576 0.924790 0.172017 0.928743
44 5.3616 2.4512 2.5633 0.169448 0.925449 0.170504 0.929384
45 5.5595 2.5453 2.6581 0.167424 0.926116 0.169083 0.930424
46 5.5347 2.5473 2.6034 0.165490 0.926596 0.167741 0.930665
47 5.4791 2.4899 2.6445 0.163636 0.927254 0.166469 0.931305
48 5.5066 2.5486 2.6104 0.161856 0.927832 0.165257 0.932106
49 5.4004 2.4631 2.5912 0.160149 0.928233 0.164100 0.932346
