epoch time fwd_time bwd_time loss acc val_loss val_acc
0 5.4847 2.5196 2.6111 0.475519 0.769781 0.481127 0.824900
1 5.3664 2.4464 2.5791 0.455325 0.823944 0.464117 0.824900
2 5.4581 2.5015 2.6037 0.455131 0.823944 0.463983 0.824900
3 5.4467 2.5275 2.5584 0.402657 0.823944 0.392762 0.824900
4 5.3992 2.4768 2.5706 0.387592 0.823944 0.366258 0.824900
5 5.4786 2.4826 2.6427 0.377557 0.823944 0.359482 0.824900
6 5.4048 2.4665 2.5867 0.372908 0.823944 0.355872 0.824900
7 5.4430 2.4998 2.6056 0.369746 0.823944 0.352981 0.824900
8 5.4992 2.5941 2.5578 0.367023 0.823944 0.350277 0.824900
9 5.4819 2.5013 2.6274 0.364423 0.823944 0.347527 0.824900
10 5.4405 2.4966 2.6045 0.361781 0.823944 0.344413 0.824900
11 5.4489 2.5165 2.5851 0.358995 0.823944 0.340261 0.824900
12 5.4277 2.4589 2.6195 0.355691 0.823944 0.334298 0.824900
13 5.4664 2.4975 2.6075 0.323207 0.823980 0.310745 0.825300
14 5.4393 2.4753 2.6206 0.229660 0.881657 0.232751 0.893034
15 5.4611 2.5408 2.5624 0.217755 0.904269 0.204222 0.911849
16 5.4214 2.5293 2.5395 0.211975 0.908405 0.199168 0.912730
17 5.5223 2.5310 2.6385 0.207768 0.911688 0.197978 0.912570
18 5.5258 2.5816 2.5892 0.202186 0.914107 0.196057 0.912170
19 5.5063 2.5055 2.6520 0.197370 0.916286 0.192998 0.913771
20 5.4335 2.5258 2.5279 0.193290 0.918243 0.189919 0.915532
21 5.3465 2.4438 2.5479 0.189768 0.919773 0.187038 0.917534
22 5.6060 2.5905 2.6672 0.186677 0.921045 0.184443 0.918895
23 5.5357 2.6134 2.5668 0.183920 0.922371 0.182148 0.920016
24 5.4935 2.5019 2.6098 0.181421 0.923492 0.180124 0.921057
25 5.4350 2.4966 2.5840 0.179127 0.924265 0.178329 0.921537
26 5.3931 2.4822 2.5615 0.177003 0.925004 0.176723 0.921938
27 5.4456 2.4978 2.5982 0.175023 0.925831 0.175271 0.922418
28 5.4543 2.5345 2.5181 0.173168 0.926534 0.173947 0.923219
29 5.3933 2.4468 2.6010 0.171426 0.927059 0.172732 0.924179
30 5.4776 2.5245 2.6114 0.169785 0.927663 0.171608 0.924900
31 5.4970 2.4948 2.6448 0.168237 0.928135 0.170562 0.925701
32 5.5413 2.5979 2.5916 0.166774 0.928606 0.169582 0.926421
33 5.4579 2.5187 2.5913 0.165388 0.928909 0.168660 0.926741
34 5.5030 2.5259 2.6298 0.164073 0.929211 0.167787 0.927302
35 5.4186 2.5110 2.5603 0.162824 0.929558 0.166956 0.927302
36 5.4037 2.5043 2.5441 0.161634 0.929878 0.166163 0.927382
37 5.4697 2.4885 2.6287 0.160501 0.930199 0.165403 0.927382
38 5.3896 2.4913 2.5420 0.159418 0.930643 0.164670 0.927942
39 5.5463 2.5630 2.6321 0.158382 0.931088 0.163964 0.928503
40 5.4323 2.4661 2.6116 0.157390 0.931364 0.163279 0.928663
41 5.3830 2.4615 2.5719 0.156437 0.931729 0.162615 0.928743
42 5.5527 2.6061 2.5939 0.155522 0.931969 0.161969 0.929143
43 5.4768 2.5177 2.6080 0.154641 0.932111 0.161340 0.929303
44 5.5656 2.5592 2.6500 0.153791 0.932307 0.160727 0.929624
45 5.3762 2.4587 2.5744 0.152972 0.932583 0.160129 0.929864
46 5.4282 2.4995 2.5825 0.152180 0.932974 0.159545 0.930104
47 5.4625 2.4790 2.6244 0.151414 0.933356 0.158974 0.930104
48 5.3392 2.4267 2.5532 0.150672 0.933623 0.158416 0.930264
49 5.5131 2.5415 2.5855 0.149952 0.933872 0.157871 0.930424
