epoch time fwd_time bwd_time loss acc val_loss val_acc
0 5.4830 2.5356 2.5962 0.454501 0.764150 0.463018 0.824900
1 5.4396 2.4938 2.6034 0.371696 0.822530 0.356985 0.824900
2 5.3752 2.4424 2.5896 0.363985 0.823909 0.338347 0.824580
3 5.4483 2.5149 2.5878 0.346877 0.824309 0.324569 0.826501
4 5.4045 2.4667 2.5899 0.285428 0.841975 0.243382 0.894556
5 5.3939 2.4614 2.5448 0.307046 0.893968 0.222173 0.902882
6 5.3876 2.4357 2.6059 0.266680 0.908209 0.190450 0.919215
7 5.4996 2.4939 2.6519 0.235608 0.914578 0.184019 0.922898
8 5.5103 2.5421 2.6193 0.232471 0.917354 0.177623 0.924420
9 5.3236 2.4649 2.5223 0.225711 0.919649 0.173517 0.925300
10 5.3605 2.4499 2.5629 0.221524 0.921179 0.170299 0.926261
11 5.4216 2.5133 2.5679 0.218679 0.922442 0.167285 0.926982
12 5.4600 2.5006 2.6172 0.217256 0.923803 0.163984 0.929544
13 5.4600 2.5533 2.5602 0.214426 0.925680 0.160524 0.931385
14 5.4549 2.5619 2.5385 0.207796 0.927156 0.157336 0.933387
15 5.3912 2.4469 2.5991 0.203086 0.928242 0.154779 0.933947
16 5.4255 2.5061 2.5708 0.202134 0.929781 0.152634 0.934428
17 5.4510 2.5173 2.5940 0.204521 0.930777 0.150520 0.935949
18 5.3932 2.5098 2.5427 0.207906 0.931640 0.148539 0.937310
19 5.3464 2.4414 2.5632 0.210501 0.932414 0.146864 0.937470
20 5.5903 2.6313 2.6051 0.212172 0.933170 0.145553 0.937950
21 5.4170 2.4654 2.6098 0.213040 0.933721 0.144563 0.937630
22 5.4087 2.5194 2.5543 0.213271 0.934113 0.143802 0.937630
23 5.5019 2.5255 2.6218 0.213051 0.934575 0.143173 0.937710
24 5.4594 2.5214 2.5884 0.212561 0.935055 0.142599 0.938431
25 5.5378 2.5850 2.6071 0.211931 0.935385 0.142051 0.938991
26 5.4884 2.5123 2.6210 0.211230 0.935651 0.141523 0.939311
27 5.5443 2.5844 2.6087 0.210500 0.936016 0.141020 0.939872
28 5.4072 2.4737 2.5899 0.209754 0.936416 0.140543 0.940192
29 5.4247 2.4810 2.6003 0.209008 0.936719 0.140092 0.940432
30 5.4709 2.4907 2.6337 0.208263 0.936959 0.139668 0.941073
31 5.4193 2.4690 2.6042 0.207523 0.937199 0.139269 0.941473
32 5.5250 2.5689 2.6185 0.206793 0.937475 0.138896 0.941873
33 5.3704 2.4795 2.5506 0.206073 0.937742 0.138543 0.942354
34 5.5038 2.5945 2.5375 0.205361 0.937884 0.138214 0.942514
35 5.4699 2.5697 2.5569 0.204660 0.938053 0.137904 0.942674
36 5.4305 2.4585 2.6291 0.203966 0.938258 0.137614 0.942594
37 5.5500 2.5805 2.6096 0.203281 0.938302 0.137341 0.942754
38 5.5359 2.6221 2.5671 0.202602 0.938569 0.137086 0.942914
39 5.4379 2.4971 2.5943 0.201931 0.938676 0.136844 0.942994
40 5.3712 2.4543 2.5732 0.201269 0.938916 0.136618 0.943315
41 5.4387 2.4665 2.6136 0.200616 0.939165 0.136404 0.943315
42 5.4513 2.4809 2.6277 0.199963 0.939334 0.136202 0.943074
43 5.4515 2.5145 2.5930 0.199324 0.939459 0.136009 0.943395
44 5.4929 2.4994 2.6486 0.198686 0.939672 0.135827 0.943475
45 5.3549 2.4639 2.5499 0.198059 0.939823 0.135652 0.943555
46 5.6128 2.6854 2.5704 0.197442 0.939850 0.135484 0.943715
47 5.5330 2.5948 2.6007 0.196829 0.939761 0.135320 0.943955
48 5.3336 2.4211 2.5702 0.196225 0.939877 0.135163 0.943875
49 5.3601 2.4409 2.5728 0.195633 0.939903 0.135008 0.943635
