epoch time fwd_time bwd_time loss acc val_loss val_acc
0 5.5588 2.6010 2.6118 0.453419 0.823944 0.461730 0.824900
1 5.4897 2.5085 2.6469 0.378197 0.823935 0.344090 0.824740
2 5.4578 2.4826 2.6336 0.286601 0.845008 0.378362 0.837310
3 5.4767 2.4901 2.6386 0.194795 0.898167 0.180858 0.923219
4 6.2034 2.8787 2.9479 0.219569 0.915762 0.191984 0.915853
5 5.4354 2.4854 2.6024 0.258398 0.920414 0.169063 0.930024
6 5.4515 2.5417 2.5524 0.158674 0.926694 0.161622 0.929303
7 5.5590 2.5567 2.6460 0.198859 0.927148 0.171380 0.925300
8 5.3501 2.4356 2.5669 0.249784 0.928766 0.155420 0.935388
9 5.5260 2.4993 2.6465 0.197138 0.929638 0.161592 0.930344
10 5.5283 2.5408 2.6449 0.242448 0.931337 0.147284 0.939872
11 5.4906 2.5882 2.5516 0.225018 0.931880 0.147803 0.937630
12 5.4164 2.4989 2.5667 0.240433 0.932912 0.143357 0.941713
13 5.3640 2.4844 2.5458 0.226095 0.933374 0.143680 0.939311
14 5.4156 2.4794 2.5942 0.242813 0.934104 0.140575 0.942914
15 5.5447 2.6359 2.5597 0.174083 0.934922 0.155210 0.934508
16 5.3814 2.4765 2.5646 0.156069 0.937688 0.157405 0.932426
17 5.4560 2.5619 2.5470 0.232179 0.936888 0.138649 0.942034
18 5.2865 2.4097 2.5392 0.239488 0.935669 0.138321 0.942514
19 5.4548 2.4898 2.6218 0.141195 0.937270 0.150952 0.936189
20 5.4016 2.4709 2.5789 0.238671 0.937261 0.137722 0.943635
21 5.5032 2.5589 2.6075 0.233397 0.935536 0.132516 0.944836
22 5.5648 2.6371 2.5779 0.216065 0.937608 0.135778 0.942834
23 5.4126 2.4614 2.5996 0.233766 0.938151 0.132544 0.945717
24 5.5325 2.5546 2.6229 0.226008 0.937066 0.131065 0.945076
25 5.4939 2.5028 2.6416 0.215172 0.938818 0.133481 0.943475
26 5.3716 2.4879 2.5392 0.223198 0.939112 0.131385 0.945316
27 5.4789 2.5622 2.5655 0.211401 0.939343 0.133119 0.943235
28 5.6113 2.6584 2.6049 0.218504 0.939654 0.131397 0.945076
29 5.4712 2.5642 2.5541 0.208267 0.939903 0.133516 0.943235
30 5.3669 2.4857 2.5340 0.211554 0.940375 0.132280 0.943315
31 5.4985 2.5348 2.6178 0.207829 0.940482 0.132877 0.943555
32 5.5669 2.5748 2.6394 0.201762 0.940793 0.134372 0.942754
33 5.4338 2.4897 2.6037 0.183728 0.940989 0.139751 0.938911
34 5.3725 2.4646 2.5660 0.201651 0.941024 0.131607 0.944355
35 5.3492 2.4363 2.5704 0.166365 0.941602 0.143460 0.937950
36 5.4410 2.4752 2.6154 0.216961 0.941131 0.127029 0.946837
37 5.4134 2.4781 2.5983 0.146691 0.942038 0.145904 0.937310
38 5.4938 2.5450 2.5990 0.194511 0.942038 0.132569 0.943795
39 5.4384 2.4770 2.6167 0.139663 0.942332 0.145334 0.937390
40 5.3099 2.4330 2.5356 0.136976 0.943141 0.145863 0.936990
41 5.4450 2.4709 2.6204 0.134021 0.943195 0.146456 0.936749
42 5.6114 2.6183 2.6085 0.154479 0.943150 0.147113 0.936189
43 5.4173 2.4731 2.5933 0.213169 0.941184 0.124876 0.947398
44 5.5356 2.5990 2.5816 0.118423 0.943212 0.137492 0.940112
45 5.3806 2.5000 2.5282 0.212859 0.940811 0.127751 0.948519
46 5.6169 2.7081 2.5630 0.117727 0.943221 0.135307 0.940673
47 5.4911 2.5970 2.5517 0.210092 0.941353 0.126990 0.948679
48 5.4809 2.5079 2.6226 0.121972 0.943648 0.138524 0.940112
49 5.5379 2.5753 2.6102 0.116776 0.944235 0.135014 0.941233
