epoch time fwd_time bwd_time loss acc val_loss val_acc
0 5.3451 2.4400 2.5590 0.454684 0.813946 0.463450 0.824900
1 5.3370 2.4347 2.5428 0.396418 0.823944 0.386609 0.824900
2 5.5217 2.5583 2.6104 0.380735 0.823944 0.355953 0.824900
3 5.4178 2.4762 2.5974 0.377010 0.823944 0.349321 0.824900
4 5.5987 2.6154 2.5938 0.351268 0.823944 0.333445 0.824900
5 5.4298 2.4622 2.6211 0.325554 0.823944 0.308443 0.824900
6 5.4163 2.4503 2.6177 0.282856 0.846921 0.249398 0.907286
7 5.4377 2.4794 2.6122 0.241303 0.902854 0.229444 0.902002
8 5.4459 2.5531 2.5030 0.212646 0.915335 0.215546 0.905204
9 5.3937 2.5079 2.5289 0.200345 0.918964 0.194565 0.918335
10 5.4878 2.5686 2.5817 0.193836 0.920779 0.189978 0.918895
11 5.4522 2.5342 2.5786 0.188277 0.922148 0.186900 0.919776
12 5.3877 2.4607 2.5740 0.183671 0.923509 0.184190 0.920897
13 5.5177 2.5851 2.5880 0.179760 0.924603 0.181757 0.921697
14 5.4785 2.4759 2.6449 0.176354 0.925546 0.179540 0.922978
15 5.6161 2.6394 2.6218 0.173333 0.926329 0.177499 0.923859
16 5.3646 2.4862 2.5402 0.170617 0.927174 0.175607 0.924980
17 5.5065 2.5675 2.5962 0.168151 0.928224 0.173846 0.925540
18 5.4241 2.4759 2.6052 0.165894 0.928731 0.172201 0.926821
19 5.4233 2.4694 2.6048 0.163818 0.929407 0.170659 0.927062
20 5.4462 2.4801 2.6152 0.161899 0.929994 0.169212 0.927702
21 5.5168 2.5376 2.6296 0.160118 0.930457 0.167849 0.928343
22 5.5373 2.5771 2.6179 0.158460 0.931186 0.166563 0.929063
23 5.4992 2.5310 2.6174 0.156912 0.931595 0.165345 0.929544
24 5.4765 2.5642 2.5751 0.155465 0.932013 0.164191 0.929864
25 5.4144 2.4760 2.5949 0.154107 0.932680 0.163093 0.930264
26 5.3435 2.4437 2.5475 0.152832 0.933081 0.162045 0.931305
27 5.2997 2.4129 2.5405 0.151632 0.933543 0.161044 0.931865
28 5.5469 2.6041 2.5905 0.150501 0.933828 0.160083 0.932346
29 5.4542 2.5361 2.5611 0.149433 0.934157 0.159160 0.932906
30 5.3328 2.4499 2.5399 0.148423 0.934424 0.158271 0.933147
31 5.3779 2.4628 2.5698 0.147466 0.934860 0.157413 0.933627
32 5.4427 2.5545 2.5331 0.146559 0.935064 0.156583 0.933867
33 5.3722 2.4598 2.5320 0.145697 0.935251 0.155779 0.934428
34 5.4121 2.5161 2.5459 0.144876 0.935482 0.154999 0.934828
35 5.5044 2.4762 2.6754 0.144095 0.935758 0.154242 0.935148
36 5.4308 2.4558 2.6244 0.143348 0.936078 0.153506 0.935468
37 5.4169 2.5052 2.5582 0.142635 0.936310 0.152790 0.935629
38 5.4432 2.5128 2.5776 0.141952 0.936425 0.152094 0.935709
39 5.4317 2.5238 2.5524 0.141297 0.936585 0.151417 0.936029
40 5.4994 2.5323 2.6277 0.140668 0.936897 0.150759 0.936029
41 5.5003 2.5044 2.6091 0.140063 0.937101 0.150119 0.935949
42 5.4554 2.4914 2.6162 0.139481 0.937297 0.149498 0.936109
43 5.4844 2.5552 2.5720 0.138919 0.937413 0.148895 0.936509
44 5.3448 2.4344 2.5693 0.138376 0.937564 0.148312 0.936910
45 5.4325 2.5517 2.5271 0.137851 0.937760 0.147746 0.937310
46 5.5438 2.6027 2.5853 0.137343 0.937964 0.147200 0.937470
47 5.4539 2.5573 2.5462 0.136851 0.938115 0.146673 0.937630
48 5.3737 2.4363 2.6005 0.136374 0.938391 0.146166 0.937870
49 5.4335 2.4990 2.5936 0.135911 0.938542 0.145678 0.938271
