epoch time fwd_time bwd_time loss acc val_loss val_acc
0 5.3067 2.4191 2.5378 0.454943 0.823944 0.463811 0.824900
1 5.3981 2.4354 2.6122 0.436863 0.823944 0.439330 0.824900
2 5.4575 2.5053 2.6084 0.381943 0.823944 0.349029 0.824900
3 5.5429 2.5650 2.6247 0.370136 0.823944 0.339869 0.824900
4 5.3378 2.4550 2.5407 0.330491 0.824033 0.311288 0.828022
5 5.3789 2.4749 2.5516 0.271247 0.854482 0.240072 0.909287
6 5.4939 2.5635 2.5903 0.207983 0.903771 0.205821 0.908807
7 5.4851 2.5073 2.6289 0.196625 0.911278 0.194286 0.913771
8 5.4154 2.4919 2.5797 0.190509 0.916189 0.186787 0.917694
9 5.4461 2.4677 2.6341 0.186148 0.918724 0.181901 0.919776
10 5.5457 2.5882 2.6025 0.182543 0.920183 0.178149 0.920977
11 5.4076 2.5180 2.5395 0.179372 0.921748 0.174936 0.922738
12 5.5550 2.5825 2.6234 0.176488 0.923127 0.172119 0.924420
13 5.4429 2.4678 2.6304 0.173820 0.924310 0.169660 0.925861
14 5.5514 2.5628 2.6396 0.171332 0.925422 0.167509 0.927222
15 5.4422 2.5019 2.5983 0.169004 0.926285 0.165608 0.927782
16 5.5028 2.5484 2.5718 0.166817 0.927236 0.163907 0.929223
17 5.4315 2.5188 2.5685 0.164754 0.927984 0.162366 0.929384
18 5.4192 2.4767 2.5966 0.162800 0.928695 0.160956 0.929864
19 5.8793 2.6662 2.8445 0.160943 0.929478 0.159657 0.930424
20 5.4718 2.5510 2.5695 0.159173 0.930127 0.158453 0.931145
21 5.5293 2.5863 2.5974 0.157482 0.930857 0.157334 0.931545
22 5.4268 2.4589 2.6110 0.155864 0.931453 0.156290 0.932106
23 5.4410 2.5095 2.5837 0.154312 0.932013 0.155315 0.932746
24 5.3974 2.5044 2.5494 0.152821 0.932414 0.154403 0.933147
25 5.4187 2.5582 2.5138 0.151388 0.932858 0.153549 0.932986
26 5.4731 2.4975 2.6288 0.150008 0.933276 0.152748 0.933467
27 5.3252 2.4568 2.5206 0.148678 0.933828 0.151996 0.933947
28 5.3655 2.4653 2.5466 0.147396 0.934299 0.151289 0.934267
29 5.4810 2.5157 2.6236 0.146159 0.934646 0.150622 0.934908
30 5.3686 2.4495 2.5618 0.144966 0.934975 0.149990 0.935228
31 5.5195 2.5743 2.6043 0.143814 0.935385 0.149387 0.935548
32 5.5090 2.5167 2.6469 0.142703 0.935705 0.148810 0.935949
33 5.4772 2.4963 2.6380 0.141631 0.936043 0.148251 0.935949
34 5.5773 2.6114 2.6039 0.140599 0.936381 0.147708 0.936109
35 5.3454 2.4443 2.5513 0.139606 0.936603 0.147174 0.936509
36 5.5134 2.5800 2.5883 0.138650 0.937110 0.146647 0.936749
37 5.3344 2.4345 2.5469 0.137732 0.937333 0.146122 0.937310
38 5.3487 2.4499 2.5503 0.136852 0.937448 0.145597 0.937870
39 5.3483 2.4226 2.5804 0.136007 0.937849 0.145073 0.938110
40 5.4295 2.5141 2.5634 0.135198 0.937920 0.144547 0.938431
41 5.3766 2.4603 2.5307 0.134423 0.938053 0.144018 0.938751
42 5.2894 2.4108 2.5272 0.133680 0.938400 0.143491 0.938831
43 5.5383 2.6613 2.5257 0.132969 0.938525 0.142964 0.939231
44 5.5996 2.6392 2.6143 0.132288 0.938791 0.142438 0.939311
45 5.4738 2.5696 2.5608 0.131636 0.939076 0.141915 0.939552
46 5.6333 2.7011 2.5821 0.131010 0.939343 0.141398 0.939872
47 5.4020 2.4861 2.5723 0.130411 0.939548 0.140886 0.939952
48 5.6281 2.6340 2.6417 0.129835 0.939717 0.140383 0.940352
49 5.3861 2.4981 2.5567 0.129283 0.939823 0.139888 0.940913
