epoch time fwd_time bwd_time loss acc val_loss val_acc
0 12.8735 5.6903 6.7710 0.467382 0.822984 0.457980 0.826982
1 12.9343 5.7161 6.7959 0.461432 0.823713 0.453066 0.826982
2 12.9239 5.6888 6.8151 0.365661 0.823731 0.342314 0.827142
3 12.8998 5.7273 6.7630 0.300923 0.840561 0.268228 0.871017
4 12.9085 5.7055 6.7922 0.266561 0.877156 0.242125 0.887430
5 12.7703 5.6443 6.7091 0.252715 0.892198 0.231762 0.908006
6 12.8102 5.6404 6.7560 0.263206 0.900933 0.213353 0.913371
7 12.8327 5.7048 6.7084 0.217681 0.908352 0.196838 0.916093
8 12.8100 5.6440 6.7517 0.248554 0.908414 0.220236 0.899440
9 12.9505 5.7393 6.7510 0.216483 0.912337 0.187009 0.924980
10 12.8844 5.6468 6.8129 0.207567 0.916055 0.179311 0.927462
11 12.7600 5.5901 6.7447 0.191401 0.920200 0.172278 0.925781
12 12.6627 5.6515 6.6013 0.201652 0.919124 0.168460 0.932906
13 12.9500 5.7966 6.7211 0.199677 0.926214 0.159916 0.932266
14 12.7609 5.6507 6.6965 0.172035 0.931488 0.145010 0.937870
15 12.8296 5.7254 6.6887 0.238331 0.928882 0.165570 0.930184
16 12.8793 5.7935 6.6682 0.165857 0.934024 0.127424 0.946197
17 12.7911 5.6896 6.6926 0.153323 0.942109 0.121513 0.947878
18 12.8985 5.7453 6.7365 0.152564 0.945347 0.119432 0.948919
19 12.7597 5.6645 6.6844 0.141503 0.945952 0.126942 0.947798
20 12.8238 5.6980 6.7161 0.129598 0.950729 0.104553 0.955885
21 12.8791 5.7840 6.6762 0.130448 0.954011 0.100478 0.958607
22 12.7275 5.6582 6.6557 0.132484 0.955337 0.094783 0.959728
23 12.8462 5.7416 6.6850 0.121749 0.956386 0.093948 0.960849
24 12.9257 5.8172 6.6773 0.117435 0.955381 0.089839 0.962850
25 12.8799 5.7278 6.7317 0.113799 0.957392 0.088253 0.963090
26 12.7532 5.6947 6.6408 0.114287 0.959606 0.086729 0.964291
27 12.6547 5.5878 6.6591 0.117272 0.959695 0.087557 0.964371
28 12.7430 5.6529 6.6699 0.112709 0.961048 0.084032 0.964932
29 12.8174 5.6892 6.7064 0.109928 0.961154 0.083767 0.965252
30 12.6736 5.6042 6.6521 0.109218 0.959260 0.083227 0.965733
31 12.7646 5.6010 6.7452 0.114389 0.962729 0.087005 0.963651
32 12.7055 5.5468 6.7471 0.111463 0.960016 0.085608 0.964932
33 13.0145 5.8770 6.7176 0.109208 0.962364 0.080643 0.966853
34 12.7951 5.7020 6.6624 0.116969 0.962408 0.083074 0.964291
35 12.9270 5.7157 6.7880 0.108990 0.962417 0.080060 0.967014
36 12.8072 5.6472 6.7428 0.107596 0.961501 0.085615 0.965893
37 12.8660 5.7494 6.7010 0.106681 0.963503 0.078360 0.967414
38 12.7392 5.6704 6.6135 0.108275 0.964365 0.077699 0.967654
39 12.6814 5.6454 6.6251 0.107353 0.963600 0.077040 0.967974
40 12.8961 5.6700 6.8021 0.106496 0.964365 0.076734 0.968295
41 12.7594 5.6784 6.6646 0.104448 0.964472 0.076296 0.968295
42 12.9129 5.6601 6.7924 0.104421 0.964588 0.075772 0.968455
43 12.8765 5.6939 6.7653 0.104279 0.964615 0.075566 0.968935
44 12.7934 5.6738 6.6990 0.104548 0.964757 0.075268 0.969095
45 12.8424 5.7981 6.6222 0.104473 0.964944 0.075081 0.968935
46 12.7295 5.6658 6.6435 0.104167 0.964872 0.074690 0.969736
47 12.8751 5.7231 6.7314 0.104254 0.964961 0.074448 0.969496
48 12.8478 5.6819 6.7448 0.104343 0.965219 0.074252 0.969896
49 12.8271 5.7603 6.6376 0.105314 0.965193 0.074155 0.970216
