epoch time fwd_time bwd_time loss acc val_loss val_acc
0 12.8187 5.6750 6.7435 0.472923 0.823713 0.457464 0.826982
1 12.9773 5.6590 6.9058 0.367117 0.823713 0.352304 0.826982
2 12.7545 5.6289 6.7055 0.298575 0.843016 0.309351 0.880705
3 12.8722 5.6641 6.7921 0.287696 0.881799 0.254208 0.896797
4 13.0846 5.7747 6.8950 0.264455 0.890792 0.235418 0.903763
5 12.6736 5.6330 6.6245 0.254050 0.895569 0.225910 0.905524
6 12.6578 5.6084 6.6390 0.252416 0.897535 0.229837 0.900000
7 12.7361 5.6759 6.6389 0.247743 0.898576 0.215237 0.906725
8 12.7696 5.6565 6.6935 0.244515 0.901458 0.208770 0.910729
9 12.7653 5.7493 6.6000 0.240981 0.903201 0.203739 0.911930
10 12.7217 5.6224 6.6817 0.238725 0.905283 0.199713 0.912170
11 12.9479 5.7349 6.7896 0.231844 0.907000 0.198510 0.911369
12 12.8993 5.7160 6.7655 0.218992 0.908699 0.200122 0.910008
13 12.9046 5.6901 6.8013 0.219327 0.910371 0.190215 0.915773
14 12.8460 5.6707 6.7496 0.208550 0.911679 0.197818 0.909287
15 12.8432 5.6819 6.7395 0.207211 0.914009 0.194941 0.910328
16 12.9117 5.6300 6.8644 0.219214 0.916046 0.183667 0.919456
17 12.9009 5.6257 6.8256 0.215169 0.917140 0.182126 0.920496
18 12.9121 5.6238 6.8728 0.193687 0.919791 0.185585 0.914812
19 12.8091 5.6618 6.7384 0.195734 0.918955 0.184220 0.914412
20 12.8215 5.7229 6.6714 0.212735 0.919071 0.176404 0.926821
21 12.8921 5.6888 6.7291 0.200364 0.924390 0.163355 0.932826
22 12.8201 5.7598 6.6414 0.184748 0.925182 0.162659 0.930104
23 12.7796 5.6611 6.6948 0.191804 0.927290 0.173891 0.921057
24 12.8135 5.6946 6.7121 0.176200 0.927672 0.152697 0.935388
25 12.8154 5.7596 6.6439 0.190867 0.929158 0.150063 0.936189
26 12.9573 5.8039 6.7226 0.170331 0.923865 0.151255 0.934027
27 12.8066 5.6871 6.7031 0.172428 0.923189 0.159893 0.929303
28 12.8850 5.7307 6.7375 0.165915 0.935696 0.162714 0.924980
29 12.8188 5.6391 6.7188 0.172122 0.926036 0.141923 0.945396
30 12.7351 5.6458 6.6737 0.158910 0.940321 0.133592 0.943235
31 12.8000 5.7261 6.6513 0.156235 0.940677 0.122841 0.948759
32 12.8768 5.7080 6.7512 0.188409 0.939147 0.164725 0.942434
33 13.0867 5.8561 6.8065 0.154134 0.945765 0.114634 0.951241
34 12.9675 5.6865 6.8607 0.148145 0.941682 0.118217 0.952762
35 12.9112 5.7008 6.7870 0.145218 0.948834 0.136819 0.944195
36 12.7842 5.6628 6.6976 0.143475 0.941282 0.104500 0.957406
37 12.8723 5.7783 6.6689 0.142438 0.949377 0.102406 0.958367
38 12.8230 5.7921 6.6089 0.133012 0.951067 0.105918 0.961169
39 12.9111 5.6928 6.7948 0.124288 0.956369 0.094207 0.961169
40 12.8478 5.6955 6.7327 0.115818 0.953718 0.100964 0.957406
41 12.8288 5.7527 6.6571 0.124404 0.954936 0.092073 0.961809
42 12.8382 5.7134 6.7057 0.130637 0.957311 0.088346 0.963651
43 12.8654 5.7541 6.6908 0.116836 0.951512 0.091853 0.964452
44 12.6479 5.6339 6.5944 0.127143 0.959233 0.086410 0.964371
45 12.7991 5.6562 6.7285 0.117093 0.954180 0.091024 0.962770
46 12.7625 5.5787 6.7337 0.118755 0.960033 0.087168 0.963331
47 12.9725 5.7161 6.8412 0.116557 0.961208 0.084655 0.965172
48 12.9257 5.6487 6.8644 0.127753 0.958503 0.100239 0.959808
49 12.9916 5.6967 6.8727 0.120349 0.962106 0.085741 0.964051
