epoch time fwd_time bwd_time loss acc val_loss val_acc
0 12.7027 5.6016 6.6989 0.474261 0.798157 0.457790 0.826982
1 13.0371 5.6893 6.9318 0.462918 0.823713 0.454597 0.826982
2 12.8774 5.6735 6.7533 0.382094 0.823713 0.357672 0.826982
3 12.9089 5.7309 6.7499 0.352857 0.824309 0.326128 0.832026
4 12.6552 5.5836 6.6569 0.301445 0.849687 0.264041 0.877902
5 12.6485 5.6180 6.6189 0.275390 0.883623 0.233159 0.900560
6 12.8415 5.6961 6.6873 0.271087 0.896361 0.242120 0.888791
7 12.8031 5.6657 6.7186 0.259118 0.900675 0.205263 0.913451
8 12.8776 5.8005 6.6490 0.226817 0.904634 0.212617 0.903203
9 12.7826 5.6701 6.6869 0.224090 0.909215 0.192447 0.912810
10 12.8286 5.7686 6.6412 0.230419 0.912461 0.181780 0.922818
11 12.7432 5.6031 6.7143 0.205207 0.917968 0.184983 0.915132
12 12.7798 5.6674 6.6765 0.198535 0.921081 0.166814 0.926982
13 12.8506 5.6981 6.7219 0.188470 0.924701 0.168471 0.924820
14 12.9688 5.7180 6.8339 0.190350 0.924541 0.161787 0.931385
15 12.9064 5.7089 6.7699 0.180382 0.928286 0.158102 0.932586
16 12.7537 5.6345 6.7009 0.190916 0.932316 0.149284 0.937070
17 12.8294 5.7016 6.7050 0.170098 0.931622 0.139315 0.939472
18 12.8341 5.6810 6.7352 0.167065 0.934744 0.135943 0.941393
19 12.8340 5.6656 6.7622 0.166517 0.938969 0.127710 0.945236
20 12.8675 5.6619 6.7833 0.177054 0.938151 0.136173 0.938831
21 12.8053 5.7147 6.6744 0.146041 0.938213 0.127226 0.944676
22 12.8545 5.7606 6.6804 0.135886 0.948087 0.107277 0.955885
23 12.8474 5.6095 6.8153 0.137034 0.947482 0.122419 0.948679
24 12.9327 5.7984 6.7188 0.145613 0.939441 0.103154 0.957406
25 12.7209 5.5818 6.7178 0.126030 0.950195 0.114570 0.951001
26 12.8604 5.6550 6.7806 0.135447 0.954207 0.101289 0.959167
27 12.8376 5.6947 6.7210 0.164373 0.954287 0.125535 0.951081
28 12.6730 5.6431 6.6111 0.124725 0.953193 0.098904 0.959247
29 12.6970 5.6036 6.6789 0.133545 0.957134 0.095208 0.960689
30 12.7833 5.7157 6.6628 0.133637 0.957303 0.095163 0.960288
31 12.9077 5.7416 6.7128 0.125891 0.957338 0.101451 0.957406
32 12.7841 5.6481 6.7215 0.130439 0.959153 0.091696 0.962050
33 12.8324 5.6712 6.7406 0.119360 0.958770 0.094198 0.961249
34 12.6884 5.5981 6.6766 0.120159 0.958343 0.098319 0.959247
35 12.6395 5.6431 6.5801 0.118880 0.959856 0.088275 0.964051
36 12.7997 5.6516 6.7309 0.124585 0.953540 0.090643 0.963331
37 12.8913 5.7953 6.6751 0.119198 0.959313 0.092461 0.961569
38 12.7064 5.6381 6.6483 0.113957 0.960825 0.085031 0.965813
39 12.8683 5.7386 6.6645 0.114503 0.960914 0.084252 0.966373
40 12.8670 5.6818 6.7713 0.112870 0.960852 0.083818 0.966934
41 12.7346 5.6479 6.6751 0.116691 0.962373 0.084107 0.965893
42 12.8970 5.6247 6.8630 0.112307 0.960905 0.083033 0.966934
43 12.8596 5.7563 6.6950 0.111531 0.961910 0.082559 0.967094
44 12.6360 5.5856 6.6382 0.112925 0.961786 0.083646 0.966213
45 12.7654 5.6464 6.6915 0.112355 0.961955 0.082741 0.966533
46 12.7249 5.6518 6.6548 0.111422 0.962097 0.082922 0.966453
47 12.6512 5.6130 6.6180 0.111704 0.963093 0.080664 0.968215
48 12.7542 5.6414 6.6992 0.106934 0.960078 0.095062 0.961729
49 12.8148 5.7462 6.6522 0.110220 0.962987 0.080603 0.967654
