epoch time fwd_time bwd_time loss acc val_loss val_acc
0 12.6916 5.6518 6.6380 0.466069 0.823713 0.458051 0.826982
1 12.6909 5.6023 6.6745 0.458085 0.823713 0.448592 0.826982
2 12.9799 5.6208 6.9431 0.353287 0.823437 0.337233 0.827062
3 12.6266 5.5695 6.6344 0.299816 0.846360 0.270463 0.880785
4 12.7769 5.7103 6.6413 0.269929 0.880972 0.247457 0.891353
5 12.8196 5.6948 6.6999 0.257490 0.892162 0.241260 0.894476
6 12.7728 5.7172 6.6381 0.260735 0.894306 0.222286 0.906565
7 12.6903 5.6413 6.6445 0.255039 0.896841 0.217854 0.907926
8 12.8670 5.6733 6.7693 0.246960 0.898015 0.212452 0.908887
9 12.8771 5.6866 6.7705 0.251683 0.900533 0.214595 0.911049
10 12.8500 5.7121 6.7176 0.235403 0.902072 0.206666 0.908727
11 12.8753 5.7174 6.7443 0.223163 0.904215 0.196952 0.911930
12 12.8239 5.8034 6.5970 0.220404 0.905737 0.201089 0.910168
13 12.8665 5.6666 6.7783 0.217145 0.909152 0.205324 0.909848
14 12.8950 5.6840 6.7570 0.232893 0.911296 0.183783 0.916894
15 12.8280 5.7115 6.7029 0.220515 0.912702 0.182263 0.922498
16 12.7699 5.6894 6.6670 0.205609 0.915984 0.183334 0.916253
17 12.7364 5.6841 6.6445 0.216180 0.919435 0.173630 0.922178
18 12.7510 5.6883 6.6451 0.202760 0.918715 0.164774 0.927622
19 12.7835 5.6176 6.7421 0.185039 0.925431 0.155403 0.933387
20 12.6989 5.6258 6.6562 0.187208 0.919916 0.152660 0.936109
21 12.6962 5.6034 6.6870 0.166171 0.930857 0.143782 0.936910
22 12.9965 5.8830 6.6929 0.170259 0.930056 0.140973 0.939231
23 12.8826 5.6070 6.8606 0.166627 0.933801 0.138720 0.940352
24 12.7105 5.5680 6.7348 0.153971 0.936612 0.125087 0.945797
25 12.7556 5.6143 6.7335 0.161862 0.940659 0.170326 0.919456
26 12.9817 5.7445 6.8168 0.146459 0.939227 0.138941 0.939952
27 12.8626 5.6782 6.7628 0.123280 0.940757 0.115131 0.953002
28 12.7731 5.6771 6.6796 0.162972 0.949786 0.122656 0.948439
29 12.7272 5.6344 6.6796 0.155791 0.950106 0.127329 0.946277
30 12.7960 5.6549 6.7215 0.137186 0.947589 0.115715 0.951081
31 12.8064 5.6769 6.7100 0.118222 0.947349 0.108813 0.954363
32 12.8650 5.7571 6.6855 0.119468 0.952908 0.099545 0.959327
33 12.8565 5.7256 6.7025 0.112015 0.955212 0.094217 0.961809
34 12.8253 5.6836 6.7235 0.104827 0.955328 0.091465 0.962370
35 12.7794 5.5816 6.7783 0.115630 0.955879 0.110744 0.952442
36 12.7205 5.6239 6.6871 0.115282 0.957071 0.111790 0.953082
37 12.6625 5.6014 6.6491 0.109894 0.956698 0.114090 0.951321
38 12.9093 5.7749 6.7108 0.110974 0.958361 0.101267 0.956525
39 12.9012 5.7325 6.7463 0.105502 0.958637 0.101033 0.957006
40 12.6523 5.6272 6.6108 0.119961 0.958050 0.095433 0.960448
41 12.8205 5.7347 6.6684 0.116519 0.959028 0.096248 0.959327
42 12.7681 5.6549 6.6956 0.119583 0.959455 0.086640 0.963891
43 12.7982 5.6924 6.6889 0.113776 0.960078 0.085819 0.964371
44 12.7709 5.6936 6.6562 0.118704 0.960674 0.092097 0.961329
45 12.8658 5.7287 6.7146 0.117933 0.960745 0.094425 0.960448
46 12.7239 5.6714 6.6331 0.130483 0.961181 0.085084 0.964932
47 12.7999 5.6791 6.6597 0.124549 0.961830 0.087665 0.963491
48 12.8792 5.7469 6.7148 0.120176 0.962151 0.088579 0.963411
49 12.8459 5.6329 6.7940 0.127856 0.962515 0.085931 0.965653
