epoch time fwd_time bwd_time loss acc val_loss val_acc
0 12.7430 5.6546 6.6768 0.466675 0.823713 0.457482 0.826982
1 12.8291 5.6664 6.7445 0.371328 0.823713 0.345864 0.826982
2 12.7421 5.7142 6.6115 0.295549 0.859428 0.293637 0.877662
3 12.7277 5.6277 6.6795 0.284910 0.882182 0.252296 0.895757
4 13.0024 5.7194 6.8599 0.269551 0.890134 0.241412 0.901601
5 12.9379 5.6765 6.8307 0.259090 0.894271 0.247703 0.892874
6 12.6811 5.6505 6.6128 0.242228 0.898798 0.233955 0.897758
7 12.9373 5.7143 6.7560 0.236355 0.902490 0.210442 0.908167
8 12.8333 5.6641 6.7544 0.241285 0.906057 0.203909 0.920576
9 12.8533 5.6653 6.7666 0.232364 0.908708 0.190483 0.925060
10 12.7803 5.6654 6.7019 0.220703 0.913075 0.181981 0.919696
11 12.9179 5.6965 6.7625 0.193085 0.916322 0.182690 0.919936
12 12.8176 5.6482 6.7495 0.195526 0.917932 0.165930 0.931865
13 12.8668 5.7373 6.7130 0.187777 0.928428 0.182592 0.917374
14 12.8210 5.6797 6.7251 0.179162 0.924915 0.144946 0.941473
15 12.9068 5.7844 6.7054 0.168541 0.932707 0.137884 0.940112
16 12.8261 5.6236 6.7807 0.248011 0.938231 0.210052 0.897518
17 13.0135 5.7437 6.8408 0.148218 0.938978 0.118987 0.951001
18 12.7460 5.6733 6.6542 0.148156 0.941869 0.116293 0.955564
19 12.9343 5.7271 6.7822 0.185493 0.950204 0.193023 0.946197
20 12.9674 5.6587 6.8999 0.137899 0.942501 0.103400 0.958687
21 12.7480 5.6410 6.6944 0.136821 0.943079 0.109905 0.954043
22 12.8250 5.7481 6.6449 0.136126 0.951423 0.105284 0.957646
23 12.7705 5.7403 6.6173 0.123609 0.955159 0.107515 0.956445
24 12.6887 5.6533 6.6121 0.127984 0.954928 0.092131 0.963811
25 12.8947 5.7330 6.7431 0.118060 0.956475 0.089868 0.963811
26 12.7656 5.6839 6.6600 0.120318 0.957801 0.086161 0.966693
27 12.8250 5.7430 6.6685 0.119708 0.957819 0.094528 0.960929
28 12.8982 5.7975 6.6900 0.120140 0.957730 0.085187 0.966613
29 12.7343 5.6376 6.6755 0.120797 0.958014 0.090660 0.961970
30 12.8721 5.7600 6.6919 0.138646 0.958397 0.091184 0.962610
31 12.7974 5.7328 6.6490 0.120505 0.953015 0.084654 0.966213
32 12.9019 5.7029 6.7805 0.118420 0.957125 0.082697 0.966613
33 12.9578 5.7009 6.8313 0.125509 0.958708 0.086284 0.965492
34 12.9242 5.7069 6.7952 0.119329 0.959944 0.080025 0.967254
35 12.9253 5.6536 6.8514 0.115094 0.961652 0.084563 0.966453
36 12.7202 5.6144 6.6518 0.114754 0.961555 0.077249 0.969015
37 12.7751 5.6955 6.6540 0.126436 0.963769 0.077772 0.968695
38 12.7098 5.6095 6.6832 0.112108 0.958904 0.078895 0.968695
39 12.8753 5.7716 6.6846 0.110447 0.963431 0.077948 0.968455
40 12.9803 5.6497 6.8614 0.111454 0.962213 0.080062 0.968135
41 12.9407 5.7220 6.7976 0.113137 0.963156 0.075489 0.969015
42 12.9082 5.6559 6.8424 0.114896 0.962755 0.077504 0.967334
43 12.9530 5.6369 6.8922 0.123223 0.960167 0.082810 0.967014
44 12.9173 5.7216 6.7814 0.114776 0.962898 0.075368 0.968615
45 12.8515 5.6604 6.7674 0.118313 0.961999 0.076318 0.969416
46 12.7648 5.6431 6.7058 0.118491 0.962311 0.076675 0.967094
47 12.7654 5.6759 6.6706 0.112318 0.963040 0.077361 0.968935
48 13.0032 5.8324 6.7487 0.115380 0.962853 0.075498 0.968535
49 12.8335 5.6827 6.7334 0.113624 0.963636 0.074299 0.970136
