epoch time fwd_time bwd_time loss acc val_loss val_acc
0 12.8039 5.6712 6.7237 0.458465 0.810984 0.447880 0.826982
1 12.6883 5.6116 6.6632 0.362865 0.823713 0.342833 0.826982
2 12.8089 5.6542 6.7373 0.333496 0.827387 0.308815 0.846117
3 12.9614 5.7892 6.7509 0.292401 0.861189 0.259993 0.893995
4 12.7926 5.6607 6.7027 0.258448 0.887599 0.247071 0.888631
5 12.8547 5.7910 6.6455 0.253868 0.894173 0.230863 0.896958
6 12.8927 5.8293 6.6421 0.249692 0.896139 0.227814 0.897198
7 12.7977 5.6181 6.7620 0.246463 0.899030 0.221747 0.899680
8 12.8235 5.6550 6.7406 0.237687 0.899599 0.207862 0.911209
9 12.8051 5.5982 6.7372 0.251412 0.901938 0.204016 0.909768
10 12.8486 5.6875 6.7446 0.242679 0.904082 0.197524 0.917614
11 12.8549 5.7907 6.6441 0.234686 0.906235 0.200171 0.908887
12 12.7884 5.6685 6.7147 0.223355 0.910353 0.195646 0.911049
13 12.8381 5.7355 6.6761 0.211621 0.910478 0.206563 0.902642
14 12.7393 5.6387 6.6829 0.205629 0.912497 0.203848 0.904564
15 12.8719 5.7653 6.6874 0.207045 0.915050 0.187398 0.915693
16 12.6389 5.6047 6.6171 0.203899 0.917692 0.167739 0.931385
17 12.9796 5.7874 6.7669 0.196270 0.920405 0.162269 0.933867
18 12.6914 5.6289 6.6462 0.233273 0.923376 0.166595 0.936349
19 12.8784 5.7565 6.6924 0.181860 0.925938 0.150139 0.936269
20 12.8537 5.7131 6.7253 0.183536 0.931382 0.148537 0.940833
21 12.6751 5.6190 6.6456 0.174927 0.934282 0.141487 0.942114
22 12.7248 5.6320 6.6737 0.224267 0.935696 0.167283 0.936509
23 12.8768 5.7685 6.6876 0.166352 0.933525 0.138088 0.942034
24 12.8010 5.6695 6.7146 0.163409 0.937591 0.147497 0.931465
25 12.8944 5.7829 6.6980 0.154023 0.938898 0.122204 0.951241
26 12.9065 5.7409 6.7457 0.157139 0.946699 0.121103 0.949640
27 12.7371 5.6701 6.6435 0.163718 0.947064 0.144212 0.943235
28 12.8311 5.6520 6.7594 0.157311 0.945881 0.125053 0.947238
29 12.8807 5.7718 6.6871 0.147748 0.950773 0.128737 0.945396
30 12.8669 5.7805 6.6771 0.132125 0.951939 0.119981 0.947558
31 12.8230 5.6514 6.7458 0.187547 0.946877 0.155653 0.944516
32 12.8118 5.6473 6.7477 0.121696 0.956813 0.092071 0.963491
33 12.8765 5.7209 6.7327 0.127465 0.958761 0.126696 0.947078
34 12.9158 5.7657 6.6969 0.133914 0.953522 0.114982 0.949319
35 12.7783 5.5987 6.7623 0.120141 0.950960 0.096587 0.961009
36 12.8834 5.7070 6.7533 0.116024 0.946246 0.093370 0.963090
37 12.7338 5.5715 6.7446 0.123098 0.960158 0.099110 0.958287
38 12.8610 5.7720 6.6743 0.113176 0.961910 0.080461 0.967494
39 12.9260 5.7188 6.7839 0.112687 0.959731 0.081046 0.965412
40 12.7876 5.7295 6.6395 0.115752 0.959108 0.083804 0.965492
41 12.6959 5.6580 6.6197 0.122839 0.960158 0.119624 0.946197
42 12.7497 5.6565 6.6632 0.112842 0.959678 0.106424 0.953643
43 12.9044 5.7879 6.7035 0.125963 0.957480 0.119890 0.949480
44 12.9271 5.7635 6.7441 0.140255 0.960781 0.090590 0.961329
45 12.9085 5.7011 6.7775 0.134924 0.960140 0.093236 0.959968
46 12.7049 5.6301 6.6550 0.120790 0.960887 0.086959 0.963811
47 12.8065 5.7175 6.6724 0.121104 0.963618 0.080201 0.966373
48 12.7601 5.6437 6.6971 0.140757 0.959980 0.103671 0.955004
49 12.9261 5.7819 6.7196 0.197735 0.961234 0.100375 0.957966
