epoch time fwd_time bwd_time loss acc val_loss val_acc
0 12.7004 5.6485 6.6500 0.461230 0.814862 0.455283 0.826982
1 12.6097 5.5866 6.6156 0.351039 0.823766 0.327616 0.830424
2 12.9159 5.7534 6.7439 0.278895 0.856483 0.252243 0.895516
3 12.8784 5.7288 6.7333 0.266236 0.891486 0.239718 0.898639
4 12.9725 5.6854 6.8778 0.264499 0.894102 0.224558 0.907206
5 12.8655 5.6756 6.7774 0.252578 0.898709 0.222138 0.902962
6 12.7506 5.7023 6.6292 0.248773 0.900355 0.211552 0.907686
7 12.7509 5.6847 6.6552 0.244237 0.903539 0.204144 0.911689
8 12.9197 5.7805 6.7100 0.238934 0.906244 0.197877 0.916253
9 12.8076 5.6507 6.7359 0.223220 0.908450 0.191268 0.917854
10 12.9383 5.7199 6.8069 0.233463 0.907053 0.196104 0.916253
11 12.7012 5.6801 6.6117 0.217750 0.911768 0.184422 0.923058
12 12.6597 5.6009 6.6368 0.232834 0.914409 0.183930 0.925460
13 12.7510 5.5798 6.7517 0.206564 0.917238 0.205411 0.902642
14 12.8017 5.5912 6.7994 0.202282 0.919658 0.172402 0.924099
15 12.8546 5.6386 6.7917 0.211937 0.924008 0.167352 0.927462
16 12.7951 5.6141 6.7648 0.195201 0.924515 0.174049 0.919856
17 12.8535 5.6122 6.8157 0.182193 0.926836 0.162214 0.927382
18 12.9653 5.6545 6.8872 0.197044 0.930795 0.149966 0.935789
19 12.7849 5.6278 6.7472 0.167820 0.932805 0.158131 0.928663
20 12.6729 5.6237 6.6410 0.162072 0.932182 0.146000 0.936349
21 12.9187 5.7371 6.7585 0.165992 0.936959 0.130079 0.944436
22 12.9678 5.8591 6.6833 0.151872 0.941033 0.138834 0.938831
23 12.9601 5.7847 6.7181 0.145717 0.940571 0.118659 0.948519
24 12.8654 5.6916 6.7578 0.124134 0.948781 0.113917 0.952362
25 12.9052 5.7100 6.7639 0.132151 0.947029 0.107981 0.956926
26 12.9898 5.7236 6.8480 0.121203 0.952126 0.101782 0.956365
27 13.0386 5.7224 6.8895 0.139265 0.951948 0.106741 0.956845
28 12.7985 5.7211 6.6625 0.152404 0.949724 0.103130 0.958046
29 13.0435 5.7347 6.8675 0.140972 0.955230 0.109921 0.953002
30 12.9453 5.6519 6.8807 0.124134 0.947696 0.092350 0.960929
31 13.0485 5.7213 6.9078 0.121877 0.956458 0.101007 0.958607
32 12.6808 5.6036 6.6609 0.146522 0.956102 0.097635 0.957486
33 12.8830 5.7961 6.6603 0.117145 0.958841 0.090359 0.960048
34 12.8400 5.7089 6.7219 0.141385 0.958254 0.091323 0.962050
35 12.8802 5.7262 6.7416 0.130616 0.958993 0.084898 0.964692
36 12.6964 5.6476 6.6328 0.138169 0.957338 0.095488 0.958207
37 12.7618 5.6363 6.7066 0.121270 0.959900 0.082133 0.964291
38 12.7722 5.6661 6.6919 0.122771 0.953753 0.092046 0.961089
39 13.0207 5.7666 6.8299 0.118309 0.960496 0.084472 0.962610
40 12.9110 5.7305 6.7606 0.128292 0.960967 0.083091 0.965172
41 12.8521 5.6723 6.7514 0.130525 0.957027 0.091797 0.961569
42 12.9683 5.7668 6.7820 0.119918 0.962328 0.085022 0.962690
43 12.8917 5.6888 6.7870 0.113327 0.960763 0.080167 0.966133
44 12.9000 5.7151 6.7683 0.108840 0.961635 0.081057 0.965492
45 12.7484 5.6924 6.6318 0.117167 0.959775 0.083210 0.963491
46 12.6888 5.6055 6.6571 0.112166 0.961039 0.083661 0.963251
47 12.9241 5.7960 6.7122 0.109375 0.962782 0.087581 0.960929
48 12.8920 5.7034 6.7204 0.111403 0.962542 0.086409 0.961329
49 12.8548 5.7605 6.6661 0.107217 0.962551 0.075162 0.967974
