epoch time fwd_time bwd_time loss acc val_loss val_acc
0 12.8695 5.6749 6.7910 0.465834 0.823713 0.415497 0.826982
1 13.0312 5.8094 6.8011 0.343223 0.825359 0.318365 0.843955
2 12.8838 5.7020 6.7693 0.322435 0.838079 0.300165 0.856525
3 12.9466 5.7273 6.8046 0.271191 0.871276 0.251221 0.891113
4 12.9046 5.6840 6.7996 0.275917 0.885126 0.234384 0.901441
5 12.9028 5.7593 6.7300 0.280335 0.894084 0.230912 0.899279
6 12.8561 5.7078 6.7255 0.278008 0.896548 0.224938 0.901041
7 12.6815 5.6087 6.6607 0.235322 0.898834 0.211714 0.909287
8 13.0005 5.7751 6.8183 0.245300 0.900479 0.206743 0.914171
9 12.9006 5.7786 6.7019 0.239199 0.904874 0.207253 0.908887
10 12.8344 5.7025 6.6802 0.283260 0.907489 0.263824 0.871577
11 12.8732 5.6788 6.7754 0.213576 0.909535 0.187980 0.918415
12 12.9076 5.8190 6.6672 0.250400 0.913564 0.188432 0.920897
13 12.6530 5.6361 6.6038 0.195844 0.911367 0.178600 0.927142
14 12.8382 5.7750 6.6329 0.186315 0.916936 0.165555 0.931625
15 12.7695 5.7157 6.6281 0.180368 0.918484 0.166597 0.928183
16 12.7737 5.6394 6.7198 0.219990 0.921214 0.164542 0.937150
17 12.7433 5.7170 6.6048 0.174312 0.921188 0.153134 0.938191
18 12.8357 5.7109 6.7013 0.169120 0.924773 0.147616 0.941873
19 13.0641 5.7699 6.8673 0.171679 0.935047 0.179930 0.927782
20 12.9415 5.7502 6.7645 0.146992 0.937822 0.146468 0.933066
21 12.8221 5.7194 6.6828 0.135242 0.945089 0.106015 0.956765
22 12.7148 5.6318 6.6665 0.132719 0.947518 0.106841 0.961890
23 12.9220 5.7528 6.7541 0.142673 0.939147 0.125598 0.953403
24 12.6945 5.6213 6.6560 0.128683 0.955301 0.098981 0.964371
25 13.0286 5.7342 6.8686 0.134078 0.957107 0.109913 0.961569
26 12.9569 5.8334 6.7027 0.116189 0.960265 0.081870 0.967254
27 12.7443 5.6638 6.6583 0.113555 0.958833 0.089824 0.962770
28 12.7330 5.6963 6.6129 0.111869 0.961732 0.085567 0.964852
29 12.7224 5.6969 6.6064 0.115655 0.962569 0.086474 0.963971
30 12.9436 5.7550 6.7726 0.108593 0.963556 0.078555 0.970056
31 12.9622 5.6635 6.8821 0.105821 0.963431 0.080197 0.967654
32 12.9100 5.7042 6.7864 0.118076 0.963440 0.082358 0.967734
33 12.9150 5.7961 6.6900 0.120484 0.963672 0.080520 0.968775
34 12.9079 5.7265 6.7475 0.106052 0.964170 0.083942 0.965412
35 12.8968 5.6788 6.7963 0.105053 0.964223 0.082802 0.966453
36 12.8283 5.6566 6.7552 0.105223 0.964214 0.084143 0.965492
37 12.8928 5.7275 6.7316 0.102501 0.964588 0.081130 0.967174
38 12.8494 5.6953 6.7264 0.101436 0.964970 0.076409 0.969416
39 12.8121 5.7185 6.6387 0.102168 0.964365 0.083637 0.965653
40 12.8900 5.7519 6.7156 0.096949 0.965664 0.080073 0.966773
41 12.8773 5.7975 6.6557 0.101621 0.965406 0.075689 0.969976
42 12.9016 5.7263 6.7464 0.103982 0.965744 0.081627 0.966373
43 12.9273 5.7405 6.7202 0.093261 0.965691 0.072777 0.970937
44 12.8682 5.6593 6.7896 0.097459 0.965477 0.075157 0.970777
45 12.8237 5.6789 6.7214 0.091491 0.965415 0.071829 0.970937
46 12.6920 5.6289 6.6516 0.089206 0.965584 0.071289 0.971177
47 12.8076 5.6757 6.7187 0.089817 0.966082 0.071034 0.970777
48 12.8436 5.7013 6.7226 0.089249 0.966402 0.071185 0.970857
49 12.8675 5.7396 6.7045 0.089097 0.966251 0.071783 0.970937
