epoch time fwd_time bwd_time loss acc val_loss val_acc
0 41.1784 16.7742 23.8382 0.481593 0.823980 0.464765 0.824580
1 38.8414 13.9340 24.3342 0.477183 0.823980 0.464333 0.824580
2 40.0090 14.1728 25.2610 0.370887 0.823980 0.361886 0.824580
3 38.9894 14.0495 24.3486 0.367278 0.823980 0.370121 0.824580
4 40.3487 14.3308 25.4318 0.357184 0.823980 0.355916 0.824580
5 39.9513 14.2431 25.1315 0.355294 0.823980 0.355180 0.824580
6 40.3771 14.4262 25.3584 0.353659 0.823980 0.355701 0.824580
7 40.6594 14.4110 25.6695 0.352093 0.823989 0.356618 0.824580
8 38.7103 14.0788 24.0445 0.338547 0.823055 0.336243 0.823219
9 38.9407 13.9949 24.3571 0.343876 0.832680 0.334929 0.862370
10 39.0889 14.0066 24.5035 0.259527 0.862603 0.244224 0.881665
11 39.9314 14.4395 24.9017 0.228448 0.881879 0.218382 0.889672
12 40.5684 14.4209 25.5645 0.192137 0.893443 0.224500 0.895196
13 39.7573 14.2104 24.9641 0.194925 0.918750 0.153178 0.931545
14 38.4908 14.0872 23.8254 0.147682 0.936941 0.121981 0.950360
15 39.2200 14.3635 24.2732 0.128924 0.944298 0.145047 0.939231
16 41.8075 14.7733 26.4415 0.122670 0.946086 0.124726 0.948999
17 40.1239 14.3226 25.1821 0.114621 0.948683 0.124067 0.949319
18 40.7281 14.3760 25.7701 0.127273 0.949617 0.113860 0.953163
19 39.9620 14.3655 25.0150 0.117430 0.949573 0.111577 0.953483
20 39.6871 14.3781 24.7232 0.118493 0.950578 0.110640 0.954604
21 38.7601 14.0437 24.1359 0.114118 0.951983 0.108316 0.955084
22 39.5992 14.3504 24.6695 0.105982 0.953344 0.109108 0.954604
23 40.3724 14.3307 25.4578 0.110098 0.952855 0.106637 0.955404
24 38.8729 14.2474 24.0461 0.118891 0.953166 0.110575 0.952522
25 40.2151 14.3335 25.3050 0.108455 0.953940 0.107300 0.955004
26 39.7997 14.1452 25.0752 0.116540 0.954163 0.106276 0.953883
27 39.5840 14.2687 24.7306 0.110453 0.954759 0.104978 0.954924
28 39.0105 14.2732 24.1541 0.107301 0.954750 0.103739 0.956605
29 38.5238 14.1444 23.7935 0.106859 0.955150 0.104490 0.956445
30 40.1420 14.3538 25.2034 0.105310 0.955541 0.106962 0.955885
31 39.3833 14.2601 24.5407 0.107713 0.955568 0.102460 0.956205
32 39.1866 14.4004 24.2007 0.100913 0.955701 0.107246 0.955965
33 39.2931 14.2975 24.4064 0.101248 0.955808 0.102615 0.957166
34 38.8380 14.0793 24.1709 0.104057 0.955888 0.103570 0.957006
35 39.0062 14.0102 24.4021 0.101615 0.956146 0.099257 0.957966
36 38.3146 13.9810 23.7589 0.103677 0.956075 0.108723 0.955725
37 40.2567 14.2670 25.3649 0.111034 0.956618 0.103477 0.954844
38 38.7594 14.0086 24.1696 0.104166 0.956938 0.108460 0.952762
39 40.5260 14.3790 25.5591 0.099553 0.956529 0.113057 0.950841
40 40.0049 14.2824 25.1045 0.102146 0.957436 0.107115 0.955885
41 40.4053 14.3625 25.4610 0.099312 0.957881 0.102570 0.956445
42 39.0792 14.0931 24.4100 0.100286 0.957409 0.098508 0.957646
43 40.7724 14.5547 25.6380 0.111630 0.958094 0.105851 0.955084
44 39.1964 14.2026 24.3835 0.098028 0.958023 0.100200 0.957566
45 40.2246 14.2762 25.3772 0.102447 0.959375 0.098820 0.958046
46 39.0029 14.0069 24.4153 0.096469 0.956280 0.097493 0.958207
47 40.3011 14.3541 25.3609 0.115163 0.958548 0.102214 0.955484
48 38.7528 14.1813 23.9938 0.095174 0.959073 0.096485 0.957886
49 38.7114 14.1390 23.9855 0.112212 0.948087 0.103984 0.954203
