epoch time fwd_time bwd_time loss acc val_loss val_acc
0 40.3005 16.4139 23.3046 0.483382 0.810174 0.464782 0.824580
1 38.1473 14.1196 23.4433 0.477544 0.823980 0.464700 0.824580
2 39.1132 14.1093 24.4186 0.406637 0.823882 0.379113 0.824580
3 38.0547 14.2094 23.2597 0.363177 0.823980 0.360386 0.824580
4 38.1458 14.4619 23.0912 0.360031 0.823980 0.353558 0.824580
5 40.1529 14.3650 25.2045 0.357836 0.823980 0.353070 0.824580
6 40.0531 14.3770 25.0914 0.356219 0.823980 0.356105 0.824580
7 39.4153 14.1107 24.7247 0.360711 0.823971 0.362393 0.824580
8 39.6920 14.3353 24.7719 0.322208 0.825145 0.340686 0.827942
9 39.1519 14.1394 24.4274 0.353329 0.852676 0.353177 0.831946
10 39.8352 14.3193 24.9319 0.181687 0.878375 0.225204 0.898479
11 39.9547 14.2696 25.0909 0.174889 0.911714 0.201016 0.907846
12 39.5261 14.0445 24.9014 0.165823 0.915904 0.176205 0.923699
13 40.4413 14.3566 25.4980 0.164465 0.919462 0.169599 0.926421
14 39.8543 14.3256 24.9499 0.152358 0.925413 0.152389 0.934988
15 39.6271 14.2886 24.7155 0.145521 0.910878 0.171792 0.923058
16 40.2374 14.4150 25.2375 0.146378 0.926587 0.147343 0.935629
17 39.4197 14.3744 24.4643 0.129877 0.935429 0.134089 0.943875
18 39.6809 14.4470 24.6470 0.124033 0.944102 0.121482 0.950600
19 38.6948 14.1217 23.9781 0.121518 0.945676 0.120685 0.950841
20 39.5913 14.3164 24.6837 0.119648 0.949546 0.109268 0.954524
21 39.4149 14.0580 24.7635 0.110466 0.948834 0.110730 0.954524
22 39.0769 13.9608 24.5351 0.126691 0.947705 0.116932 0.950921
23 38.6570 14.2438 23.8264 0.120442 0.946157 0.121549 0.950600
24 37.7569 14.0882 23.0810 0.111553 0.949564 0.104831 0.956045
25 39.3806 14.2559 24.5395 0.117435 0.946406 0.119964 0.950360
26 39.3944 14.2295 24.5775 0.109291 0.954020 0.115595 0.954444
27 39.0172 14.0737 24.3539 0.102400 0.953406 0.120151 0.953082
28 39.4679 14.1114 24.7756 0.115865 0.952713 0.110698 0.954844
29 39.6451 14.3322 24.7336 0.114998 0.951298 0.104344 0.956845
30 39.9136 14.3672 24.9519 0.106744 0.952028 0.123180 0.952522
31 38.4664 14.1003 23.7722 0.113933 0.954732 0.104823 0.957966
32 38.6701 14.2151 23.8715 0.105155 0.954314 0.115584 0.955004
33 39.7966 14.2909 24.9204 0.112522 0.953896 0.112297 0.955404
34 38.7336 14.2930 23.8601 0.120418 0.955426 0.106283 0.957166
35 39.1825 14.3465 24.1949 0.113174 0.955710 0.105190 0.957646
36 39.7733 14.2341 24.9542 0.125857 0.953567 0.104989 0.957086
37 40.2901 14.3905 25.3280 0.098959 0.955097 0.103641 0.957966
38 40.5543 14.3146 25.6068 0.106232 0.955221 0.117022 0.953963
39 39.9107 14.3395 24.9871 0.120963 0.954154 0.105244 0.957006
40 38.1352 14.0111 23.5414 0.106194 0.955942 0.117989 0.953403
41 38.8642 14.1838 24.0975 0.110501 0.955150 0.113585 0.954524
42 39.9346 14.3648 24.9360 0.103967 0.954963 0.102361 0.959648
43 40.1911 14.3208 25.2834 0.100742 0.956858 0.111882 0.955885
44 37.9964 14.2892 23.1226 0.114321 0.954234 0.109980 0.954444
45 39.7544 14.3728 24.8011 0.117978 0.956093 0.105231 0.958367
46 38.9539 14.0427 24.3180 0.105857 0.956200 0.105057 0.956605
47 39.6510 14.2992 24.7664 0.102672 0.956902 0.106346 0.956685
48 37.9874 14.0385 23.3628 0.110127 0.956164 0.103609 0.957806
49 37.2637 13.9558 22.7257 0.113045 0.957311 0.100390 0.959087
