epoch time fwd_time bwd_time loss acc val_loss val_acc
0 40.5934 16.4801 23.5457 0.477244 0.811989 0.464830 0.824580
1 39.5244 14.1218 24.8281 0.477159 0.823980 0.464754 0.824580
2 40.0978 14.4216 25.0966 0.477136 0.823980 0.464708 0.824580
3 38.6690 14.0228 24.0767 0.477048 0.823980 0.464606 0.824580
4 39.9107 14.3535 24.9792 0.471528 0.823980 0.458574 0.824580
5 39.6531 14.0278 25.0545 0.475004 0.823980 0.463539 0.824580
6 38.9211 14.0871 24.2437 0.396288 0.823980 0.421663 0.824660
7 38.6696 14.1604 23.9293 0.372228 0.824051 0.364039 0.824660
8 39.4165 14.1949 24.6403 0.363376 0.823998 0.357423 0.824660
9 40.5840 14.3469 25.6537 0.362505 0.824051 0.353881 0.824660
10 40.0124 14.3293 25.0960 0.368916 0.824051 0.356283 0.824660
11 38.9497 14.2206 24.1437 0.358844 0.823927 0.350166 0.824580
12 39.6371 14.3481 24.6938 0.356575 0.824033 0.352250 0.827302
13 40.2637 14.3094 25.3734 0.306966 0.840285 0.299265 0.855164
14 40.4548 14.3933 25.4677 0.323163 0.827725 0.319788 0.854203
15 40.0718 14.3255 25.1702 0.292907 0.864427 0.323057 0.843235
16 39.2693 14.2600 24.4375 0.235514 0.879736 0.228727 0.906805
17 39.3380 14.1689 24.5859 0.182523 0.903700 0.197523 0.911769
18 40.0177 14.2551 25.1350 0.196889 0.903210 0.181558 0.921777
19 37.4289 14.4050 22.4430 0.164358 0.915406 0.186804 0.916733
20 38.8867 14.1918 24.1135 0.170234 0.915753 0.180588 0.921938
21 37.9892 14.0458 23.3688 0.173976 0.923074 0.167538 0.930584
22 38.9608 14.1244 24.2565 0.176276 0.925920 0.158735 0.932266
23 38.3223 14.0591 23.6865 0.135954 0.932867 0.133050 0.945556
24 39.6878 14.3343 24.7720 0.142362 0.939548 0.131838 0.942994
25 37.6792 14.1218 22.9768 0.146186 0.941193 0.117543 0.953163
26 39.1343 14.2309 24.3194 0.136981 0.940917 0.141108 0.939792
27 38.0140 14.1479 23.2730 0.133894 0.941371 0.128195 0.944035
28 38.7908 14.1398 24.0672 0.121843 0.948861 0.109630 0.955244
29 40.1922 14.4002 25.2101 0.125474 0.945267 0.135438 0.940913
30 39.1963 14.2740 24.3365 0.118325 0.946975 0.105894 0.956125
31 39.5720 14.1275 24.8593 0.113964 0.952597 0.110753 0.953483
32 39.5784 14.2814 24.7107 0.114195 0.951494 0.110915 0.954924
33 39.5474 14.0980 24.8664 0.162755 0.950836 0.134167 0.943715
34 38.6821 14.1101 23.9946 0.112309 0.951663 0.103148 0.957326
35 38.1102 14.0514 23.4813 0.115151 0.953398 0.116984 0.952122
36 39.8453 14.4067 24.8593 0.127327 0.953611 0.112073 0.955324
37 40.2750 14.2333 25.4631 0.122086 0.952126 0.111779 0.954363
38 38.8881 14.0954 24.1689 0.110461 0.953913 0.113986 0.952842
39 39.9977 14.3374 25.0859 0.111726 0.954367 0.098512 0.959327
40 38.7245 14.0584 24.0779 0.109086 0.953682 0.113632 0.952442
41 35.4072 13.9333 20.8452 0.112699 0.953433 0.102729 0.957966
42 39.1229 14.3643 24.1798 0.105901 0.953860 0.105980 0.956765
43 39.0884 14.2806 24.2257 0.115109 0.949510 0.113895 0.952602
44 37.8333 14.2848 22.9692 0.107543 0.954394 0.106538 0.955645
45 38.4444 14.3545 23.4698 0.113720 0.954296 0.109482 0.954604
46 39.0566 13.9775 24.4937 0.103885 0.953469 0.105924 0.956445
47 37.6971 14.3185 22.8037 0.104575 0.956377 0.096252 0.960849
48 39.0043 14.2808 24.1438 0.109183 0.956440 0.096129 0.960689
49 39.2941 14.2210 24.4858 0.114311 0.954029 0.100331 0.958527
