epoch time fwd_time bwd_time loss acc val_loss val_acc
0 41.4648 16.6582 24.2077 0.485326 0.758991 0.464806 0.824580
1 37.7421 14.0157 23.1462 0.477169 0.823980 0.464770 0.824580
2 38.9428 13.9828 24.3937 0.477102 0.823980 0.464679 0.824580
3 39.9090 14.3552 24.9789 0.477120 0.823980 0.464628 0.824580
4 39.7436 14.3430 24.8233 0.479584 0.823980 0.465855 0.824580
5 39.8603 14.3782 24.8977 0.382907 0.823420 0.377248 0.824500
6 38.7199 13.9972 24.1426 0.365524 0.823935 0.364239 0.824820
7 39.5911 14.3032 24.7079 0.362327 0.824149 0.362404 0.824500
8 39.0239 14.2172 24.2324 0.356680 0.824176 0.358421 0.822018
9 40.5656 14.3268 25.6626 0.334318 0.824825 0.334661 0.825540
10 38.0393 14.2222 23.2383 0.321729 0.826960 0.314386 0.834588
11 39.4943 14.3101 24.6053 0.289039 0.846138 0.284819 0.885669
12 39.2081 14.2693 24.3551 0.313219 0.868999 0.246715 0.902242
13 38.7172 14.0727 24.0670 0.193720 0.896975 0.203339 0.913691
14 38.3403 14.1166 23.6510 0.210241 0.906893 0.186777 0.924259
15 37.9633 14.0341 23.3495 0.171385 0.918626 0.168548 0.928823
16 38.3255 14.0147 23.7333 0.183954 0.921099 0.181325 0.926581
17 38.1942 14.0470 23.5705 0.177069 0.926436 0.185330 0.920977
18 38.6591 14.0984 23.9777 0.177200 0.928179 0.161523 0.933547
19 39.0167 14.3110 24.0881 0.159698 0.932921 0.147687 0.936669
20 37.9417 13.9807 23.3812 0.171396 0.931666 0.147609 0.937710
21 38.5859 14.1474 23.8615 0.184731 0.930252 0.191970 0.917454
22 39.2851 14.2247 24.4778 0.141902 0.938703 0.123144 0.949239
23 37.9958 14.1557 23.2565 0.132391 0.939370 0.123429 0.948359
24 39.0601 14.2190 24.2594 0.169556 0.943915 0.151907 0.936429
25 39.8209 14.3929 24.8505 0.127521 0.942759 0.175091 0.924900
26 39.6667 14.4188 24.6660 0.124855 0.944476 0.111800 0.954444
27 38.7209 14.2019 23.9511 0.139826 0.947713 0.121112 0.951481
28 39.8326 14.2286 25.0251 0.127152 0.946397 0.109859 0.957086
29 40.3492 14.2159 25.5667 0.123192 0.950720 0.116993 0.951481
30 38.6197 14.0229 24.0210 0.122879 0.948381 0.119220 0.950440
31 38.5285 14.0287 23.9253 0.124224 0.948576 0.130244 0.946037
32 38.2334 14.0156 23.6357 0.121508 0.952143 0.119446 0.949800
33 40.0187 14.1892 25.2442 0.151239 0.949662 0.118745 0.952442
34 39.4343 14.1436 24.7203 0.114836 0.952713 0.105150 0.957406
35 38.7099 14.2646 23.8723 0.135573 0.953878 0.109268 0.955645
36 39.3037 14.3081 24.4072 0.125933 0.951405 0.116750 0.953883
37 39.9053 14.3556 24.9725 0.127522 0.951556 0.100863 0.960448
38 39.7177 14.2562 24.8881 0.121094 0.954136 0.109891 0.956845
39 38.5479 14.0133 23.9188 0.113980 0.951654 0.108535 0.955885
40 38.1578 14.0903 23.4931 0.127557 0.952037 0.108315 0.955404
41 39.7694 14.3036 24.8920 0.120550 0.954145 0.123758 0.949319
42 38.8029 14.2847 23.8958 0.107962 0.953264 0.109675 0.954604
43 38.3388 14.0759 23.6834 0.108352 0.954509 0.111398 0.953563
44 38.0779 13.9340 23.5590 0.112232 0.950996 0.118704 0.949079
45 39.1490 14.2726 24.3098 0.112740 0.950320 0.115886 0.953643
46 39.3926 14.2955 24.4752 0.111978 0.955034 0.103000 0.957886
47 40.1910 14.3712 25.2387 0.111390 0.955781 0.104684 0.957406
48 38.9655 13.9886 24.3901 0.112825 0.954091 0.103182 0.958207
49 40.5561 14.3878 25.5880 0.110856 0.955604 0.101556 0.958687
