epoch time fwd_time bwd_time loss acc val_loss val_acc
0 41.6727 16.5428 24.5596 0.480306 0.823980 0.464802 0.824580
1 38.9650 14.1426 24.2431 0.476579 0.823980 0.464032 0.824580
2 38.8299 14.1102 24.1403 0.383478 0.823775 0.376098 0.824580
3 38.8501 13.8672 24.4084 0.360917 0.823980 0.358102 0.824580
4 37.7659 14.0255 23.1546 0.359089 0.823998 0.358412 0.824580
5 39.9687 14.4006 24.9832 0.355602 0.823989 0.351099 0.824580
6 40.2780 14.3772 25.3203 0.360823 0.823989 0.363685 0.824580
7 40.5574 14.8689 25.0965 0.350255 0.823829 0.349302 0.825300
8 39.0760 14.1103 24.3751 0.356114 0.823829 0.350903 0.826902
9 37.8023 13.9775 23.2302 0.302971 0.835366 0.272107 0.863491
10 36.5630 14.1489 21.8264 0.222337 0.860735 0.237494 0.903603
11 40.0152 14.3553 25.0767 0.195557 0.876435 0.206548 0.917134
12 39.0044 14.0920 24.3307 0.200526 0.909686 0.199021 0.922018
13 40.2954 14.3011 25.4122 0.149156 0.926098 0.159925 0.931385
14 39.0460 14.1464 24.3184 0.150995 0.928259 0.150072 0.935148
15 39.3615 14.2152 24.5597 0.171748 0.934415 0.132501 0.943235
16 39.7652 14.4561 24.6736 0.162349 0.940944 0.123020 0.947638
17 39.3271 14.1028 24.6433 0.123170 0.946459 0.128403 0.947238
18 39.9901 14.2726 25.1343 0.114087 0.950089 0.110301 0.955805
19 39.8744 14.2592 25.0272 0.122692 0.946281 0.112691 0.954764
20 39.9669 14.3257 25.0489 0.128132 0.949430 0.119214 0.947878
21 38.4220 13.9838 23.8431 0.125126 0.949581 0.114049 0.951161
22 39.7914 14.2776 24.9254 0.120343 0.950222 0.108352 0.955084
23 38.9920 14.3951 24.0065 0.116619 0.950791 0.106831 0.956685
24 38.1283 13.9725 23.5682 0.117013 0.950756 0.106049 0.957006
25 38.1547 13.9643 23.6130 0.118062 0.951245 0.105647 0.955885
26 38.3754 14.0479 23.7420 0.119011 0.951494 0.105868 0.956045
27 39.5705 14.1172 24.8643 0.119461 0.951645 0.106471 0.954283
28 39.0833 14.1315 24.3585 0.119187 0.951948 0.106914 0.953883
29 40.3761 14.3329 25.4630 0.117357 0.952072 0.105713 0.954283
30 39.7069 14.3047 24.8125 0.113230 0.951832 0.102605 0.955965
31 40.3997 14.5110 25.3163 0.115859 0.952401 0.106676 0.953323
32 39.9154 14.2315 25.0991 0.111228 0.951796 0.101708 0.956445
33 39.6247 14.1911 24.8527 0.116128 0.952917 0.105235 0.953963
34 38.3416 14.0362 23.7246 0.111091 0.952126 0.101384 0.956605
35 39.9258 14.3416 25.0010 0.112569 0.952544 0.100943 0.956685
36 40.5368 14.3780 25.5260 0.113357 0.952686 0.107116 0.953403
37 38.4644 14.1661 23.7211 0.111579 0.952953 0.100551 0.957406
38 40.4603 14.4016 25.4636 0.104698 0.953673 0.109609 0.955164
39 40.1114 14.2636 25.2270 0.112558 0.953442 0.103793 0.957166
40 40.5839 14.3540 25.6537 0.114134 0.953647 0.111705 0.950761
41 38.8533 14.3130 23.9608 0.119712 0.953949 0.103279 0.956605
42 39.7943 13.9529 25.2457 0.118380 0.953851 0.102869 0.956205
43 39.0486 13.9669 24.4574 0.116873 0.954082 0.103108 0.955324
44 39.7705 14.2218 24.9697 0.116685 0.954314 0.105661 0.953323
45 40.0864 14.3255 25.1752 0.115676 0.954278 0.104793 0.953723
46 40.7438 14.3589 25.8078 0.114614 0.954634 0.107916 0.952602
47 40.0333 14.4303 25.0158 0.113170 0.954527 0.105501 0.953803
48 38.8953 14.0781 24.2327 0.112562 0.954678 0.102354 0.954844
49 39.8781 14.3093 24.9846 0.112089 0.954865 0.100889 0.955564
