epoch time fwd_time bwd_time loss acc val_loss val_acc
0 40.0718 16.4979 22.9987 0.481944 0.817282 0.464763 0.824580
1 39.2148 14.3209 24.3122 0.477626 0.823980 0.464785 0.824580
2 38.4207 14.0749 23.7595 0.477402 0.823980 0.464562 0.824580
3 38.6535 14.0522 24.0165 0.386041 0.823980 0.375309 0.824580
4 39.2116 14.3365 24.2899 0.360157 0.823980 0.352690 0.824580
5 39.7590 14.3162 24.8644 0.357775 0.823980 0.349989 0.824580
6 38.6326 14.0168 23.9970 0.355576 0.823980 0.348903 0.824580
7 38.7567 14.1353 24.0371 0.353532 0.823980 0.348144 0.824580
8 39.9601 14.1615 25.2122 0.351561 0.823980 0.347784 0.824580
9 39.6238 14.1561 24.8515 0.349599 0.823980 0.348518 0.824580
10 39.0893 14.0346 24.4729 0.348544 0.823980 0.350425 0.824580
11 39.5010 14.0995 24.8124 0.353094 0.823944 0.351980 0.824820
12 38.9327 13.9227 24.4275 0.348309 0.825546 0.316726 0.832426
13 38.9286 14.3684 23.9731 0.245097 0.858165 0.265556 0.867734
14 39.0384 14.1900 24.2665 0.214494 0.895516 0.200023 0.915853
15 40.2029 14.2185 25.3954 0.178630 0.904447 0.181222 0.920897
16 40.5660 14.3031 25.6773 0.157923 0.921544 0.158823 0.934107
17 40.0395 14.3043 25.1495 0.168516 0.927957 0.160855 0.930905
18 38.5927 14.2162 23.7946 0.154555 0.932867 0.154606 0.933387
19 39.0050 14.0565 24.3589 0.131182 0.938943 0.131300 0.944355
20 39.4411 14.2760 24.5850 0.120467 0.942181 0.126649 0.949319
21 39.7057 14.2340 24.8889 0.144786 0.947625 0.112862 0.952602
22 37.4687 14.0051 22.8849 0.140439 0.948256 0.111309 0.953323
23 38.4273 14.0499 23.7958 0.129138 0.949439 0.111778 0.954203
24 37.7760 14.2706 22.9259 0.116466 0.950213 0.117984 0.951721
25 38.9044 14.1119 24.2107 0.122188 0.950898 0.110949 0.954363
26 38.6708 14.2594 23.7782 0.135473 0.952126 0.109997 0.954363
27 39.3256 14.2147 24.5291 0.130271 0.951343 0.106517 0.955404
28 39.2370 14.3579 24.2954 0.108519 0.947954 0.125045 0.947478
29 38.7294 13.9586 24.1844 0.111432 0.949617 0.115461 0.953002
30 37.0963 14.2276 22.2740 0.109379 0.950693 0.118162 0.951882
31 38.0770 14.1669 23.3201 0.105437 0.951530 0.114200 0.953082
32 37.8443 14.0553 23.2096 0.105804 0.950409 0.117616 0.951401
33 38.5886 14.1360 23.8365 0.105111 0.950346 0.119447 0.951241
34 40.1513 14.3855 25.1758 0.105963 0.950587 0.109664 0.954524
35 40.7475 14.2861 25.8791 0.103803 0.951618 0.113096 0.953403
36 41.2818 14.7555 25.9327 0.104628 0.951707 0.109542 0.954924
37 38.8283 14.1107 24.1261 0.102870 0.952348 0.112871 0.953563
38 39.4380 14.2506 24.6058 0.103019 0.952250 0.110894 0.953883
39 38.9268 14.0659 24.2707 0.103525 0.952446 0.109204 0.954043
40 39.5290 14.2237 24.6746 0.102076 0.952713 0.110316 0.953563
41 39.8263 14.2814 24.9606 0.099840 0.953264 0.114481 0.952922
42 38.0404 14.0989 23.3611 0.103941 0.954038 0.117060 0.952922
43 39.3212 14.1820 24.5546 0.104896 0.954269 0.116291 0.952842
44 40.7253 14.6654 25.4608 0.107353 0.954100 0.115158 0.953163
45 37.9756 13.9816 23.4142 0.100457 0.954163 0.111979 0.954363
46 40.1536 14.2904 25.2465 0.099972 0.953913 0.115041 0.952282
47 40.0893 14.2347 25.2733 0.099686 0.954928 0.110916 0.954844
48 40.1046 14.1847 25.3375 0.096385 0.954225 0.113067 0.953723
49 38.7104 14.0144 24.1084 0.095486 0.954376 0.115699 0.952842
