epoch time fwd_time bwd_time loss acc val_loss val_acc
0 39.7282 16.3468 22.8089 0.481814 0.823980 0.464834 0.824580
1 37.4994 14.1739 22.7382 0.477145 0.823980 0.464742 0.824580
2 38.5101 14.0172 23.8962 0.477105 0.823980 0.464683 0.824580
3 39.6082 14.3419 24.6905 0.476976 0.823980 0.464545 0.824580
4 37.8949 14.1109 23.2049 0.400768 0.823980 0.410078 0.824580
5 39.0295 14.3397 24.1119 0.371856 0.823935 0.366865 0.824420
6 40.4113 14.3962 25.4324 0.361713 0.824104 0.356656 0.825380
7 39.1355 14.2546 24.3097 0.341779 0.829673 0.334182 0.836269
8 39.4179 14.0498 24.7856 0.340805 0.824700 0.336258 0.825620
9 39.2716 14.2936 24.3553 0.248831 0.850488 0.243069 0.897118
10 39.7997 14.4179 24.7992 0.217575 0.884352 0.235276 0.908727
11 38.2530 14.0139 23.6617 0.169103 0.908841 0.180536 0.921137
12 40.0603 14.3305 25.1156 0.169016 0.918403 0.168714 0.928183
13 39.4497 14.3123 24.5552 0.147162 0.928357 0.148878 0.936269
14 40.4333 14.3118 25.5390 0.157437 0.932743 0.154913 0.934828
15 39.1584 14.3441 24.2374 0.144156 0.931311 0.138842 0.943875
16 38.6984 14.0612 24.0612 0.160724 0.937644 0.140149 0.942034
17 38.3013 14.0821 23.6448 0.158784 0.936746 0.143541 0.940032
18 39.9853 14.2915 25.1114 0.141632 0.941949 0.122047 0.951882
19 39.8322 14.0148 25.2392 0.127592 0.944662 0.138719 0.941633
20 39.7464 14.3189 24.8477 0.115423 0.948790 0.115333 0.951801
21 38.0502 14.0365 23.4433 0.118781 0.946308 0.114728 0.954363
22 39.7864 14.2980 24.9079 0.126972 0.946379 0.113849 0.953963
23 38.6339 14.2404 23.8189 0.123975 0.945374 0.122920 0.950040
24 39.9302 14.2740 25.0843 0.114331 0.947678 0.122197 0.950200
25 38.6481 14.1449 23.9231 0.144199 0.946361 0.122592 0.950040
26 40.4067 14.3847 25.4436 0.108612 0.949706 0.109018 0.956365
27 39.6821 14.1988 24.9027 0.133689 0.949341 0.109917 0.954844
28 41.2635 14.8590 25.8123 0.113926 0.948043 0.111519 0.954764
29 38.1370 14.0140 23.4951 0.115574 0.946779 0.124687 0.948759
30 39.9393 14.2908 25.0692 0.118105 0.953771 0.117367 0.951401
31 40.2973 14.2398 25.4701 0.107082 0.950596 0.107133 0.954203
32 39.5347 14.3239 24.6318 0.113219 0.949350 0.117634 0.953723
33 36.7883 14.0929 22.1167 0.116593 0.950569 0.121380 0.950681
34 39.7087 14.3247 24.8127 0.115130 0.950862 0.114996 0.952522
35 39.3233 14.2950 24.4464 0.129920 0.950934 0.110286 0.955645
36 40.2692 14.2451 25.4110 0.110211 0.953851 0.099888 0.960048
37 39.8671 14.3680 24.9170 0.115384 0.951725 0.121350 0.951721
38 38.6805 14.1129 23.9922 0.121337 0.954171 0.128403 0.947398
39 38.8054 14.0272 24.2062 0.112366 0.952170 0.106771 0.954684
40 39.0871 14.0429 24.4645 0.121145 0.953371 0.111370 0.955725
41 40.3838 14.2950 25.5033 0.132521 0.953842 0.114665 0.955004
42 41.2544 14.5457 26.1288 0.107695 0.952206 0.112822 0.949720
43 39.6332 14.3019 24.7006 0.105877 0.953006 0.100289 0.958847
44 40.3395 14.3677 25.3978 0.107594 0.954865 0.097021 0.961089
45 38.9421 14.0406 24.3177 0.117223 0.953273 0.116364 0.953323
46 40.7313 14.5130 25.6322 0.124859 0.952321 0.110472 0.954283
47 39.2868 14.3091 24.3968 0.104732 0.953558 0.101539 0.959167
48 40.5547 14.2213 25.7519 0.109762 0.953940 0.111879 0.955084
49 39.1614 13.9782 24.5691 0.118459 0.953487 0.110555 0.956045
