epoch time fwd_time bwd_time loss acc val_loss val_acc
0 39.0189 16.3938 22.0633 0.476465 0.823491 0.464830 0.824580
1 38.3505 14.1762 23.6082 0.477157 0.823980 0.464751 0.824580
2 37.1972 14.3054 22.3049 0.477138 0.823980 0.464706 0.824580
3 37.7081 14.2861 22.8434 0.476970 0.823980 0.464478 0.824580
4 39.7467 14.3088 24.8568 0.473661 0.823980 0.467165 0.824580
5 37.6701 14.3713 22.7211 0.475733 0.823980 0.465214 0.824580
6 38.4888 14.1288 23.7777 0.380089 0.823500 0.381460 0.824580
7 38.6402 14.3538 23.7005 0.383280 0.823980 0.377239 0.824580
8 37.7552 14.0607 23.0690 0.363213 0.823980 0.361630 0.824580
9 38.7990 14.2379 23.9672 0.360009 0.823980 0.359917 0.824580
10 39.8887 14.3248 24.9832 0.361681 0.823980 0.364223 0.824580
11 38.3050 13.9919 23.6967 0.359109 0.823953 0.360385 0.824580
12 39.3729 14.3068 24.4884 0.360531 0.823953 0.344266 0.824500
13 38.2960 14.2736 23.4212 0.355478 0.823277 0.330803 0.824099
14 39.1540 14.1498 24.4201 0.365481 0.828677 0.360720 0.826581
15 40.1476 14.3469 25.2168 0.261745 0.838515 0.265640 0.892074
16 40.1461 14.3437 25.2130 0.247201 0.877476 0.209598 0.915532
17 39.3152 14.3082 24.4215 0.208667 0.883925 0.205312 0.917294
18 38.0089 13.9847 23.4440 0.207402 0.896797 0.196213 0.917374
19 38.6431 14.1523 23.8967 0.176680 0.913146 0.182437 0.919055
20 40.3340 14.3703 25.3852 0.193244 0.912008 0.186328 0.923379
21 39.6000 14.3247 24.7035 0.172027 0.920512 0.191160 0.916333
22 41.5473 14.7295 26.2219 0.174266 0.923420 0.164917 0.927782
23 37.7012 14.1510 22.9674 0.162389 0.924826 0.170714 0.934347
24 39.7258 14.3555 24.7882 0.165338 0.930385 0.175793 0.923299
25 39.6178 14.2693 24.7626 0.153361 0.931782 0.142882 0.939552
26 39.2761 14.2476 24.4397 0.151341 0.932440 0.146726 0.938511
27 40.3225 14.3710 25.3593 0.144872 0.935269 0.132967 0.945076
28 38.6104 14.1358 23.8419 0.141060 0.936781 0.159313 0.938030
29 39.7849 14.3107 24.8966 0.139098 0.940455 0.123650 0.948919
30 40.6347 14.4983 25.5404 0.130835 0.942421 0.121194 0.949640
31 39.7977 14.2093 25.0009 0.174678 0.943052 0.119851 0.951801
32 39.0515 14.1249 24.3471 0.142369 0.944591 0.113859 0.953803
33 39.4610 14.4108 24.4579 0.127128 0.944636 0.112087 0.955004
34 40.2176 14.3631 25.2746 0.142932 0.947375 0.110011 0.956445
35 39.5458 14.2335 24.6793 0.122755 0.938382 0.119160 0.951241
36 39.8017 14.2622 24.9542 0.137030 0.948977 0.109653 0.957726
37 39.3098 14.1352 24.5899 0.136732 0.946112 0.122160 0.950440
38 40.0769 14.3059 25.1887 0.120233 0.943595 0.122064 0.949319
39 39.7975 14.0336 25.1757 0.118124 0.946993 0.110609 0.956845
40 39.2864 13.9629 24.7427 0.132434 0.944440 0.116908 0.953483
41 38.0588 14.2934 23.1871 0.119819 0.947580 0.118548 0.951241
42 38.8100 14.1101 24.0706 0.131870 0.947037 0.110750 0.956445
43 40.1117 14.3841 25.1464 0.119007 0.948016 0.111415 0.956285
44 39.8426 14.2038 25.0481 0.123505 0.947865 0.111900 0.955965
45 38.8267 14.0058 24.2465 0.115210 0.948567 0.111995 0.954924
46 39.5358 14.3743 24.5786 0.115573 0.949128 0.112261 0.954924
47 39.2084 14.1539 24.4782 0.114969 0.949457 0.110881 0.955404
48 39.4128 14.2686 24.5301 0.114454 0.950302 0.112227 0.954203
49 39.6797 14.3652 24.7262 0.113608 0.950124 0.110361 0.955404
