epoch time fwd_time bwd_time loss acc val_loss val_acc
0 40.7881 16.5077 23.7103 0.477437 0.818358 0.464807 0.824580
1 39.9471 14.3371 24.9817 0.477037 0.823980 0.464866 0.824580
2 38.2055 14.0295 23.5906 0.364049 0.823980 0.360511 0.824580
3 39.5436 14.4421 24.4958 0.366430 0.823980 0.364530 0.824580
4 38.0817 13.9332 23.5633 0.357102 0.823980 0.351049 0.824580
5 39.9349 14.4287 24.9201 0.354661 0.823980 0.352247 0.824580
6 40.0642 14.3274 25.1514 0.352818 0.823980 0.353484 0.824580
7 39.3484 14.1862 24.5745 0.353463 0.823980 0.355150 0.824580
8 39.4493 14.1772 24.6839 0.358245 0.823980 0.343315 0.824580
9 39.4850 14.2607 24.6434 0.311732 0.826497 0.337064 0.829063
10 38.7707 14.2659 23.9146 0.270368 0.849741 0.278355 0.852122
11 39.0706 14.1998 24.2738 0.243729 0.884646 0.195703 0.920977
12 41.6000 14.5149 26.5012 0.210738 0.905052 0.218003 0.898799
13 39.8540 14.1024 25.1747 0.171134 0.910202 0.189489 0.921457
14 40.2634 14.3488 25.3265 0.178413 0.914516 0.180697 0.922498
15 39.2426 14.2006 24.4532 0.162368 0.916055 0.194911 0.914652
16 38.5112 14.3926 23.5301 0.165874 0.917745 0.193043 0.914652
17 39.2715 14.0271 24.6506 0.158659 0.919675 0.200402 0.911449
18 39.6179 14.3099 24.7150 0.154539 0.921988 0.172796 0.924259
19 40.3784 14.3572 25.4330 0.156342 0.922309 0.172712 0.924259
20 41.1353 14.7995 25.7152 0.154922 0.922949 0.170729 0.925620
21 38.7403 14.0655 24.0845 0.151433 0.923936 0.167849 0.926821
22 40.0158 14.2063 25.2279 0.159841 0.923936 0.165661 0.927542
23 38.9135 14.0887 24.2340 0.150644 0.925537 0.162604 0.928903
24 38.2856 13.9505 23.7482 0.154320 0.925155 0.160154 0.930104
25 39.5565 14.3785 24.6002 0.152465 0.924603 0.182066 0.919616
26 37.3807 14.2709 22.5250 0.149456 0.923999 0.157001 0.932026
27 38.6444 14.2712 23.7928 0.142700 0.928322 0.154787 0.933387
28 37.3464 14.2350 22.5219 0.143788 0.927130 0.169820 0.926741
29 39.8124 14.3344 24.8904 0.145332 0.927646 0.148623 0.936669
30 38.5115 14.0871 23.8287 0.142043 0.929131 0.147259 0.936589
31 38.0063 14.4154 23.0030 0.139867 0.929665 0.145443 0.937870
32 38.0680 14.3514 23.1332 0.140034 0.929878 0.145082 0.937790
33 39.2287 14.2609 24.3860 0.137146 0.931026 0.143772 0.937390
34 39.1173 14.0938 24.4371 0.141586 0.930635 0.143056 0.937870
35 39.6108 14.2771 24.7497 0.133184 0.931907 0.142494 0.937870
36 40.3367 14.3549 25.3974 0.142083 0.931711 0.142765 0.937550
37 38.7973 13.9792 24.2383 0.131819 0.932574 0.141116 0.938431
38 39.4778 14.1965 24.6863 0.142569 0.932529 0.142952 0.937710
39 39.3068 14.1537 24.5707 0.132378 0.933152 0.141444 0.938591
40 39.0882 14.1046 24.3453 0.141279 0.933090 0.143485 0.938191
41 39.8782 14.3560 24.9412 0.130708 0.933668 0.140455 0.939231
42 39.1220 14.1573 24.3647 0.142136 0.933766 0.143683 0.937710
43 39.7130 14.1166 24.9766 0.130506 0.934246 0.140117 0.938991
44 42.7365 14.9818 27.1562 0.139166 0.934282 0.143379 0.938030
45 43.1648 15.6266 26.9118 0.128866 0.935109 0.138673 0.939872
46 42.9970 15.6370 26.7449 0.187327 0.917354 0.195889 0.922258
47 43.0919 15.3505 27.0891 0.199095 0.903166 0.211670 0.910408
48 43.8092 15.7304 27.4719 0.128210 0.923082 0.143540 0.937310
49 40.3183 14.3232 25.3988 0.126294 0.934726 0.141286 0.938911
