epoch time fwd_time bwd_time loss acc val_loss val_acc
0 41.0382 16.5439 23.9246 0.482629 0.823980 0.464830 0.824580
1 39.4526 14.3993 24.4759 0.477155 0.823980 0.464809 0.824580
2 39.3422 14.3386 24.4201 0.381427 0.823980 0.373433 0.824580
3 39.0893 14.2105 24.2965 0.370192 0.823980 0.371726 0.824580
4 39.9981 14.3115 25.1023 0.357858 0.823980 0.356365 0.824580
5 39.5147 14.2678 24.6698 0.355085 0.823980 0.353010 0.824580
6 40.3089 14.2925 25.4341 0.355483 0.823980 0.357828 0.824580
7 39.9873 14.2967 25.1099 0.365683 0.823980 0.351550 0.824580
8 39.8787 14.2774 25.0124 0.346893 0.825145 0.333807 0.810649
9 39.7499 14.2193 24.9542 0.454707 0.834654 0.446250 0.824580
10 40.6875 14.4254 25.6584 0.307102 0.844181 0.313741 0.828423
11 38.7887 14.1135 24.0896 0.203709 0.882271 0.285807 0.866053
12 39.0952 14.1494 24.3194 0.196083 0.903281 0.196762 0.916813
13 39.7757 14.4675 24.7254 0.173255 0.910914 0.180428 0.923619
14 40.7070 14.3160 25.7992 0.152537 0.915628 0.180796 0.921457
15 39.5940 14.1318 24.8465 0.162627 0.915993 0.175348 0.925460
16 39.5302 14.2750 24.6810 0.160427 0.919062 0.169468 0.927702
17 39.9402 14.3807 24.9728 0.160023 0.921357 0.180674 0.922418
18 39.6480 14.3285 24.7367 0.144625 0.923091 0.169960 0.924900
19 40.8070 14.7994 25.4072 0.163346 0.921793 0.167108 0.928022
20 38.8265 14.1418 24.1005 0.144130 0.922086 0.164151 0.929624
21 40.5676 14.3136 25.6840 0.143908 0.925902 0.161429 0.930745
22 39.6466 14.2779 24.7825 0.145335 0.920503 0.162078 0.931465
23 38.4545 14.0776 23.7923 0.139091 0.927859 0.158584 0.931145
24 37.6171 14.3360 22.6976 0.147791 0.926818 0.159420 0.930024
25 39.6591 14.3376 24.7465 0.154590 0.927245 0.154942 0.934668
26 39.3721 14.2889 24.5078 0.153648 0.928509 0.177448 0.926261
27 40.0650 14.3595 25.1186 0.161257 0.928455 0.154194 0.935629
28 38.5531 14.0721 23.9089 0.138657 0.927948 0.151799 0.933947
29 39.0389 14.2158 24.2436 0.129405 0.931764 0.146722 0.938191
30 40.4643 14.3899 25.4871 0.133079 0.929905 0.151444 0.935869
31 37.9841 14.1437 23.2484 0.138399 0.927397 0.151646 0.935548
32 40.0347 14.2259 25.1842 0.162887 0.926996 0.153932 0.936029
33 39.2907 14.1373 24.5735 0.137294 0.934068 0.144050 0.938351
34 39.0185 14.0415 24.3972 0.144343 0.929674 0.140721 0.940673
35 39.1935 14.2372 24.3853 0.139457 0.936167 0.144723 0.938511
36 39.3492 14.1058 24.6561 0.125294 0.935100 0.134975 0.943235
37 40.4877 14.3404 25.5648 0.142270 0.932405 0.146388 0.937790
38 40.6997 14.5827 25.5309 0.132056 0.935634 0.166848 0.925941
39 39.6866 14.1728 24.8802 0.128924 0.935643 0.162192 0.932666
40 40.1462 14.3480 25.2172 0.119402 0.939085 0.127494 0.946998
41 39.1684 14.2451 24.3314 0.124326 0.937359 0.132222 0.943795
42 40.1493 14.3060 25.2591 0.117303 0.936319 0.124167 0.948439
43 42.4026 14.8645 26.9450 0.122388 0.941887 0.117725 0.950681
44 43.0817 15.2656 27.2015 0.114051 0.947847 0.111408 0.952362
45 41.6218 14.6247 26.4116 0.118078 0.939663 0.139365 0.943875
46 39.3591 14.0371 24.6942 0.117236 0.940935 0.132967 0.943635
47 39.5529 14.1255 24.8485 0.114128 0.949928 0.107744 0.955004
48 41.8964 14.7481 26.5553 0.119570 0.942501 0.124605 0.951081
49 40.7759 14.4335 25.7665 0.120907 0.951458 0.128663 0.946197
