epoch time fwd_time bwd_time loss acc val_loss val_acc
0 42.1377 16.7103 24.8490 0.480287 0.823820 0.464780 0.824580
1 38.5068 14.3758 23.5507 0.476853 0.823980 0.464764 0.824580
2 38.5350 14.4161 23.5230 0.378528 0.823980 0.366345 0.824580
3 39.3384 14.4405 24.3087 0.361545 0.823980 0.364167 0.824580
4 39.3438 14.2897 24.4667 0.357485 0.823980 0.353080 0.824580
5 39.3159 14.2169 24.5118 0.356083 0.823980 0.355297 0.824580
6 40.2676 14.3851 25.2992 0.353285 0.823980 0.352878 0.824580
7 40.5818 14.3271 25.6730 0.353924 0.823980 0.354707 0.824580
8 39.3715 14.2335 24.5535 0.359026 0.823980 0.333305 0.824580
9 41.4625 14.4908 26.3801 0.333763 0.834307 0.336005 0.829303
10 40.2357 14.3631 25.2907 0.421582 0.841548 0.241699 0.901361
11 39.9141 14.1986 25.0739 0.258063 0.876258 0.261465 0.887910
12 40.3668 14.3194 25.4627 0.199429 0.902401 0.199682 0.918014
13 40.8328 14.4055 25.8389 0.160400 0.909250 0.204202 0.906005
14 40.6179 14.4040 25.5865 0.173627 0.913467 0.218124 0.904884
15 40.4352 14.2147 25.6349 0.176246 0.916126 0.185563 0.922338
16 40.4234 14.2554 25.5849 0.168619 0.919444 0.171988 0.925140
17 40.4575 14.3282 25.5373 0.178698 0.920681 0.200843 0.912810
18 38.8391 14.2639 23.9819 0.155703 0.921401 0.186015 0.919456
19 38.4118 14.1559 23.6688 0.148695 0.921455 0.178416 0.924580
20 38.8443 14.1414 24.1156 0.150212 0.923002 0.163176 0.929384
21 40.3594 14.3932 25.3896 0.154780 0.923927 0.158791 0.932266
22 41.3417 14.6228 26.1291 0.148148 0.925653 0.176969 0.924339
23 37.5409 14.0281 22.9209 0.145261 0.926276 0.155585 0.933147
24 39.5251 14.2493 24.6901 0.148526 0.926676 0.155304 0.934027
25 39.5910 14.4637 24.5467 0.147337 0.928055 0.150211 0.936829
26 39.8854 14.2803 25.0262 0.144552 0.930083 0.145752 0.938751
27 39.3667 14.0202 24.7662 0.148657 0.929256 0.147971 0.936269
28 39.6038 14.3832 24.6363 0.140653 0.932458 0.141910 0.939552
29 40.5162 14.3492 25.5811 0.132354 0.932929 0.138566 0.941553
30 38.7102 13.9920 24.1302 0.128712 0.932378 0.134929 0.943074
31 40.2896 14.3648 25.2849 0.128629 0.937110 0.125984 0.947398
32 39.0994 14.0886 24.4304 0.118353 0.941140 0.118672 0.949480
33 39.2380 14.2355 24.4220 0.116278 0.947198 0.117209 0.952122
34 40.4119 14.2143 25.6163 0.119482 0.946121 0.107530 0.955645
35 41.1034 14.3928 26.1189 0.110518 0.946299 0.139219 0.944355
36 39.0109 14.0855 24.3319 0.131014 0.948220 0.101260 0.958046
37 40.9109 14.4329 25.8864 0.130001 0.949991 0.100845 0.958207
38 40.7337 14.3850 25.7165 0.128264 0.951120 0.102330 0.958046
39 39.5476 14.3853 24.5782 0.120128 0.951574 0.103149 0.958287
40 39.5858 14.2544 24.7493 0.114602 0.952045 0.104557 0.957086
41 37.9440 14.0627 23.3026 0.112417 0.952339 0.104287 0.957006
42 40.5439 14.3529 25.5951 0.110393 0.952561 0.104983 0.956605
43 39.3355 14.1282 24.6298 0.109537 0.952837 0.105199 0.957166
44 40.4911 14.2816 25.6269 0.118839 0.953104 0.100892 0.957966
45 38.0053 14.0101 23.3684 0.128348 0.953905 0.099595 0.958367
46 36.7533 13.9632 22.2058 0.120027 0.952944 0.100113 0.957886
47 39.5726 14.2585 24.7334 0.117345 0.954874 0.107436 0.957566
48 39.1580 14.3622 24.2114 0.123097 0.953718 0.099340 0.958287
49 38.6398 14.0974 23.9596 0.108359 0.955203 0.114879 0.954604
