epoch time fwd_time bwd_time loss acc val_loss val_acc
0 42.1495 17.1001 24.4631 0.476719 0.811758 0.464895 0.824580
1 40.5626 14.7565 25.2131 0.476434 0.823980 0.464717 0.824580
2 42.5567 14.9953 26.9635 0.397031 0.823980 0.398831 0.824580
3 41.5460 15.0521 25.8816 0.359396 0.823980 0.352782 0.824580
4 40.6976 14.6161 25.4848 0.356102 0.823980 0.350412 0.824580
5 39.0839 14.4454 24.0460 0.352542 0.823980 0.348943 0.824580
6 38.0807 14.0659 23.4285 0.360705 0.823980 0.354331 0.824580
7 38.4842 14.3038 23.5888 0.270889 0.832172 0.289232 0.827142
8 37.9764 14.1326 23.2604 0.297281 0.836949 0.291253 0.876541
9 39.9398 14.3989 24.9554 0.209249 0.887492 0.272771 0.866693
10 39.4982 14.3941 24.4713 0.198021 0.900364 0.232228 0.891753
11 38.6012 14.2389 23.7727 0.192404 0.908503 0.232725 0.888231
12 40.2198 14.4715 25.1584 0.168115 0.910834 0.198883 0.910809
13 38.6592 14.0872 23.9492 0.166103 0.915788 0.182913 0.921377
14 38.3993 14.3155 23.5022 0.160546 0.918902 0.168936 0.930104
15 39.4383 14.2796 24.5733 0.170473 0.923830 0.184534 0.926741
16 38.9025 14.0804 24.2324 0.158756 0.928277 0.150292 0.937150
17 39.3791 14.3904 24.4055 0.152065 0.931444 0.144928 0.940192
18 39.6638 14.4089 24.6644 0.140586 0.934166 0.141793 0.942274
19 38.4729 14.3152 23.5653 0.143847 0.937012 0.141053 0.941473
20 37.8773 14.0293 23.2593 0.141309 0.939628 0.140986 0.939952
21 40.1457 14.4289 25.1239 0.137847 0.940998 0.142474 0.938751
22 39.4750 14.2381 24.6474 0.154813 0.942901 0.126894 0.947958
23 39.7527 14.3070 24.8625 0.155800 0.944404 0.125693 0.947638
24 38.9148 14.2934 24.0454 0.160812 0.945712 0.124962 0.948118
25 38.1179 14.0033 23.5295 0.161172 0.945596 0.133400 0.943315
26 38.5755 14.3562 23.6275 0.133645 0.947064 0.136032 0.943475
27 40.1755 14.3242 25.2694 0.156372 0.948434 0.139827 0.941313
28 39.2778 14.3806 24.3032 0.125260 0.948212 0.123462 0.948118
29 38.3225 14.0866 23.6456 0.110372 0.949911 0.107694 0.954764
30 39.7097 14.0931 24.9916 0.130486 0.949875 0.107644 0.957326
31 39.4532 14.3113 24.5523 0.111903 0.951663 0.104739 0.956845
32 39.4684 14.2651 24.6180 0.136460 0.952152 0.106372 0.955965
33 38.9877 14.2585 24.1360 0.137261 0.946735 0.110730 0.956045
34 38.9677 14.0593 24.3160 0.119243 0.949279 0.120456 0.950360
35 39.9196 14.4296 24.9041 0.113599 0.952846 0.121899 0.950120
36 39.5104 14.2722 24.6574 0.113794 0.950231 0.123298 0.949400
37 38.5321 13.9779 23.9279 0.145514 0.949893 0.110940 0.956605
38 40.7782 14.3765 25.8126 0.143698 0.950711 0.113019 0.953323
39 38.8637 14.0488 24.2243 0.133463 0.951449 0.108204 0.957406
40 38.1719 14.0784 23.5019 0.123380 0.953727 0.117297 0.951481
41 40.2408 14.4062 25.2423 0.120966 0.955951 0.102635 0.958367
42 38.7606 14.0365 24.1350 0.112447 0.955159 0.122364 0.949720
43 40.0566 14.3323 25.1235 0.140569 0.955568 0.105651 0.956205
44 39.6135 14.3395 24.6471 0.147910 0.955515 0.107261 0.955084
45 39.8388 14.4073 24.8531 0.132701 0.955773 0.116769 0.951401
46 39.0491 14.1173 24.3401 0.137579 0.955915 0.102920 0.957486
47 39.5971 14.4017 24.6126 0.131477 0.950809 0.106162 0.958447
48 39.6034 14.0549 24.9627 0.120067 0.954100 0.105705 0.956605
49 39.9449 14.3112 25.0487 0.120350 0.956458 0.100870 0.958367
