epoch time fwd_time bwd_time loss acc val_loss val_acc
0 43.8441 17.3230 25.9408 0.483444 0.815369 0.464812 0.824580
1 40.4763 14.3090 25.5740 0.476817 0.823980 0.464998 0.824580
2 39.6007 14.1060 24.8781 0.378929 0.823980 0.379531 0.824580
3 40.1473 14.2409 25.3182 0.359348 0.823980 0.352766 0.824580
4 39.7132 14.0739 25.0455 0.356562 0.823980 0.351731 0.824580
5 39.0738 14.1665 24.3241 0.353664 0.823980 0.350527 0.824580
6 40.0875 14.3027 25.1944 0.366491 0.823980 0.346226 0.824580
7 39.8493 14.3589 24.9088 0.302447 0.832466 0.352788 0.828983
8 41.8300 14.9645 26.2541 0.329773 0.842117 0.260304 0.894155
9 40.3800 14.6006 25.1723 0.230109 0.869088 0.224879 0.904404
10 40.8026 14.8177 25.3945 0.215387 0.891219 0.237461 0.891273
11 41.5843 15.1415 25.8452 0.194845 0.903086 0.191913 0.917854
12 42.9859 15.3016 27.0753 0.186243 0.903513 0.229532 0.892794
13 42.1764 15.0130 26.5493 0.176486 0.909811 0.190433 0.919295
14 42.0537 14.9584 26.4877 0.179736 0.912968 0.181006 0.921537
15 42.0829 15.1445 26.3313 0.165361 0.915228 0.190575 0.916813
16 41.5913 14.7889 26.2155 0.172014 0.916651 0.181884 0.923699
17 41.9477 14.8391 26.5095 0.164616 0.918368 0.177219 0.922578
18 41.9172 14.7916 26.5359 0.159898 0.919498 0.189290 0.916813
19 41.1226 14.7644 25.7601 0.163993 0.919008 0.173089 0.924019
20 40.4298 14.6067 25.2253 0.151388 0.922771 0.170905 0.924820
21 40.7763 14.5117 25.6172 0.160756 0.922735 0.172447 0.925140
22 40.7605 14.4925 25.6839 0.149718 0.923118 0.166917 0.927222
23 40.0356 14.4463 25.0047 0.148631 0.921784 0.164540 0.928743
24 39.7886 14.3413 24.8572 0.146662 0.925689 0.164354 0.928343
25 39.0398 14.2332 24.2173 0.147654 0.924550 0.181838 0.920336
26 38.5679 14.1020 23.8828 0.146440 0.924168 0.159192 0.931705
27 39.4650 14.2848 24.5944 0.144625 0.926827 0.156423 0.932266
28 38.0904 14.1240 23.3933 0.142715 0.924915 0.158016 0.932026
29 39.5354 14.1217 24.8188 0.141393 0.927904 0.155990 0.932426
30 40.2770 14.3413 25.3476 0.140595 0.925724 0.156983 0.932666
31 40.1403 14.2420 25.3116 0.142261 0.927583 0.151515 0.935228
32 39.8452 14.4131 24.8501 0.137927 0.927325 0.152709 0.934908
33 38.6399 14.0708 23.9789 0.136988 0.928224 0.149672 0.936429
34 38.5379 14.1044 23.8453 0.135229 0.929211 0.146921 0.937790
35 38.7779 14.0971 24.0974 0.135053 0.930305 0.145783 0.938271
36 37.8692 14.1415 23.1478 0.147734 0.930216 0.151873 0.937950
37 40.4686 14.5627 25.3052 0.129673 0.932849 0.141033 0.938351
38 39.8802 14.3824 24.9100 0.129008 0.932173 0.135527 0.941233
39 39.4289 14.4012 24.4406 0.134476 0.940971 0.117616 0.949159
40 39.8348 14.2372 25.0200 0.129168 0.936719 0.134366 0.945396
41 37.9541 13.9946 23.3188 0.119625 0.945080 0.132621 0.946998
42 38.4286 14.0368 23.8102 0.112392 0.949484 0.124327 0.949880
43 37.9726 13.9875 23.3988 0.112559 0.947117 0.120711 0.951161
44 40.0152 14.4583 24.9336 0.110589 0.950471 0.124613 0.948679
45 39.0523 14.1736 24.2909 0.112150 0.948114 0.122550 0.949480
46 39.3484 14.4460 24.3152 0.128408 0.949546 0.127725 0.945476
47 40.3524 14.3367 25.4318 0.109280 0.949546 0.130825 0.944756
48 39.8279 14.4035 24.8017 0.109819 0.950765 0.126125 0.946117
49 39.6337 14.3315 24.7202 0.111586 0.951432 0.126534 0.945717
