epoch time fwd_time bwd_time loss acc val_loss val_acc
0 41.4122 16.6802 24.1164 0.479588 0.818358 0.465360 0.824580
1 39.9195 14.3574 24.9744 0.477216 0.823980 0.465505 0.824580
2 40.1549 14.3538 25.2157 0.384177 0.823980 0.379727 0.824580
3 40.5138 14.3846 25.5386 0.402633 0.823980 0.382780 0.824580
4 40.1597 14.3318 25.2484 0.355460 0.823980 0.351241 0.824580
5 39.9242 14.3646 24.9836 0.353297 0.823980 0.350847 0.824580
6 38.8495 14.1236 24.1287 0.349622 0.823980 0.348120 0.824580
7 38.6168 13.9947 24.0428 0.351477 0.823980 0.351954 0.824580
8 39.7124 14.2441 24.8799 0.357120 0.823980 0.340447 0.824580
9 40.1394 14.4047 25.1421 0.340171 0.825830 0.338014 0.827782
10 39.8471 14.1064 25.1586 0.290185 0.836362 0.373871 0.831145
11 40.0253 14.3014 25.1427 0.201527 0.865361 0.229922 0.901922
12 40.4114 14.3935 25.4245 0.213126 0.889565 0.244007 0.892074
13 40.3642 14.4134 25.3585 0.201371 0.902036 0.195912 0.920977
14 40.5863 14.2835 25.7125 0.184769 0.906777 0.210231 0.901521
15 40.0644 14.2120 25.2574 0.183246 0.913226 0.181016 0.923459
16 38.3138 14.1575 23.5777 0.155034 0.915690 0.179871 0.923219
17 38.6208 14.1618 23.8760 0.169510 0.915566 0.181703 0.919295
18 40.0606 14.3524 25.1211 0.167442 0.919595 0.180060 0.920096
19 38.7989 14.1268 24.0389 0.172613 0.918661 0.188740 0.920657
20 39.8951 14.4615 24.8395 0.163597 0.921908 0.173715 0.923459
21 40.6213 14.3679 25.6632 0.148472 0.922824 0.164720 0.929063
22 40.5420 14.2210 25.7399 0.160539 0.921223 0.162425 0.930825
23 39.6965 14.4104 24.6933 0.149602 0.923714 0.159075 0.931705
24 40.2015 14.2533 25.3643 0.157157 0.922406 0.159728 0.931865
25 40.2211 14.2609 25.3685 0.156568 0.923412 0.158132 0.932506
26 39.9423 14.4094 24.9532 0.154819 0.924426 0.157099 0.932106
27 39.8621 14.2612 25.0188 0.149658 0.925475 0.156181 0.934107
28 39.8730 14.3526 24.9390 0.152774 0.925217 0.155587 0.932586
29 39.7273 14.3035 24.8273 0.145498 0.926311 0.154493 0.934347
30 39.4692 14.1769 24.6980 0.155427 0.923901 0.190601 0.919936
31 39.2838 14.1387 24.5617 0.136960 0.927886 0.149725 0.936429
32 39.3014 14.2163 24.5033 0.139110 0.926712 0.151458 0.934508
33 39.9282 14.3425 25.0041 0.146314 0.930510 0.158966 0.931785
34 38.0322 13.9544 23.5022 0.134251 0.930412 0.144270 0.937550
35 40.0291 14.3071 25.1314 0.135100 0.930288 0.142505 0.937790
36 39.8436 14.3485 24.9037 0.135221 0.931026 0.145169 0.937630
37 39.7550 14.4079 24.7634 0.136072 0.930652 0.144256 0.936509
38 38.2775 14.0974 23.6005 0.146332 0.932725 0.152925 0.933467
39 39.9900 14.3583 25.0036 0.141730 0.932280 0.174248 0.919856
40 40.0146 14.3161 25.1176 0.142988 0.930901 0.150051 0.935548
41 39.4205 14.2638 24.5705 0.144004 0.933534 0.158864 0.930745
42 39.1102 14.2304 24.2615 0.134522 0.931729 0.142707 0.938431
43 39.4316 14.1035 24.7388 0.133628 0.933481 0.139068 0.938831
44 39.2716 14.2828 24.3938 0.133733 0.932200 0.143439 0.938191
45 38.4358 14.2038 23.6520 0.132751 0.933588 0.138143 0.939071
46 38.3064 13.9622 23.7181 0.133038 0.933001 0.141365 0.938431
47 38.2376 14.0676 23.5900 0.132707 0.933232 0.146969 0.936349
48 40.1198 14.3432 25.1894 0.133056 0.933579 0.153431 0.933147
49 38.4260 14.0058 23.8350 0.134487 0.933668 0.140480 0.938351
