epoch time fwd_time bwd_time loss acc val_loss val_acc
0 40.6395 16.6642 23.4094 0.480681 0.823980 0.465089 0.824580
1 38.8595 14.4128 23.8562 0.461231 0.823980 0.432965 0.824580
2 38.9400 14.0204 24.3337 0.375660 0.823980 0.364368 0.824580
3 39.2851 14.2853 24.4040 0.356286 0.823980 0.350802 0.824580
4 39.9629 14.2784 25.1064 0.352728 0.823980 0.351722 0.824580
5 39.6407 14.3707 24.6764 0.348521 0.823980 0.350734 0.824580
6 39.8318 14.3544 24.8943 0.309538 0.824692 0.322617 0.835869
7 40.2827 14.3265 25.3669 0.316940 0.835686 0.298616 0.828343
8 39.6686 14.4412 24.6313 0.251189 0.877396 0.228943 0.904804
9 39.9363 14.2984 25.0475 0.217650 0.893603 0.257690 0.876061
10 39.3611 14.1543 24.6193 0.161924 0.910478 0.184288 0.921297
11 40.2178 14.5446 25.0830 0.159567 0.914356 0.198599 0.908887
12 38.7597 14.1649 23.9981 0.154313 0.917683 0.168106 0.925540
13 38.4506 14.0249 23.8311 0.156274 0.920627 0.189143 0.914652
14 40.2081 14.2582 25.3649 0.142781 0.923260 0.164483 0.927462
15 40.3954 14.2554 25.5568 0.141466 0.925813 0.160284 0.929384
16 39.6399 14.4312 24.6074 0.139863 0.927076 0.151032 0.933867
17 38.1875 13.9469 23.6555 0.145166 0.927352 0.153867 0.934187
18 39.6521 14.3358 24.6940 0.136777 0.929193 0.159448 0.929544
19 40.3006 14.3103 25.4034 0.136432 0.929852 0.158712 0.930024
20 38.3279 14.0391 23.6960 0.134675 0.930332 0.145214 0.936269
21 40.5017 14.3912 25.5224 0.134753 0.930759 0.156766 0.931545
22 38.4607 14.0011 23.8650 0.136054 0.931453 0.145337 0.937070
23 38.6820 13.9893 24.1111 0.133335 0.931266 0.143460 0.937870
24 40.0844 14.2256 25.2857 0.135671 0.932004 0.144290 0.937710
25 41.0353 14.2809 26.1692 0.138215 0.931275 0.143472 0.937550
26 39.5068 13.9595 24.9605 0.130586 0.933703 0.142921 0.937470
27 40.4896 14.2407 25.6571 0.130651 0.934406 0.140570 0.939231
28 39.3735 14.0627 24.7323 0.128765 0.933614 0.141071 0.938030
29 39.2729 14.1219 24.5597 0.121273 0.933881 0.139747 0.942434
30 40.8820 14.4096 25.8760 0.110091 0.944529 0.113119 0.954684
31 39.6962 14.1786 24.9241 0.116712 0.948665 0.106814 0.955324
32 40.1600 14.3177 25.2561 0.097227 0.952633 0.111157 0.953563
33 38.8085 14.1428 24.0822 0.099950 0.951076 0.104012 0.957006
34 38.1837 14.0948 23.4967 0.106700 0.953264 0.103124 0.957486
35 38.1740 14.1590 23.4264 0.099815 0.955443 0.112472 0.952762
36 38.8127 14.1180 24.1080 0.099833 0.955034 0.113396 0.952842
37 38.9323 14.2169 24.1343 0.100608 0.954732 0.113648 0.953243
38 39.6889 14.3149 24.7437 0.109049 0.951031 0.123186 0.949960
39 38.6510 14.0787 23.9869 0.110864 0.952962 0.102666 0.958687
40 38.4606 14.2034 23.6782 0.099776 0.954803 0.108859 0.954764
41 39.5154 14.0770 24.8198 0.111812 0.953522 0.104561 0.957806
42 39.7872 14.2378 24.9704 0.109215 0.954011 0.112198 0.954844
43 40.0551 14.3351 25.1357 0.103369 0.953994 0.116760 0.951641
44 39.3201 14.0929 24.6439 0.102596 0.955248 0.100701 0.958527
45 38.6416 14.0819 23.9341 0.100529 0.955524 0.099564 0.959327
46 38.8465 14.1159 24.1540 0.100477 0.955372 0.101386 0.959408
47 39.1459 14.1662 24.3910 0.102274 0.955435 0.104759 0.956926
48 39.9776 14.2418 25.1485 0.112919 0.955417 0.098481 0.958847
49 39.6423 14.0484 25.0071 0.097140 0.955790 0.106336 0.956525
