epoch time fwd_time bwd_time loss acc val_loss val_acc
0 39.8718 16.6639 22.6271 0.477155 0.817896 0.465633 0.824580
1 37.3408 14.1346 22.6063 0.477143 0.823980 0.465545 0.824580
2 37.6122 14.0511 22.9727 0.476994 0.823980 0.465234 0.824580
3 38.3247 14.0468 23.6914 0.380879 0.823980 0.372279 0.824580
4 39.8373 14.2996 24.9525 0.365519 0.823980 0.371588 0.824580
5 39.4227 14.4776 24.3604 0.360597 0.823980 0.363580 0.824580
6 38.9912 14.2550 24.1466 0.358210 0.823980 0.361927 0.824580
7 40.2280 14.3644 25.2742 0.357418 0.823980 0.361337 0.824580
8 40.6801 14.3375 25.7536 0.367230 0.823686 0.349067 0.823299
9 39.9102 14.2630 25.0639 0.393226 0.836629 0.377784 0.824580
10 39.8179 14.3222 24.9068 0.334857 0.844323 0.329281 0.824580
11 40.2798 14.0364 25.6549 0.201752 0.862443 0.216787 0.907366
12 39.4810 14.1224 24.7828 0.176754 0.898104 0.217441 0.903122
13 38.5008 13.9891 23.9199 0.189936 0.907640 0.192165 0.915853
14 38.4530 14.0392 23.8326 0.171994 0.912257 0.189873 0.915933
15 40.3732 14.4149 25.3718 0.167274 0.913057 0.185543 0.917134
16 39.0079 13.9837 24.4415 0.165988 0.917034 0.174155 0.924740
17 39.6762 14.3389 24.7158 0.151133 0.920948 0.175921 0.923539
18 39.6302 14.2216 24.8270 0.146146 0.921624 0.162179 0.930985
19 39.7771 14.3463 24.8429 0.150665 0.924025 0.166293 0.926341
20 39.4720 14.2794 24.6083 0.150898 0.925644 0.161399 0.930504
21 40.1256 14.3670 25.1643 0.139278 0.929007 0.150314 0.934588
22 40.2560 14.3807 25.2940 0.138215 0.929336 0.150497 0.935308
23 37.8803 13.9618 23.3301 0.137139 0.930092 0.150360 0.935148
24 39.0227 13.9694 24.4751 0.137194 0.930795 0.150157 0.936029
25 38.3400 14.0085 23.7491 0.135599 0.931204 0.145641 0.936429
26 38.9252 14.3028 24.0409 0.136898 0.931195 0.147004 0.935789
27 39.8278 14.4024 24.8398 0.134589 0.933161 0.143548 0.936990
28 37.9528 14.0752 23.2861 0.135005 0.932565 0.144096 0.937470
29 37.6081 13.9845 23.0403 0.134819 0.933365 0.143583 0.937150
30 39.9448 14.2791 25.0792 0.134773 0.933499 0.143215 0.937550
31 38.4227 14.1072 23.7296 0.134758 0.933792 0.141386 0.938030
32 39.2104 14.1018 24.5242 0.134032 0.934006 0.140882 0.938911
33 38.8589 14.0041 24.2742 0.133490 0.934006 0.140976 0.938351
34 38.5267 14.0901 23.8484 0.133316 0.934557 0.140769 0.938511
35 40.1823 14.3967 25.1928 0.133166 0.934824 0.140247 0.938511
36 38.9569 13.9740 24.4014 0.133030 0.935162 0.139743 0.938751
37 40.3115 14.4089 25.2734 0.132897 0.935545 0.139301 0.939311
38 39.0589 14.1202 24.3497 0.132499 0.935518 0.139068 0.939552
39 40.2465 14.2777 25.3869 0.132287 0.935856 0.138708 0.939472
40 39.9797 14.0751 25.2836 0.131963 0.935963 0.138556 0.939392
41 40.1400 14.3148 25.2340 0.131660 0.936078 0.138327 0.939712
42 40.6269 14.3683 25.6703 0.131541 0.936408 0.137947 0.939712
43 39.3955 14.0150 24.7975 0.131125 0.936345 0.137719 0.939632
44 40.4284 14.4108 25.3830 0.130954 0.936639 0.137349 0.940112
45 38.6681 13.9234 24.1660 0.130664 0.936843 0.137131 0.940272
46 40.2411 14.1895 25.4575 0.130356 0.937004 0.136890 0.940753
47 40.0096 14.4433 24.9800 0.130027 0.937119 0.136632 0.940673
48 40.4641 14.3332 25.5361 0.129692 0.937155 0.136401 0.940833
49 40.2331 14.3069 25.3431 0.129371 0.937217 0.136177 0.941073
